Ant57,Ant260,Ant52,Ant397,Ant540,Ant929,Ant2,Ant6,Ant7,Ant9,Ant14,Ant19,Ant24,Ant26,Ant30,Ant38,Ant60,Ant64,Ant72,Ant74,Ant102,Ant158,Ant161,Ant196,Ant202,Ant209,Ant227,Ant237,Ant245,Ant252,Ant268,Ant308,Ant311,Ant534,Ant604,Ant620,Ant646,Ant673,Ant740,Ant838,Ant954,Ant0,Ant1,Ant12,Ant13,Ant17,Ant20,Ant23,Ant27,Ant29,Ant35,Ant42,Ant43,Ant48,Ant49,Ant51,Ant54,Ant55,Ant62,Ant63,Ant66,Ant68,Ant70,Ant80,Ant82,Ant91,Ant96,Ant97,Ant98,Ant100,Ant109,Ant113,Ant115,Ant118,Ant120,Ant124,Ant126,Ant127,Ant131,Ant135,Ant137,Ant139,Ant140,Ant144,Ant147,Ant149,Ant153,Ant156,Ant159,Ant169,Ant170,Ant172,Ant174,Ant175,Ant176,Ant186,Ant190,Ant195,Ant198,Ant206,Ant207,Ant210,Ant212,Ant215,Ant219,Ant229,Ant232,Ant242,Ant250,Ant255,Ant257,Ant261,Ant262,Ant263,Ant264,Ant289,Ant296,Ant299,Ant301,Ant305,Ant313,Ant318,Ant324,Ant326,Ant331,Ant332,Ant334,Ant342,Ant353,Ant356,Ant376,Ant380,Ant387,Ant391,Ant395,Ant433,Ant437,Ant458,Ant462,Ant476,Ant482,Ant492,Ant501,Ant507,Ant509,Ant530,Ant549,Ant552,Ant560,Ant564,Ant576,Ant592,Ant593,Ant599,Ant600,Ant607,Ant610,Ant614,Ant621,Ant635,Ant638,Ant647,Ant650,Ant665
0,0,6,0,12,7,1,0,0,14,2,0,2,15,0,0,0,1,7,14,36,0,8,4,0,0,1,0,6,8,3,1,0,5,3,20,0,0,0,6,0,3,0,4,6,0,0,0,3,0,0,0,0,0,0,10,3,0,10,1,0,14,1,0,0,26,0,15,6,0,33,0,4,0,12,7,18,14,14,0,2,5,21,2,0,0,3,4,0,0,9,0,8,0,3,0,2,0,0,0,1,7,2,13,1,9,7,38,7,0,0,19,5,30,4,11,4,10,0,12,2,14,0,0,0,0,0,0,0,19,0,0,1,22,3,2,0,6,0,32,6,0,0,0,9,6,0,1,0,8,0,0,4,0,0,0,1,0,0,10,8,0,0,11
0,0,0,10,1,0,3,59,8,0,4,0,3,0,7,18,34,0,4,0,0,0,0,20,15,0,1,48,0,2,1,8,5,0,25,3,19,0,1,0,2,0,32,4,0,6,7,15,1,22,37,20,27,22,9,0,0,13,0,1,6,0,2,2,7,0,2,0,0,6,0,5,1,21,0,1,0,0,0,4,9,0,3,4,21,36,3,0,13,10,0,17,1,16,0,27,2,7,6,33,14,5,13,0,10,0,6,0,0,3,27,0,0,3,0,0,4,0,2,5,6,0,3,10,11,17,0,18,9,1,28,0,0,1,0,5,42,0,12,0,3,21,5,0,6,1,13,2,17,0,2,6,0,21,4,30,25,4,32,5,2,15,2,0
6,0,0,0,0,2,0,0,0,7,6,18,0,3,0,0,0,0,7,29,3,14,0,1,1,6,9,0,4,10,3,3,1,13,1,11,0,11,0,9,0,6,0,3,12,0,1,0,0,7,0,0,0,1,0,17,9,0,13,2,0,6,0,3,0,27,4,10,9,1,22,0,1,0,4,4,5,16,2,0,0,3,29,1,0,5,17,6,3,0,12,0,8,0,0,0,8,0,0,5,1,2,0,14,1,0,22,12,6,0,0,16,5,10,7,7,12,0,0,0,5,24,0,0,0,0,0,0,2,14,2,0,4,8,2,2,0,0,0,3,6,0,0,0,7,9,0,0,2,7,19,4,10,0,2,0,0,4,0,4,20,0,1,10
0,10,0,0,4,10,4,9,11,0,13,2,24,0,5,12,3,0,5,0,0,0,2,14,17,0,6,0,0,12,0,11,10,0,5,7,3,0,25,0,15,0,1,1,0,0,16,5,1,21,0,3,21,3,16,0,2,2,0,2,25,2,5,0,3,0,5,9,5,20,0,10,18,4,0,16,0,0,0,2,8,21,0,16,0,13,4,0,23,2,0,17,0,21,0,14,0,16,0,12,12,3,2,1,14,0,6,0,0,0,8,1,3,4,1,5,1,0,9,0,7,11,0,0,12,23,13,3,1,4,12,0,0,2,0,24,0,1,9,5,1,10,0,0,0,1,6,13,8,0,0,13,2,12,18,6,21,20,14,1,0,5,8,0
12,1,0,4,0,5,13,9,6,0,9,3,5,7,20,0,0,0,7,2,1,0,7,26,6,2,2,0,0,1,13,11,3,3,12,3,3,10,10,2,6,0,0,3,0,0,1,1,3,8,4,0,41,17,9,0,0,0,0,0,10,2,0,13,20,5,7,21,14,26,5,19,23,4,1,4,1,9,7,3,14,7,7,0,0,17,6,0,29,5,4,0,2,2,1,12,8,0,58,0,5,4,7,3,3,0,11,7,0,15,3,4,14,1,22,0,11,0,9,35,9,3,10,0,4,3,0,0,12,1,9,0,15,7,5,2,12,15,9,5,8,9,0,0,11,1,11,22,5,0,21,2,0,7,7,15,38,4,11,7,0,0,33,0
7,0,2,10,5,0,22,2,0,17,2,8,3,11,0,0,0,13,44,27,32,16,24,0,4,12,13,0,23,9,6,10,0,20,22,6,0,20,1,25,1,0,0,1,17,0,9,0,37,3,0,2,0,0,7,12,9,0,6,7,0,10,7,32,4,34,24,38,15,5,31,4,1,0,22,4,11,11,0,0,11,32,1,4,0,0,4,5,5,0,38,0,20,0,20,0,16,0,0,3,0,10,0,2,9,55,4,4,7,1,0,43,29,0,3,8,4,18,0,0,1,13,0,0,0,4,3,0,1,54,1,0,10,0,5,17,1,11,3,0,4,0,0,0,22,18,0,2,0,14,7,2,0,2,6,0,11,13,0,9,7,0,10,9
1,3,0,4,13,22,0,3,0,1,2,3,2,2,5,0,10,3,14,0,0,1,0,15,7,2,11,0,3,0,4,15,14,4,4,6,0,27,5,7,5,1,0,13,9,0,1,14,0,13,2,8,4,13,13,0,18,2,0,0,6,4,4,22,16,2,7,4,3,4,0,17,8,13,2,2,5,1,2,1,9,12,3,2,0,0,2,0,16,1,2,3,4,3,0,15,0,0,6,3,3,0,16,0,3,1,1,20,0,2,0,0,4,2,7,15,4,3,7,9,8,18,21,2,9,2,0,0,2,0,5,0,12,1,6,9,10,5,4,3,14,5,0,5,35,1,6,5,11,2,6,1,0,6,10,3,0,14,7,5,0,3,9,4
0,59,0,9,9,2,3,0,9,0,6,2,10,2,15,18,17,0,2,0,0,0,8,17,30,0,1,0,0,3,3,5,3,0,1,2,11,2,14,0,4,0,0,2,0,0,8,7,1,19,25,46,11,9,13,0,0,15,0,7,8,0,5,10,6,0,1,4,4,4,0,18,11,12,0,6,0,2,1,11,3,12,0,2,2,16,0,0,8,14,0,12,3,20,0,82,0,16,3,25,4,1,9,4,6,0,0,2,0,4,7,0,1,3,4,4,17,0,10,2,9,0,0,23,16,14,3,0,16,0,28,0,5,1,1,2,7,0,4,0,20,24,0,0,13,0,11,16,34,0,0,3,0,7,9,1,15,17,9,0,0,11,4,3
0,8,0,11,6,0,0,9,0,0,0,0,0,0,6,10,1,0,0,0,0,0,0,27,3,0,4,39,0,3,0,2,0,0,0,0,2,0,0,0,4,0,22,3,0,4,0,2,0,0,17,2,17,24,5,0,0,18,0,0,16,0,0,0,3,0,4,2,0,8,0,2,5,15,0,3,0,0,0,10,3,8,0,0,13,38,1,0,0,5,0,0,0,1,0,61,1,0,8,2,14,0,18,0,0,0,5,0,0,2,2,0,0,0,0,0,12,0,14,0,5,0,0,14,4,23,15,18,4,0,20,0,0,1,0,0,2,0,0,0,6,8,5,0,0,0,22,2,1,0,3,6,0,0,5,28,0,16,9,0,0,2,5,0
14,0,7,0,0,17,1,0,0,0,0,6,0,0,0,0,0,17,23,15,65,34,7,0,0,0,0,0,25,0,0,0,2,8,4,11,0,3,0,4,0,10,0,0,1,0,0,0,38,0,0,0,0,0,0,38,7,0,13,0,0,11,3,1,2,18,0,9,14,0,12,0,0,0,1,0,0,0,2,0,4,2,0,0,0,0,0,6,0,0,28,0,9,0,22,0,5,0,0,0,0,0,0,1,0,9,1,17,23,0,0,56,1,0,1,8,0,11,0,0,0,9,0,0,0,0,4,0,0,8,0,0,7,2,18,0,0,10,0,11,0,0,0,5,0,4,0,1,0,2,0,0,2,0,0,0,1,0,0,0,6,0,0,4
2,4,6,13,9,2,2,6,0,0,0,1,1,4,4,7,1,0,0,0,0,0,23,13,9,0,5,0,0,5,0,11,18,0,7,5,3,0,5,0,8,0,0,0,0,0,12,7,5,21,1,6,3,1,14,0,0,1,0,2,1,0,2,0,0,0,3,0,0,9,0,0,0,10,0,1,0,0,0,0,11,12,0,1,0,9,9,0,7,0,3,8,1,0,0,11,0,3,0,8,7,2,2,1,9,0,7,0,0,0,0,1,4,0,0,1,0,0,2,5,6,2,0,0,0,1,4,0,1,0,2,0,1,0,0,5,0,5,1,2,5,8,0,0,13,1,3,21,9,0,0,0,6,5,3,0,0,8,1,8,0,0,7,3
0,0,18,2,3,8,3,2,0,6,1,0,21,4,0,0,0,11,0,15,2,0,7,2,4,6,5,0,3,12,4,0,12,0,10,2,4,0,0,11,0,4,0,6,2,0,3,0,5,7,0,1,0,2,0,0,4,0,0,6,0,4,9,17,18,35,22,12,13,5,5,2,5,0,5,0,0,6,21,0,5,26,10,9,0,6,5,8,5,0,1,1,3,1,8,2,6,0,0,15,3,6,6,19,4,0,9,0,0,1,0,10,26,5,5,9,1,15,2,1,5,19,0,0,3,10,5,0,8,2,3,0,10,11,4,2,0,5,1,7,14,10,0,0,12,12,0,7,3,5,8,1,27,3,2,0,5,5,1,7,4,0,4,11
2,3,0,24,5,3,2,10,0,0,1,21,0,0,0,13,2,0,1,0,0,0,3,27,7,1,1,0,0,0,0,4,2,0,0,0,0,1,43,0,5,0,0,0,0,0,2,1,0,2,0,16,6,6,9,0,0,0,0,23,3,1,0,0,0,5,3,2,2,7,0,14,2,0,0,4,0,0,2,10,0,14,0,1,0,0,0,0,0,6,0,16,0,16,0,47,0,6,5,2,7,7,2,0,11,1,0,0,0,11,1,0,2,3,4,0,15,1,16,3,11,1,0,2,23,11,8,0,6,0,5,0,0,0,1,6,0,0,5,0,0,9,0,0,0,2,6,6,9,0,0,8,3,10,12,0,25,6,9,0,0,4,9,0
15,0,3,0,7,11,2,2,0,0,4,4,0,0,0,3,0,0,20,1,21,4,7,4,0,18,11,0,0,5,2,0,4,0,13,8,0,11,0,0,1,0,0,1,5,0,3,0,14,0,0,0,0,0,1,7,9,0,9,5,0,0,4,12,4,5,1,7,10,6,17,0,0,0,3,4,24,34,1,0,5,17,15,7,0,5,24,1,0,0,15,0,18,0,7,0,9,0,0,3,4,30,0,28,8,2,12,9,2,0,0,6,16,6,10,11,0,3,1,3,1,37,0,0,0,0,0,0,1,6,0,0,17,6,10,4,0,18,0,4,5,0,0,4,11,7,0,5,1,10,4,4,15,1,1,0,1,1,1,7,1,0,0,34
0,7,0,5,20,0,5,15,6,0,4,0,0,0,0,0,24,0,0,0,0,0,0,8,3,0,2,70,0,0,1,0,1,0,0,0,7,1,0,0,9,0,28,1,0,0,1,7,0,1,25,2,18,22,18,0,1,13,0,0,0,0,3,0,21,0,0,21,0,13,0,5,24,4,1,1,0,0,0,0,1,11,0,1,35,5,0,0,15,60,0,3,0,2,0,17,0,2,7,0,2,0,6,0,0,0,0,0,0,0,5,3,0,0,1,0,3,0,2,16,0,0,3,7,3,0,1,3,1,0,9,0,2,0,0,0,10,0,0,0,1,2,2,0,0,0,30,4,12,0,0,0,0,7,3,10,0,4,13,4,0,5,14,0
0,18,0,12,0,0,0,18,10,0,7,0,13,3,0,0,5,0,2,0,0,0,1,14,12,0,0,3,0,2,0,0,5,0,2,2,6,0,5,0,3,0,0,0,0,0,3,2,0,7,1,20,1,6,6,0,0,4,0,2,7,0,2,1,0,0,2,6,0,15,0,4,4,1,0,2,0,0,0,9,0,6,0,1,4,8,12,0,0,3,0,15,0,7,0,14,0,18,0,6,3,0,3,0,2,0,3,1,0,3,3,0,0,0,1,0,14,0,5,0,16,0,0,0,18,23,9,0,0,0,19,0,2,0,0,1,6,0,0,3,4,5,1,0,0,4,9,7,14,0,0,7,0,19,5,2,6,7,13,2,0,10,0,0
0,34,0,3,0,0,10,17,1,0,1,0,2,0,24,5,0,0,0,0,0,0,1,8,31,0,0,15,0,1,0,3,2,0,0,0,9,0,3,0,4,0,21,2,0,1,3,20,0,5,32,3,20,18,13,0,1,2,0,0,0,2,0,0,5,0,2,2,1,9,0,9,8,15,0,4,0,0,0,11,0,6,0,0,40,38,0,0,7,50,0,21,0,24,0,23,0,4,16,0,11,0,4,0,0,0,2,0,0,0,5,0,0,0,0,0,1,0,11,2,4,0,0,7,25,2,1,27,4,0,39,0,0,5,0,5,26,0,0,1,4,8,9,0,5,0,30,12,3,0,1,0,0,9,0,35,3,6,5,0,0,23,1,1
1,0,0,0,0,13,3,0,0,17,0,11,0,0,0,0,0,0,1,6,32,21,0,0,0,2,6,0,18,0,0,0,0,1,4,8,0,13,0,4,0,1,0,0,2,0,0,0,16,0,0,0,0,0,0,44,16,0,3,0,0,7,0,2,12,14,1,9,17,0,6,0,0,0,23,3,0,7,5,0,1,6,9,0,0,0,2,22,5,0,20,0,3,0,23,0,0,0,0,0,0,0,0,7,0,0,6,10,13,0,0,24,2,0,0,0,2,18,0,0,0,25,0,0,0,0,0,0,1,18,0,0,5,0,0,0,0,0,0,29,5,0,0,22,71,21,0,0,0,1,7,0,0,2,0,0,0,0,0,0,19,0,0,1
7,4,7,5,7,44,14,2,0,23,0,0,1,20,0,2,0,1,0,8,17,24,9,12,0,11,0,0,14,14,1,12,1,9,13,12,0,4,0,4,11,0,0,3,12,0,6,0,18,7,0,7,1,1,4,13,7,1,0,3,4,1,12,7,5,15,2,8,13,0,7,4,3,0,18,0,1,3,9,3,13,42,4,11,0,0,1,10,4,0,19,1,20,0,17,3,11,0,0,32,3,9,1,5,1,4,6,2,19,1,0,27,17,0,11,24,1,15,4,0,4,3,0,0,0,1,2,0,0,4,1,0,13,3,8,9,0,5,7,9,0,0,0,0,50,6,0,10,0,2,2,0,2,2,0,0,5,8,4,8,6,2,2,3
14,0,29,0,2,27,0,0,0,15,0,15,0,1,0,0,0,6,8,0,6,63,8,0,0,11,4,0,12,0,0,0,0,0,9,9,0,2,0,23,1,24,0,2,18,0,0,0,35,0,0,0,0,1,0,146,5,0,9,3,0,13,12,1,0,50,1,0,29,0,15,0,0,0,3,3,1,0,6,0,3,15,18,2,0,0,0,26,2,0,35,0,61,0,4,0,0,0,0,4,2,1,0,6,8,9,2,12,111,0,0,35,6,3,0,63,3,21,0,0,0,16,0,0,0,0,5,0,0,6,0,0,0,30,41,0,0,33,0,95,0,0,0,8,33,17,0,2,0,10,20,0,4,0,0,0,2,2,0,0,28,0,6,3
36,0,3,0,1,32,0,0,0,65,0,2,0,21,0,0,0,32,17,6,0,20,4,0,3,7,0,0,35,10,9,0,0,12,0,14,0,7,1,12,0,4,0,1,6,0,2,0,27,4,0,0,0,0,0,26,2,0,23,0,0,16,0,12,3,12,13,1,19,0,24,2,0,0,41,4,12,16,25,1,6,2,26,3,0,8,14,33,0,0,36,0,30,0,13,0,3,0,0,0,0,1,0,3,0,18,5,19,21,0,0,29,3,12,2,20,0,32,1,2,3,7,0,0,0,0,0,0,0,34,0,0,3,21,23,0,0,11,0,19,1,0,0,32,7,34,0,0,0,3,19,0,3,0,0,0,0,1,0,24,17,0,0,18
0,0,14,0,0,16,1,0,0,34,0,0,0,4,0,0,0,21,24,63,20,0,0,0,0,11,3,0,20,0,0,0,0,8,0,22,0,0,0,12,0,5,0,0,13,0,0,0,17,0,0,0,0,0,0,45,23,0,16,0,0,2,0,0,0,7,0,0,2,0,13,0,0,0,8,0,3,0,13,0,7,4,17,0,0,0,0,20,0,0,52,0,13,0,11,0,0,0,0,0,0,0,0,4,3,4,2,25,3,0,0,38,0,0,0,0,0,10,0,0,0,1,0,0,0,0,0,0,0,22,0,0,1,1,6,2,0,3,0,3,1,0,0,16,18,1,0,0,0,1,2,0,0,0,0,0,0,0,0,0,13,0,0,3
8,0,0,2,7,24,0,8,0,7,23,7,3,7,0,1,1,0,9,8,4,0,0,6,8,0,9,0,0,10,3,3,0,0,5,21,0,0,7,0,6,0,0,4,5,0,0,1,12,8,0,5,0,0,2,5,5,0,4,8,4,9,9,0,0,8,7,8,13,0,7,2,0,0,0,3,0,1,4,5,11,40,10,19,0,0,2,1,0,1,4,1,1,0,8,7,0,1,0,5,4,1,0,5,1,6,12,0,9,1,0,14,8,3,0,6,25,0,1,0,25,6,0,0,0,6,5,0,0,7,4,0,0,5,10,3,0,18,4,1,0,0,0,0,0,19,0,8,0,3,0,0,9,0,0,0,30,5,0,16,1,0,4,3
4,20,1,14,26,0,15,17,27,0,13,2,27,4,8,14,8,0,12,0,0,0,6,0,21,0,6,6,0,15,5,9,14,0,18,5,25,12,12,0,8,0,2,4,1,1,6,33,1,35,12,39,22,30,41,0,0,12,0,4,36,0,0,6,11,0,14,13,5,45,0,34,38,35,0,8,0,3,0,13,29,3,0,9,0,31,10,0,16,11,0,16,1,31,0,60,0,9,7,31,23,13,37,7,4,0,16,2,0,5,26,3,2,4,10,9,22,0,19,16,30,5,7,8,58,32,0,3,29,0,42,0,0,0,1,14,36,2,16,0,11,32,1,0,0,2,39,18,35,2,4,6,3,15,13,23,21,6,17,10,0,23,23,0
0,15,1,17,6,4,7,30,3,0,9,4,7,0,3,12,31,0,0,0,3,0,8,21,0,0,4,12,0,7,0,2,0,0,12,4,10,0,10,0,12,0,1,0,2,2,3,5,0,4,3,31,16,25,20,0,0,21,0,14,21,0,1,0,4,1,3,5,0,10,0,15,7,18,0,1,0,4,1,21,0,3,0,1,1,3,5,0,7,18,2,9,0,7,0,18,0,26,1,5,16,0,7,0,5,0,0,0,0,12,3,2,0,0,3,0,14,0,7,0,16,4,0,7,14,15,2,0,1,0,18,0,0,0,0,14,18,0,2,0,14,10,2,0,0,0,14,10,14,2,0,4,6,9,28,10,9,2,17,4,0,6,7,0
0,0,6,0,2,12,2,0,0,0,0,6,1,18,0,0,0,2,11,11,7,11,0,0,0,0,3,0,13,6,8,3,0,3,1,12,0,16,0,3,0,1,0,10,6,0,0,0,6,2,0,0,0,1,0,9,7,4,6,11,0,0,1,24,1,11,4,0,25,4,9,2,9,0,30,21,0,6,7,0,5,1,17,0,0,1,0,4,17,0,32,2,37,3,7,0,0,2,0,2,0,1,2,3,0,0,2,14,2,0,0,21,9,0,0,3,2,8,1,7,3,16,0,0,2,2,0,0,5,0,0,0,3,6,0,0,0,1,0,4,4,0,0,0,30,3,0,0,1,0,13,0,2,2,0,0,3,0,0,1,6,0,5,5
1,1,9,6,2,13,11,1,4,0,5,5,1,11,2,0,0,6,0,4,0,3,9,6,4,3,0,0,1,18,4,8,26,0,12,6,5,6,9,5,18,0,0,7,0,0,13,0,0,21,0,9,1,1,4,0,4,1,18,3,10,15,1,25,7,6,26,30,8,9,4,10,2,0,5,22,3,10,16,3,8,18,1,7,0,4,16,14,7,0,11,1,0,0,7,3,7,3,0,9,13,8,10,9,7,0,16,16,1,1,0,5,16,1,8,14,7,0,6,20,13,39,0,0,6,11,10,0,19,2,0,0,7,4,13,11,5,5,1,1,11,1,0,0,4,9,5,9,4,5,11,2,12,4,10,10,8,7,2,6,3,0,3,14
0,48,0,0,0,0,0,0,39,0,0,0,0,0,70,3,15,0,0,0,0,0,0,6,12,0,0,0,0,0,0,0,0,0,0,0,18,0,0,0,0,0,165,0,0,49,0,25,0,0,93,0,22,47,12,0,0,0,0,0,0,0,0,0,0,0,0,0,0,0,0,0,0,8,0,0,0,0,0,1,0,0,0,0,70,1,0,0,0,33,0,5,0,1,0,125,0,0,3,0,3,0,45,0,0,0,0,0,0,0,7,0,0,0,0,0,0,0,1,0,0,0,0,21,3,0,0,65,0,0,0,0,0,0,0,0,17,0,0,0,0,0,57,0,0,0,20,0,0,0,0,0,0,0,0,14,0,0,0,0,0,15,0,0
6,0,4,0,0,23,3,0,0,25,0,3,0,0,0,0,0,18,14,12,35,20,0,0,0,13,1,0,0,0,0,0,2,17,0,43,0,6,0,5,0,3,0,0,31,0,0,0,15,0,0,0,0,0,0,26,17,0,9,0,0,10,7,3,0,6,1,1,20,0,5,0,0,0,13,0,0,0,15,0,5,4,9,0,0,0,0,21,0,0,53,0,36,0,28,0,0,0,0,0,0,0,0,12,0,8,1,12,10,0,0,13,0,0,0,0,0,52,2,0,0,0,0,0,1,1,1,0,0,9,0,0,0,5,0,0,0,2,0,11,0,0,0,18,5,10,0,0,0,1,1,0,0,0,0,0,0,0,0,0,36,0,1,11
8,2,10,12,1,9,0,3,3,0,5,12,0,5,0,2,1,0,14,0,10,0,10,15,7,6,18,0,0,0,33,2,8,6,22,6,0,3,6,1,8,0,0,6,8,0,16,2,18,24,0,4,2,2,6,11,7,14,1,3,12,9,17,0,0,14,7,4,11,3,1,2,14,4,2,9,11,13,33,1,5,29,24,12,0,2,13,0,1,0,3,1,14,25,3,7,10,10,1,34,14,16,0,8,4,0,9,19,7,4,3,4,11,11,0,14,8,1,3,0,14,18,0,2,2,21,18,0,6,0,0,0,0,3,1,28,0,7,14,0,6,4,0,0,1,3,4,6,10,5,3,31,15,2,11,2,6,16,8,19,2,2,0,16
3,1,3,0,13,6,4,3,0,0,0,4,0,2,1,0,0,0,1,0,9,0,3,5,0,8,4,0,0,33,0,0,6,0,1,1,0,6,0,0,2,0,0,1,16,0,0,3,6,0,0,0,0,4,0,6,4,2,1,1,0,3,9,6,0,7,3,24,3,11,2,6,3,0,2,2,3,6,3,0,0,0,8,2,0,0,7,3,12,0,1,2,10,0,3,3,0,0,3,10,6,0,1,2,0,3,1,9,3,0,0,4,26,0,14,0,0,1,0,6,11,14,7,1,0,0,0,0,10,10,3,0,4,7,3,6,3,5,0,0,4,0,0,0,28,3,2,3,1,0,21,2,1,3,4,2,9,7,2,13,8,0,2,10
1,8,3,11,11,10,15,5,2,0,11,0,4,0,0,0,3,0,12,0,0,0,3,9,2,3,8,0,0,2,0,0,0,2,2,3,7,5,0,2,12,0,0,8,2,0,0,9,0,3,20,8,7,16,7,1,0,0,0,4,11,2,0,0,8,3,10,1,0,12,3,21,20,3,0,2,0,3,0,7,0,28,0,1,0,9,0,0,21,4,0,3,7,15,0,7,1,1,10,1,7,9,6,4,4,0,5,6,0,3,2,5,1,0,3,0,6,0,11,15,4,2,13,0,7,0,0,1,13,0,7,0,10,0,5,6,3,2,3,0,20,3,0,0,7,0,8,2,5,0,16,0,8,14,11,16,7,4,4,0,0,6,37,0
0,5,1,10,3,0,14,3,0,2,18,12,2,4,1,5,2,0,1,0,0,0,0,14,0,0,26,0,2,8,6,0,0,0,5,4,2,9,9,0,20,0,0,3,0,0,5,0,5,7,4,7,3,6,1,0,8,10,0,4,10,16,3,6,11,11,27,11,4,8,0,2,8,12,0,8,6,1,4,12,17,13,0,6,0,2,9,1,4,0,2,10,1,1,0,3,8,24,9,11,2,8,6,3,17,0,1,1,4,7,0,2,23,2,7,22,9,4,7,5,10,7,0,2,6,14,3,0,2,0,3,0,7,5,2,5,6,9,0,3,14,2,0,0,6,10,3,6,1,2,18,5,1,9,2,6,4,10,6,14,0,0,5,7
5,0,13,0,3,20,4,0,0,8,0,0,0,0,0,0,0,1,9,0,12,8,0,0,0,3,0,0,17,6,0,2,0,0,0,9,0,4,0,1,0,3,0,4,41,0,0,0,0,0,0,0,0,4,0,6,22,0,1,0,0,6,0,8,0,17,0,3,10,0,0,3,0,0,30,0,0,3,1,0,3,2,15,0,0,0,0,13,9,0,14,0,42,0,6,0,7,0,6,0,0,4,0,0,0,7,9,39,1,0,0,18,2,0,4,1,0,0,1,3,0,3,6,0,0,0,0,0,2,9,0,0,8,5,2,0,0,0,0,1,4,0,0,10,7,1,1,0,0,0,0,0,0,0,0,0,0,6,0,12,14,0,0,10
3,25,1,5,12,22,4,1,0,4,7,10,0,13,0,2,0,4,13,9,0,0,5,18,12,1,12,0,0,22,1,2,5,0,0,38,9,5,1,0,4,0,0,2,9,0,12,0,10,18,0,0,0,4,2,12,6,0,0,0,1,19,17,6,18,17,13,18,6,11,8,5,3,10,3,13,4,1,34,20,28,19,0,5,0,1,3,1,2,0,27,7,12,1,4,0,5,1,3,11,1,9,1,29,13,17,3,34,5,1,0,0,8,19,20,7,4,3,11,10,1,9,0,0,1,13,11,0,9,19,0,0,11,2,14,20,2,23,11,5,0,1,0,0,0,3,8,1,0,13,7,7,5,2,2,0,16,17,0,11,0,0,21,1
20,3,11,7,3,6,6,2,0,11,5,2,0,8,0,2,0,8,12,9,14,22,21,5,4,12,6,0,43,6,1,3,4,9,38,0,0,12,0,3,1,8,0,1,10,0,6,1,17,1,0,6,0,0,1,11,12,0,3,2,2,15,4,5,1,36,3,1,15,7,23,0,2,0,4,3,3,20,1,2,18,12,22,15,0,0,5,96,1,0,35,0,25,2,4,4,12,4,0,2,15,2,0,14,14,13,2,31,8,0,0,7,2,3,10,26,1,5,1,0,13,8,0,0,2,5,0,0,0,42,0,0,3,8,45,0,0,3,3,1,0,0,0,8,2,10,0,3,3,12,3,2,5,1,5,0,2,4,0,11,6,0,0,22
0,19,0,3,3,0,0,11,2,0,3,4,0,0,7,6,9,0,0,0,0,0,0,25,10,0,5,18,0,0,0,7,2,0,9,0,0,0,0,0,2,0,20,2,1,18,0,8,0,0,2,11,18,24,9,0,0,4,0,7,10,0,0,0,2,0,5,0,0,10,0,5,1,4,0,9,0,0,0,4,3,4,0,0,3,9,0,0,9,12,0,3,0,8,0,20,0,7,4,5,7,1,7,1,3,0,1,0,0,0,0,0,1,0,0,3,2,0,6,8,16,0,1,3,19,1,3,1,9,0,17,0,5,0,0,4,15,0,0,6,0,11,6,0,2,0,16,6,4,0,5,4,2,7,3,8,3,5,25,1,0,9,7,0
0,0,11,0,10,20,27,2,0,3,0,0,1,11,1,0,0,13,4,2,7,0,0,12,0,16,6,0,6,3,6,5,9,4,5,12,0,0,1,1,1,21,0,0,11,0,0,4,0,1,0,0,0,1,7,3,25,3,24,1,0,0,4,37,5,18,5,4,6,3,0,5,1,0,34,1,4,13,8,0,0,9,29,1,0,0,28,0,8,1,2,3,29,4,11,1,19,0,0,1,0,3,0,3,0,0,1,19,5,0,0,17,37,1,3,1,3,0,0,2,5,24,5,0,0,1,0,0,4,0,0,0,19,8,2,0,0,0,0,1,1,0,0,0,22,25,0,2,8,0,4,0,2,5,1,4,0,4,9,13,1,0,2,9
0,1,0,25,10,1,5,14,0,0,5,0,43,0,0,5,3,0,0,0,1,0,7,12,10,0,9,0,0,6,0,0,9,0,1,0,0,1,0,0,22,0,0,0,0,4,20,4,5,13,0,29,6,7,11,0,0,3,0,9,5,0,2,2,8,1,3,7,0,14,0,9,10,8,0,13,0,3,1,13,10,6,0,8,0,0,3,0,3,0,0,7,1,12,0,6,6,11,0,0,20,0,0,1,4,0,0,1,0,1,1,1,0,0,3,10,9,0,14,0,1,6,0,0,5,3,15,0,1,0,7,0,1,0,0,14,0,1,6,0,2,7,0,0,1,0,1,2,6,0,6,14,4,9,21,4,3,4,5,6,0,0,0,0
6,0,9,0,2,25,7,0,0,4,0,11,0,0,0,0,0,4,4,23,12,12,0,0,0,3,5,0,5,1,0,2,0,1,0,3,0,1,0,0,0,0,0,0,17,0,0,0,0,0,0,0,0,0,0,17,5,0,0,0,0,0,4,8,19,20,6,17,7,0,4,3,0,0,43,0,9,4,11,0,10,11,18,0,0,0,3,3,2,0,16,0,24,0,4,0,0,0,0,0,0,0,0,5,0,1,1,7,7,0,0,16,27,0,2,0,0,2,0,9,0,11,0,0,0,0,0,0,0,6,0,0,8,0,5,3,0,0,0,9,8,0,0,0,68,11,1,0,0,1,5,0,0,0,0,0,0,0,0,0,12,0,0,1
0,2,0,15,6,1,5,4,4,0,8,0,5,1,9,3,4,0,11,1,0,0,6,8,12,0,18,0,0,8,2,12,20,0,4,1,2,1,22,0,0,0,0,1,0,2,20,13,5,8,4,30,12,10,5,0,0,11,0,2,5,5,1,0,11,0,4,14,0,25,0,10,5,6,0,10,0,0,1,12,5,25,0,3,1,5,6,0,4,3,0,8,0,12,0,22,1,10,23,6,19,3,5,7,6,0,0,0,0,3,3,6,19,1,2,9,14,0,15,3,12,6,1,0,3,11,8,0,3,1,19,0,7,1,3,10,2,3,6,2,8,0,0,0,6,0,4,9,20,1,0,0,2,12,14,2,11,4,7,8,0,3,28,0
3,0,6,0,0,0,1,0,0,10,0,4,0,0,0,0,0,1,0,24,4,5,0,0,0,1,0,0,3,0,0,0,0,3,0,8,0,21,0,0,0,0,0,0,3,0,0,0,22,0,0,0,0,0,0,0,1,0,3,0,0,0,0,2,0,1,0,0,8,0,5,0,0,0,11,0,0,0,0,0,1,1,2,0,0,0,0,9,6,0,6,0,4,0,0,0,14,0,0,0,0,0,0,13,0,0,0,15,2,0,0,9,10,0,0,0,0,4,0,0,0,6,0,0,0,0,0,0,9,9,0,0,0,2,2,0,0,2,0,4,0,0,0,4,57,9,0,0,0,0,6,0,0,0,0,0,0,0,0,0,11,0,0,0
0,32,0,1,0,0,0,0,22,0,0,0,0,0,28,0,21,0,0,0,0,0,0,2,1,0,0,165,0,0,0,0,0,0,0,0,20,0,0,0,0,0,0,0,0,66,0,12,0,0,37,0,15,17,4,0,0,4,0,0,0,0,0,0,0,0,0,0,0,0,0,0,0,10,0,0,0,0,0,2,0,0,0,0,52,11,0,0,0,16,0,0,0,0,0,139,0,0,1,0,6,0,21,0,0,0,0,0,0,0,6,0,0,0,0,0,0,0,0,0,0,0,0,20,1,0,0,42,0,0,0,0,0,0,0,0,12,0,0,0,0,0,46,0,0,0,11,0,0,0,0,0,0,0,0,9,0,0,0,0,0,5,0,0
4,4,3,1,3,1,13,2,3,0,0,6,0,1,1,0,2,0,3,2,1,0,4,4,0,10,7,0,0,6,1,8,3,4,2,1,2,0,0,0,1,0,0,0,2,0,0,0,17,13,4,0,0,4,0,0,0,1,0,0,1,5,8,7,9,11,9,11,3,11,1,2,18,0,0,2,0,0,24,2,0,8,0,4,0,1,16,15,18,0,1,0,8,3,3,7,3,0,1,6,2,5,9,5,0,2,2,12,5,0,0,2,3,0,6,5,3,6,11,3,2,14,1,0,5,0,1,0,21,1,0,0,10,6,0,0,8,3,45,1,36,1,0,0,11,0,11,4,5,0,7,4,2,14,1,2,5,11,5,14,2,0,15,0
6,0,12,0,0,17,9,0,0,1,0,2,0,5,0,0,0,2,12,18,6,13,5,1,2,6,0,0,31,8,16,2,0,41,9,10,1,11,0,17,0,3,0,2,0,0,0,0,4,3,0,2,0,0,6,37,21,1,8,3,0,6,8,15,1,24,0,8,35,2,5,3,0,0,20,5,2,16,16,0,5,12,9,0,0,0,16,7,11,0,21,0,31,0,22,0,7,0,7,0,1,5,0,1,2,2,2,13,16,0,0,9,6,1,2,7,4,18,2,3,0,6,0,0,0,2,1,0,0,13,0,0,3,11,13,3,0,2,1,12,6,0,0,16,20,9,0,0,0,2,3,0,0,3,2,0,4,0,0,3,16,0,0,7
0,6,0,0,0,0,0,0,4,0,0,0,0,0,0,0,1,0,0,0,0,0,0,1,2,0,0,49,0,0,0,0,0,0,0,0,18,0,4,0,2,0,66,0,0,0,0,13,0,0,14,1,2,21,17,0,0,0,0,0,0,0,0,0,0,0,0,0,0,0,0,0,2,15,0,2,0,0,1,0,0,0,0,0,17,6,2,0,4,0,0,2,0,7,0,21,0,0,0,0,5,0,4,0,0,0,0,0,0,2,4,0,0,0,0,0,1,0,0,0,0,0,0,4,3,0,0,44,0,0,0,0,0,0,0,0,4,0,0,0,0,0,12,0,0,0,3,0,0,0,0,0,0,0,0,6,0,2,1,0,0,0,1,0
0,7,1,16,1,9,1,8,0,0,12,3,2,3,1,3,3,0,6,0,2,0,0,6,3,0,13,0,0,16,0,0,5,0,12,6,0,0,20,0,20,0,0,0,0,0,0,2,8,15,1,18,4,2,0,0,4,0,0,12,17,10,0,0,0,6,4,5,0,1,4,6,8,4,0,12,0,0,0,9,10,3,1,21,0,4,4,0,0,2,0,8,0,11,0,1,0,12,0,7,6,5,3,2,9,1,3,2,0,10,8,1,2,0,5,4,5,0,6,0,6,9,0,2,1,8,20,0,0,3,2,0,0,0,7,12,5,0,10,3,0,3,0,0,0,8,1,4,6,0,1,10,3,1,10,0,9,3,4,3,0,2,0,0
0,15,0,5,1,0,14,7,2,0,7,0,1,0,7,2,20,0,0,0,0,0,1,33,5,0,0,25,0,2,3,9,0,0,0,1,8,4,4,0,13,0,12,0,0,13,2,0,0,18,7,5,8,20,16,0,0,3,0,0,14,5,0,1,8,0,2,0,1,18,0,14,23,23,0,6,0,0,2,2,1,0,0,1,11,20,0,0,4,5,0,10,0,8,0,17,0,1,4,1,2,2,7,1,0,0,3,0,0,0,4,0,0,0,0,0,3,0,4,16,2,1,0,7,15,7,0,1,21,0,19,0,2,0,0,8,17,0,3,0,5,7,1,0,2,0,6,7,20,0,2,0,0,14,1,23,0,1,15,0,0,4,9,0
3,1,0,1,3,37,0,1,0,38,5,5,0,14,0,0,0,16,18,35,27,17,12,1,0,6,0,0,15,18,6,0,5,0,10,17,0,0,5,0,5,22,0,17,4,0,8,0,0,6,0,0,0,0,5,10,11,0,0,3,3,31,7,0,0,20,1,7,5,0,16,0,0,0,3,5,0,18,26,0,15,19,12,9,0,0,5,0,5,0,9,0,8,0,1,0,9,0,0,4,1,0,0,10,3,20,5,7,9,0,0,20,1,9,6,8,2,21,3,0,2,12,0,0,0,1,7,0,0,33,1,0,1,0,30,6,0,14,0,4,0,0,0,5,1,23,0,2,0,2,0,1,9,0,0,0,7,4,0,22,0,0,1,23
0,22,7,21,8,3,13,19,0,0,21,7,2,0,1,7,5,0,7,0,4,0,8,35,4,2,21,0,0,24,0,3,7,0,18,1,0,1,13,0,8,0,0,13,3,0,15,18,6,0,3,12,10,20,16,0,0,4,0,7,14,4,9,0,5,7,27,6,3,8,0,20,10,14,0,24,0,2,2,14,7,7,0,2,0,6,13,0,10,8,6,7,0,8,7,8,5,11,1,25,20,1,13,0,14,0,2,2,1,16,3,2,2,2,3,2,9,0,8,0,14,9,2,3,4,20,20,0,10,0,2,0,0,0,1,32,3,1,4,0,3,15,0,0,0,1,4,15,14,2,5,10,0,7,16,4,10,12,4,1,0,2,6,24
0,37,0,0,4,0,2,25,17,0,1,0,0,0,25,1,32,0,0,0,0,0,0,12,3,0,0,93,0,0,0,20,4,0,0,0,2,0,0,0,4,0,37,4,0,14,1,7,0,3,0,1,39,4,6,0,0,8,0,0,0,0,0,4,0,0,0,1,0,0,0,16,14,3,0,0,2,0,0,3,0,0,0,0,38,8,1,0,0,24,0,5,0,7,0,75,0,5,10,8,11,0,14,0,0,0,0,0,0,0,8,0,0,0,0,0,0,0,7,4,0,0,0,26,13,0,1,13,18,0,23,0,0,0,0,3,16,0,2,0,3,8,11,0,0,0,12,0,1,1,0,2,0,6,5,9,1,1,12,0,0,19,2,0
0,20,0,3,0,2,8,46,2,0,6,1,16,0,2,20,3,0,7,0,0,0,5,39,31,0,9,0,0,4,0,8,7,0,0,6,11,0,29,0,30,0,0,0,2,1,18,5,0,12,1,0,17,7,4,0,0,12,0,16,16,0,5,2,0,0,4,0,2,11,0,24,18,34,0,3,0,0,1,32,0,24,0,1,4,7,0,0,0,4,0,34,0,23,0,81,0,17,0,8,6,1,8,0,1,0,0,0,1,17,14,0,2,1,2,0,13,0,22,2,11,5,3,3,15,25,14,0,1,0,10,0,1,0,0,20,3,0,31,2,0,4,0,0,0,6,33,13,24,2,0,10,0,16,17,8,21,5,8,1,0,9,13,2
0,27,0,21,41,0,4,11,17,0,3,0,6,0,18,1,20,0,1,0,0,0,0,22,16,0,1,22,0,2,0,7,3,0,0,0,18,0,6,0,12,0,15,0,0,2,4,8,0,10,39,17,0,26,17,0,0,29,0,0,7,0,0,0,6,0,0,11,0,9,0,25,18,29,0,0,0,0,0,12,0,1,0,3,15,31,0,0,5,12,2,9,0,21,0,43,0,3,20,21,17,0,24,0,1,1,0,0,0,2,18,0,0,0,0,1,6,0,6,8,2,0,0,10,11,13,1,3,15,0,66,0,0,0,0,3,14,0,0,0,6,17,4,0,0,0,18,13,9,0,1,5,0,7,3,18,3,7,46,0,0,14,8,0
0,22,1,3,17,0,13,9,24,0,1,2,6,0,22,6,18,0,1,1,0,0,0,30,25,1,1,47,0,2,4,16,6,4,4,0,24,1,7,0,10,0,17,4,0,21,2,20,0,20,4,7,26,0,23,0,4,33,0,1,3,3,0,4,11,0,7,4,0,15,0,22,9,34,0,9,0,0,0,4,5,5,0,2,16,26,0,0,12,3,0,14,6,31,0,32,0,7,8,9,12,5,14,0,4,0,5,1,1,2,21,2,1,0,3,5,20,0,19,0,7,2,3,2,19,7,4,4,4,2,18,0,14,4,0,16,7,0,2,0,10,14,7,0,9,0,26,19,12,3,0,3,0,21,7,19,9,20,22,1,0,21,12,0
0,9,0,16,9,7,13,13,5,0,14,0,9,1,18,6,13,0,4,0,0,0,2,41,20,0,4,12,0,6,0,7,1,0,2,1,9,7,11,0,5,0,4,0,6,17,0,16,5,16,6,4,17,23,0,0,0,2,0,2,0,2,2,4,5,0,1,5,3,0,0,8,30,29,1,0,0,2,0,8,10,1,2,1,5,29,0,0,6,15,1,0,0,18,0,41,0,2,15,18,13,5,3,1,6,0,5,8,4,9,14,1,5,1,2,2,10,0,4,8,13,9,0,6,24,2,4,9,10,0,12,0,1,0,0,5,19,3,3,0,13,11,0,0,13,0,5,15,23,3,1,3,8,22,2,24,14,0,26,4,0,4,14,1
10,0,17,0,0,12,0,0,0,38,0,0,0,7,0,0,0,44,13,146,26,45,5,0,0,9,0,0,26,11,6,1,0,6,12,11,0,3,0,17,0,0,0,0,37,0,0,0,10,0,0,0,0,0,0,0,15,0,19,0,0,12,3,2,2,9,6,6,27,0,13,0,0,0,18,1,20,8,25,0,0,5,49,0,0,0,0,14,0,0,21,0,54,0,6,0,11,0,0,0,1,1,0,11,1,10,0,12,5,0,0,10,1,1,1,4,0,15,0,0,0,18,0,0,0,0,3,0,0,9,2,0,4,5,2,3,0,14,0,7,0,0,0,6,7,1,0,0,0,34,0,0,0,0,0,0,1,2,0,6,17,0,0,12
3,0,9,2,0,9,18,0,0,7,0,4,0,9,1,0,1,16,7,5,2,23,5,0,0,7,4,0,17,7,4,0,8,22,6,12,0,25,0,5,0,1,0,0,21,0,4,0,11,0,0,0,0,4,0,15,0,1,25,0,0,2,5,12,0,28,5,2,11,1,25,1,2,0,8,0,5,12,14,0,4,9,13,1,0,0,2,7,7,0,29,0,15,0,5,0,11,1,0,3,0,3,0,9,3,3,17,7,9,0,0,19,16,0,6,19,0,22,0,4,4,5,0,0,0,0,0,0,1,39,0,0,11,11,2,4,0,0,0,12,3,1,0,5,43,9,4,0,2,3,5,0,0,3,0,0,0,6,0,8,24,0,0,9
0,13,0,2,0,0,2,15,18,0,1,0,0,0,13,4,2,0,1,0,0,0,0,12,21,4,1,0,0,14,2,0,10,0,0,0,4,3,3,0,11,0,4,1,1,0,0,3,0,4,8,12,29,33,2,0,1,0,1,1,1,4,0,2,24,0,2,8,2,7,0,14,21,0,0,2,0,0,2,9,2,2,1,0,7,0,0,0,0,4,0,3,0,4,0,22,2,5,0,3,8,0,4,0,2,0,0,1,0,1,2,1,0,0,3,0,1,0,7,7,0,3,0,3,13,4,2,2,2,0,15,0,1,3,0,3,5,0,8,0,1,7,0,0,1,4,24,7,6,0,0,0,2,3,3,29,5,14,7,2,0,14,11,0
10,0,13,0,0,6,0,0,0,13,0,0,0,9,0,0,0,3,0,9,23,16,4,0,0,6,18,0,9,1,1,0,0,1,0,3,0,24,0,0,0,3,0,0,8,0,0,0,0,0,0,0,0,0,0,19,25,1,0,0,0,16,0,0,0,10,9,6,9,0,0,0,0,0,3,4,0,13,9,0,1,2,14,0,0,0,0,19,0,0,6,0,4,0,0,0,14,0,0,0,0,0,0,7,0,4,4,26,7,0,0,18,3,5,0,0,0,0,0,1,0,14,0,0,0,0,0,0,0,6,0,0,0,4,1,0,0,0,0,0,3,0,0,31,5,7,0,0,0,0,0,0,3,0,0,0,0,2,0,0,43,0,0,40
1,1,2,2,0,7,0,7,0,0,2,6,23,5,0,2,0,0,3,3,0,0,8,4,14,11,3,0,0,3,1,4,4,0,0,2,7,1,9,0,2,0,0,0,3,0,12,0,3,7,0,16,0,1,2,0,0,1,0,0,4,0,0,1,0,3,9,0,9,5,0,4,3,1,1,29,0,0,1,11,8,4,2,10,0,0,8,1,11,2,4,17,3,3,0,19,0,0,1,2,4,6,0,0,6,0,6,0,1,0,0,2,9,1,2,3,20,1,22,0,16,5,1,0,1,11,4,0,0,1,2,0,0,0,2,8,0,0,0,0,2,3,0,0,7,0,0,11,11,0,0,5,8,3,7,2,6,21,0,2,2,3,0,0
0,6,0,25,10,0,6,8,16,0,1,0,3,0,0,7,0,0,4,0,0,0,4,36,21,0,10,0,0,12,0,11,10,0,1,2,10,0,5,0,5,0,0,1,0,0,17,14,3,14,0,16,7,3,0,0,0,1,0,4,0,1,9,2,0,0,6,2,0,3,0,11,12,26,0,5,0,0,0,4,5,9,0,7,0,34,4,0,3,0,0,7,0,1,0,18,0,5,0,8,16,5,8,0,7,0,1,0,0,5,25,1,0,0,0,8,11,0,14,3,9,0,0,0,4,9,8,0,4,0,14,0,0,0,0,11,13,0,2,5,0,2,0,0,0,0,4,10,11,0,0,18,0,28,15,13,6,7,15,3,0,1,0,0
14,0,6,2,2,10,4,0,0,11,0,4,1,0,0,0,2,7,1,13,16,2,9,0,0,0,15,0,10,9,3,2,16,6,19,15,0,0,0,0,5,0,0,5,6,0,10,5,31,4,0,0,0,3,2,12,2,4,16,0,1,0,1,0,0,19,10,10,15,2,15,0,0,1,0,5,3,12,17,0,15,8,0,4,0,4,0,11,1,0,28,1,10,0,18,0,11,4,2,1,4,3,1,21,15,20,10,6,0,0,1,4,4,26,5,13,11,9,4,1,7,13,0,0,0,5,17,0,1,36,4,0,3,0,8,4,0,10,0,11,5,0,0,12,2,13,0,0,3,0,0,3,4,0,1,0,5,0,1,15,9,0,5,16
1,2,0,5,0,7,4,5,0,3,2,9,0,4,3,2,0,0,12,12,0,0,9,0,1,1,1,0,7,17,9,0,3,0,17,4,0,4,2,4,1,0,0,8,8,0,0,0,7,9,0,5,0,0,2,3,5,0,0,0,9,1,0,18,4,6,5,7,8,6,0,0,2,0,0,10,0,21,11,4,23,34,5,7,0,1,1,4,11,0,1,0,16,1,3,1,16,3,0,14,1,1,0,21,0,4,17,1,6,0,2,4,11,1,18,1,1,1,2,4,9,8,0,0,1,0,5,0,8,4,0,0,12,17,6,1,0,3,0,1,19,2,0,3,12,2,1,1,0,1,8,2,4,6,5,0,14,4,5,21,2,1,2,10
0,2,3,0,13,32,22,10,0,1,0,17,0,12,0,1,0,2,7,1,12,0,0,6,0,24,25,0,3,0,6,0,6,8,6,5,0,37,2,8,0,2,0,7,15,0,0,1,0,0,4,2,0,4,4,2,12,2,0,1,2,0,18,0,27,7,8,41,24,4,0,3,9,0,4,0,2,18,10,0,2,28,17,1,0,7,17,1,24,0,12,4,10,0,8,6,6,0,5,15,0,32,0,0,0,0,12,12,0,10,0,39,23,0,2,0,4,0,1,18,6,36,0,0,0,8,0,0,14,3,0,0,42,21,12,0,1,15,3,0,24,2,0,3,66,7,8,5,4,0,30,0,0,12,3,0,23,3,12,1,13,0,2,11
0,7,0,3,20,4,16,6,3,2,0,18,0,4,21,0,5,12,5,0,3,0,0,11,4,1,7,0,0,0,0,8,11,0,18,1,2,5,8,19,11,0,0,9,1,0,0,8,0,5,0,0,6,11,5,2,0,24,0,0,0,0,4,27,0,3,1,27,0,18,5,5,9,0,13,3,6,0,12,0,4,17,0,0,0,5,8,2,6,3,0,0,3,0,1,8,2,0,33,6,2,0,3,0,0,0,7,16,1,1,4,6,10,0,24,0,0,0,1,20,5,7,1,0,3,0,0,0,7,0,2,0,12,3,0,9,7,3,17,9,17,9,0,0,9,0,16,3,0,0,24,1,0,6,1,4,8,9,9,2,0,6,16,7
26,0,27,0,5,34,2,0,0,18,0,35,5,5,0,0,0,14,15,50,12,7,8,0,1,11,6,0,6,14,7,3,11,17,17,36,0,18,1,20,0,1,0,11,24,0,6,0,20,7,0,0,0,0,0,9,28,0,10,3,0,19,6,7,3,0,24,7,21,0,11,3,3,0,23,4,9,23,14,0,4,10,5,0,0,0,34,14,0,0,20,0,17,0,22,6,45,1,0,5,0,1,0,9,8,6,1,20,5,0,0,18,19,12,3,7,6,17,1,1,1,24,0,0,0,0,0,0,8,37,0,0,18,9,6,10,0,8,0,14,0,0,0,0,18,9,2,0,0,2,19,0,2,1,0,0,0,1,0,9,15,0,0,16
0,2,4,5,7,24,7,1,4,0,3,22,3,1,0,2,2,1,2,1,13,0,7,14,3,4,26,0,1,7,3,10,27,0,13,3,5,5,3,6,4,0,0,9,0,0,4,2,1,27,0,4,0,7,1,6,5,2,9,9,6,10,5,8,1,24,0,15,4,8,9,10,1,2,3,6,10,8,6,8,9,22,17,14,0,0,26,9,13,0,8,2,1,3,0,7,3,6,3,5,20,10,5,15,21,12,1,5,1,8,0,14,19,11,10,27,8,2,10,0,16,29,0,0,2,1,17,0,10,8,3,0,9,15,12,13,2,2,2,9,2,0,0,0,10,11,4,6,1,0,6,5,0,5,7,0,29,14,18,9,5,0,10,18
15,0,10,9,21,38,4,4,2,9,0,12,2,7,21,6,2,9,8,0,1,0,8,13,5,0,30,0,1,4,24,1,11,3,18,1,0,4,7,17,14,0,0,11,8,0,5,0,7,6,1,0,11,4,5,6,2,8,6,0,2,10,7,41,27,7,15,0,7,25,4,10,14,20,9,20,2,13,12,3,38,27,5,10,0,0,10,8,13,3,3,7,5,1,8,18,20,7,19,9,13,8,18,4,16,7,27,9,2,0,1,59,9,3,16,13,13,3,7,16,24,24,7,0,3,0,10,0,4,11,1,0,22,13,7,11,12,3,1,14,1,4,0,0,2,4,14,1,4,1,10,23,9,5,3,2,14,17,19,13,0,0,11,7
6,0,9,5,14,15,3,4,0,14,0,13,2,10,0,0,1,17,13,29,19,2,13,5,0,25,8,0,20,11,3,0,4,10,6,15,0,6,0,7,0,8,0,3,35,0,0,1,5,3,0,2,0,0,3,27,11,2,9,9,0,15,8,24,0,21,4,7,0,0,0,2,0,1,27,1,2,8,13,0,7,3,13,1,3,2,17,16,5,0,16,4,31,4,17,0,9,1,2,0,0,1,7,15,3,1,10,18,3,1,2,27,7,1,7,6,3,13,0,4,2,11,0,0,0,7,3,0,0,21,0,0,6,7,5,3,0,10,0,4,0,1,0,1,13,32,0,3,0,1,5,2,1,4,0,0,3,0,0,20,15,0,2,2
0,6,1,20,26,5,4,4,8,0,9,5,7,6,13,15,9,0,0,0,0,0,0,45,10,4,9,0,0,3,11,12,8,0,11,7,10,3,14,0,25,0,0,11,2,0,1,18,0,8,0,11,9,15,0,0,1,7,0,5,3,2,6,4,18,0,8,25,0,0,0,8,16,8,2,7,0,21,0,5,1,5,0,3,7,4,1,1,10,0,3,12,0,25,0,16,6,8,5,14,13,32,16,4,3,0,0,0,0,4,13,5,1,0,15,0,13,0,38,28,19,7,8,0,10,6,10,0,32,0,8,0,9,1,3,9,5,0,6,1,9,11,0,0,6,2,29,3,4,0,6,3,0,14,2,6,17,7,7,9,0,6,29,0
33,0,22,0,5,31,0,0,0,12,0,5,0,17,0,0,0,6,7,15,24,13,7,0,0,9,4,0,5,1,2,3,0,0,8,23,0,0,0,4,0,5,0,1,5,0,4,0,16,0,0,0,0,0,0,13,25,0,0,0,0,15,0,0,5,11,9,4,0,0,0,0,0,0,18,4,7,29,9,0,20,8,12,0,0,0,1,18,0,0,37,0,32,0,2,0,5,0,0,3,0,0,0,23,3,11,2,39,6,1,0,8,8,0,0,12,1,6,0,0,0,13,0,0,0,0,0,0,0,34,0,0,4,51,68,6,0,4,0,11,0,0,0,0,10,13,0,0,0,5,0,0,0,0,0,1,0,1,0,11,9,0,5,28
0,5,0,10,19,4,17,18,2,0,0,2,14,0,5,4,9,0,4,0,2,0,2,34,15,2,10,0,0,2,6,21,2,3,5,0,5,5,9,3,10,0,0,2,3,0,6,14,0,20,16,24,25,22,8,0,1,14,0,4,11,0,0,3,5,3,10,10,2,8,0,0,25,15,0,6,0,0,0,6,1,4,0,0,0,11,7,0,11,0,5,16,5,13,0,9,1,5,5,9,4,4,14,0,2,3,4,3,0,6,5,0,2,4,11,4,4,0,8,12,8,7,3,5,26,4,7,1,25,0,21,0,11,2,0,9,19,3,2,0,5,13,0,0,10,0,17,12,9,4,10,10,1,15,2,18,39,9,17,0,0,14,17,1
4,1,1,18,23,1,8,11,5,0,0,5,2,0,24,4,8,0,3,0,0,0,0,38,7,9,2,0,0,14,3,20,8,0,3,2,1,1,10,0,5,0,0,18,0,2,8,23,0,10,14,18,18,9,30,0,2,21,0,3,12,0,2,9,9,3,1,14,0,16,0,25,0,31,0,9,0,2,0,11,0,1,0,3,0,4,2,0,16,5,3,22,0,27,0,24,2,8,9,17,10,7,22,8,17,0,5,0,0,17,11,0,6,0,10,5,9,0,5,12,15,2,11,11,42,30,3,0,17,2,18,0,7,2,0,15,15,2,2,2,13,10,0,0,0,0,21,5,19,0,12,17,0,9,26,13,15,18,35,1,0,2,11,0
0,21,0,4,4,0,13,12,15,0,10,0,0,0,4,1,15,0,0,0,0,0,0,35,18,0,0,8,0,4,0,3,12,0,10,0,4,0,8,0,6,0,10,0,0,15,4,23,0,14,3,34,29,34,29,0,0,0,0,1,26,1,0,0,0,0,2,20,1,8,0,15,31,0,0,5,0,0,0,4,0,5,0,0,19,17,0,0,1,14,0,5,0,11,0,11,0,5,1,0,15,0,3,0,3,0,0,0,0,0,17,1,0,0,0,1,1,0,18,0,0,0,0,9,9,13,1,9,6,0,22,0,0,4,2,11,17,0,2,0,0,14,1,0,0,0,24,12,9,0,0,2,0,6,9,24,0,9,24,0,0,13,2,0
12,0,4,0,1,22,2,0,0,1,0,5,0,3,1,0,0,23,18,3,41,8,0,0,0,30,5,0,13,2,2,0,0,30,3,4,0,34,0,43,0,11,0,0,20,0,0,0,3,0,0,0,0,0,1,18,8,0,3,1,0,0,0,4,13,23,3,9,27,2,18,0,0,0,0,0,12,36,28,0,23,5,3,0,0,0,0,19,0,0,35,0,8,0,4,0,8,0,4,0,1,1,0,4,0,15,4,4,3,0,0,39,36,0,3,1,0,3,0,2,9,36,0,0,0,0,0,0,6,14,0,0,16,13,0,0,0,0,0,7,8,0,0,15,43,18,0,0,0,2,8,0,0,0,0,0,0,0,0,6,18,0,0,3
7,1,4,16,4,4,2,6,3,0,1,0,4,4,1,2,4,3,0,3,4,0,3,8,1,21,22,0,0,9,2,2,8,0,13,3,9,1,13,0,10,0,0,2,5,2,12,6,5,24,0,3,0,9,0,1,0,2,4,29,5,5,10,0,3,4,6,20,1,7,4,6,9,5,0,0,0,2,2,3,6,26,2,9,0,0,6,2,4,0,5,9,6,4,3,2,3,9,1,12,3,7,3,11,9,4,2,7,8,4,0,21,1,1,2,19,15,3,13,0,34,6,0,4,6,29,16,0,7,4,4,0,0,1,11,41,0,0,5,0,3,4,0,0,1,6,0,5,9,0,5,9,12,1,1,0,2,6,8,11,1,0,4,1
18,0,5,0,1,11,5,0,0,0,0,0,0,24,0,0,0,0,1,1,12,3,0,0,0,0,3,0,0,11,3,0,6,0,4,3,0,4,0,9,0,0,0,0,2,0,0,0,0,0,2,0,0,0,0,20,5,0,0,0,0,3,0,2,6,9,10,2,2,0,7,0,0,0,12,0,0,2,15,0,2,3,14,3,0,6,1,5,0,0,2,0,7,0,6,0,25,0,4,0,0,0,0,0,0,3,4,2,0,0,0,1,0,0,1,6,0,0,0,0,1,6,0,2,0,0,0,0,0,0,0,0,4,12,4,0,0,11,0,2,0,0,0,0,5,3,1,0,1,7,2,3,0,0,0,0,0,0,1,27,0,0,0,5
14,0,16,0,9,11,1,2,0,0,0,6,0,34,0,0,0,7,3,0,16,0,1,3,4,6,10,0,0,13,6,3,1,3,1,20,0,13,3,4,0,0,0,0,16,0,0,0,18,2,0,0,0,0,2,8,12,0,13,0,0,12,21,18,0,23,8,13,8,21,29,0,2,0,36,2,2,0,26,0,2,9,38,1,0,4,0,19,19,0,3,0,2,1,3,3,13,0,0,6,0,9,0,2,2,4,8,20,0,0,0,10,28,2,0,3,1,15,0,11,3,29,0,0,0,0,0,0,16,1,0,0,14,31,3,0,0,18,0,11,24,1,0,26,15,4,0,0,1,0,35,0,11,2,0,3,0,11,2,23,24,0,2,30
14,0,2,0,7,0,2,1,0,2,0,21,2,1,0,0,0,5,9,6,25,13,4,0,1,7,16,0,15,33,3,0,4,1,34,1,0,8,1,11,1,0,0,24,16,1,0,2,26,2,0,1,0,0,0,25,14,2,9,1,0,17,11,10,12,14,6,12,13,0,9,0,0,0,28,2,15,26,0,1,1,15,28,0,0,0,14,12,6,0,27,1,13,0,18,0,11,0,3,5,0,3,0,6,13,8,15,49,1,0,0,4,6,6,0,2,0,11,3,13,5,18,0,0,0,5,0,0,10,9,0,0,17,9,0,4,0,10,1,69,2,2,0,6,6,28,1,0,1,0,6,2,1,1,3,0,26,1,1,2,31,0,8,7
0,4,0,2,3,0,1,11,10,0,0,0,10,0,0,9,11,0,3,0,1,0,5,13,21,0,3,1,0,1,0,7,12,0,20,2,4,0,13,0,12,0,2,2,0,0,9,2,0,14,3,32,12,4,8,0,0,9,0,11,4,0,4,0,0,0,8,3,0,5,0,6,11,4,0,3,0,0,1,0,0,20,0,1,0,12,0,0,1,2,0,12,0,27,0,35,0,36,1,4,25,0,11,0,12,1,1,0,0,7,7,0,0,2,2,8,23,0,17,2,15,1,2,1,4,14,11,1,0,0,7,0,3,0,0,5,0,1,3,0,1,1,0,0,0,0,8,1,13,0,0,23,1,27,9,2,20,13,4,2,0,7,6,3
2,9,0,8,14,11,9,3,3,4,11,5,0,5,1,0,0,1,13,3,6,7,11,29,0,5,8,0,5,5,0,0,17,3,28,18,3,0,10,10,5,1,0,0,5,0,10,1,15,7,0,0,0,5,10,0,4,2,1,8,5,15,23,2,4,4,9,38,7,1,20,1,0,0,23,6,2,2,1,0,0,13,2,12,0,1,12,3,2,0,2,3,5,2,7,8,5,2,3,6,2,12,0,7,5,1,5,10,2,0,0,16,5,0,1,14,5,10,3,0,8,9,0,0,2,5,3,0,0,8,0,0,15,0,15,12,0,9,14,12,0,0,0,1,34,1,2,22,0,11,2,6,7,3,0,0,5,0,3,4,0,0,9,11
5,0,3,21,7,32,12,12,8,2,12,26,14,17,11,6,6,6,42,15,2,4,40,3,3,1,18,0,4,29,0,28,13,2,19,12,4,9,6,11,25,1,0,8,12,0,3,0,19,7,0,24,1,5,1,5,9,2,2,4,9,8,34,28,17,10,22,27,3,5,8,4,1,5,5,26,3,9,15,20,13,0,3,19,0,0,4,3,12,2,7,9,30,2,8,2,17,6,3,18,18,16,3,13,18,35,4,18,0,0,0,9,14,13,18,23,39,7,29,11,9,12,1,0,9,15,23,0,12,10,4,0,2,4,10,31,4,12,3,9,6,0,0,0,10,6,10,3,3,2,6,16,21,6,1,3,27,31,0,23,4,0,4,7
21,3,29,0,7,1,3,0,0,0,0,10,0,15,0,0,0,9,4,18,26,17,10,0,0,17,1,0,9,24,8,0,0,15,0,22,0,29,0,18,0,2,0,0,9,0,1,0,12,0,0,0,0,0,2,49,13,1,14,2,0,0,5,17,0,5,17,5,13,0,12,0,0,0,3,2,14,38,28,0,2,3,0,2,0,0,30,18,0,0,11,0,26,0,3,0,2,0,0,1,0,0,0,15,0,6,7,16,0,0,0,14,20,6,2,0,2,0,0,2,2,24,0,0,0,0,0,0,0,12,0,0,2,5,0,1,0,20,0,5,2,0,0,5,24,18,0,0,0,3,16,2,5,0,2,0,3,0,1,14,20,0,3,28
2,4,1,16,0,4,2,2,0,0,1,9,1,7,1,1,0,0,11,2,3,0,19,9,1,0,7,0,0,12,2,1,6,0,5,15,0,1,8,0,3,0,0,4,0,0,21,1,9,2,0,1,3,2,1,0,1,0,0,10,7,4,7,1,0,0,14,10,1,3,0,0,3,0,0,9,3,1,0,1,12,19,2,0,0,1,3,0,16,0,2,10,1,6,1,2,0,4,0,5,3,1,0,5,19,0,4,3,0,3,0,0,3,1,17,21,9,1,4,0,11,8,0,0,0,12,10,0,6,0,1,0,0,5,0,16,0,10,0,6,6,1,0,0,0,8,0,2,10,0,0,11,5,0,10,0,11,19,3,1,0,0,1,0
0,21,0,0,0,0,0,2,13,0,0,0,0,0,35,4,40,0,0,0,0,0,0,0,1,0,0,70,0,0,0,0,0,0,0,0,3,0,0,0,1,0,52,0,0,17,0,11,0,0,38,4,15,16,5,0,0,7,0,0,0,0,0,0,0,0,0,0,3,7,0,0,0,19,0,0,0,0,0,0,0,0,0,0,0,25,0,0,0,24,0,0,0,21,0,66,0,0,0,0,1,0,9,0,0,0,0,0,0,0,9,0,0,0,0,0,0,0,1,0,0,0,0,28,7,0,0,21,5,0,2,0,2,0,0,0,7,0,0,0,0,0,9,0,0,0,6,0,1,0,0,0,0,1,0,16,0,2,3,0,0,9,0,0
0,36,5,13,17,0,0,16,38,0,9,6,0,5,5,8,38,0,0,0,8,0,0,31,3,1,4,1,0,2,0,9,2,0,1,0,9,0,0,0,5,0,11,1,0,6,4,20,0,6,8,7,31,26,29,0,0,0,0,0,34,4,1,7,5,0,0,0,2,4,0,11,4,17,0,0,6,4,0,12,1,0,0,1,25,0,1,0,10,9,0,6,0,32,0,33,2,0,4,4,11,1,6,0,2,0,0,2,0,0,38,0,0,3,2,1,3,0,8,13,7,6,5,13,29,2,8,9,30,0,31,0,5,8,0,1,41,0,2,5,22,27,1,0,12,0,25,10,26,0,0,7,3,23,3,17,2,6,20,0,0,28,9,0
3,3,17,4,6,4,2,0,1,0,9,5,0,24,0,12,0,2,1,0,14,0,2,10,5,0,16,0,0,13,7,0,9,0,3,5,0,28,3,3,6,0,0,16,16,2,4,0,5,13,1,0,0,0,0,0,2,0,0,8,4,0,1,17,8,34,26,10,17,1,1,7,2,0,0,6,1,0,14,0,12,4,30,3,0,1,0,2,6,0,4,0,13,0,0,9,1,38,0,0,2,3,4,21,0,0,11,7,1,2,0,0,0,1,3,22,0,1,4,3,1,4,1,0,1,1,0,0,4,0,0,0,14,4,6,29,8,4,0,3,4,4,0,0,3,4,0,1,1,14,11,0,1,4,2,3,5,4,7,4,0,0,2,8
4,0,6,0,0,5,0,0,0,6,0,8,0,1,0,0,0,22,10,26,33,20,1,0,0,4,14,0,21,0,3,0,1,13,1,96,0,0,0,3,0,9,0,15,7,0,0,0,0,0,0,0,0,0,0,14,7,0,19,1,0,11,4,1,2,14,9,8,16,1,18,0,0,0,19,2,5,19,12,0,3,3,18,0,0,0,2,0,0,0,9,0,8,0,6,0,8,0,0,3,0,0,0,5,1,10,4,24,30,1,0,7,28,2,0,1,1,7,0,0,1,11,0,0,0,0,0,0,0,49,0,0,8,6,0,0,0,8,0,13,3,0,0,13,7,9,0,0,0,0,14,0,1,0,0,0,0,0,0,6,37,0,0,22
0,13,3,23,29,5,16,8,0,0,7,5,0,0,15,0,7,5,4,2,0,0,0,16,7,17,7,0,0,1,12,21,4,9,2,1,9,8,3,2,4,6,0,18,11,4,0,4,5,10,0,0,5,12,6,0,7,0,0,11,3,1,11,24,6,0,13,13,5,10,0,11,16,1,0,4,0,19,6,1,2,12,0,16,0,10,6,0,0,4,5,2,5,9,1,11,7,3,10,22,8,16,4,0,7,0,0,7,0,0,3,6,7,0,0,6,3,8,3,41,6,11,8,1,6,3,11,0,9,0,11,0,26,6,0,6,2,0,5,3,16,6,1,0,56,4,11,12,4,3,16,4,0,12,7,19,21,7,2,10,19,6,21,0
0,10,0,2,5,0,1,14,5,0,0,0,6,0,60,3,50,0,0,0,0,0,1,11,18,0,0,33,0,0,0,4,0,0,0,0,12,1,0,0,3,0,16,0,0,0,2,5,0,8,24,4,12,3,15,0,0,4,0,2,0,0,0,0,3,0,0,3,0,0,0,0,5,14,0,0,0,0,0,2,0,2,0,0,24,9,0,0,4,0,0,0,0,12,0,19,0,2,12,0,8,0,5,0,0,0,0,0,2,0,7,0,0,0,0,0,3,0,2,7,0,0,0,1,9,0,0,10,7,0,4,0,0,0,0,0,8,0,0,0,1,0,2,0,0,0,32,0,8,0,0,0,6,1,0,7,2,3,0,0,0,10,4,0
9,0,12,0,4,38,2,0,0,28,3,1,0,15,0,0,0,20,19,35,36,52,4,0,2,32,11,0,53,3,1,0,2,14,27,35,0,2,0,16,0,6,0,1,21,0,0,0,9,6,0,0,2,0,1,21,29,0,6,4,0,28,1,12,0,20,8,3,16,3,37,5,3,0,35,5,2,3,27,0,2,7,11,2,0,0,4,9,5,0,0,0,22,1,17,1,17,0,0,0,0,4,0,24,8,18,30,18,12,0,1,22,6,6,6,1,1,17,0,8,0,17,0,0,0,0,0,0,1,21,0,0,7,8,2,1,1,11,0,43,2,0,0,11,25,3,0,0,2,2,6,0,0,1,3,2,1,1,5,6,35,0,0,22
0,17,0,17,0,0,3,12,0,0,8,1,16,0,3,15,21,0,1,0,0,0,1,16,9,2,1,5,0,1,2,3,10,0,7,0,3,3,7,0,8,0,0,0,0,2,8,10,0,7,5,34,9,14,0,0,0,3,0,17,7,1,0,4,0,0,2,7,4,12,0,16,22,5,0,9,0,0,1,12,3,9,0,10,0,6,0,0,2,0,0,0,0,18,0,7,0,19,0,17,18,0,4,4,10,0,4,0,0,4,14,0,0,0,2,6,16,0,19,4,6,5,0,5,18,12,9,0,5,0,12,0,0,0,1,7,3,1,4,0,8,5,0,0,0,0,2,5,23,0,0,15,3,14,8,2,10,17,13,2,0,15,4,0
8,1,8,0,2,20,4,3,0,9,1,3,0,18,0,0,0,3,20,61,30,13,1,1,0,37,0,0,36,14,10,7,1,42,12,25,0,29,1,24,0,4,0,8,31,0,0,0,8,0,0,0,0,6,0,54,15,0,4,3,0,10,16,10,3,17,1,5,31,0,32,5,0,0,8,6,7,2,13,0,5,30,26,1,0,0,13,8,5,0,22,0,0,0,23,1,19,0,4,3,1,9,1,39,0,1,8,12,10,0,0,30,15,1,14,2,4,20,0,5,2,12,0,0,0,0,0,0,2,24,1,0,13,2,5,0,0,5,0,13,0,0,0,7,29,9,0,0,1,0,14,0,0,0,0,0,0,1,0,4,51,0,3,10
0,16,0,21,2,0,3,20,1,0,0,1,16,0,2,7,24,0,0,0,0,0,0,31,7,3,0,1,0,25,0,15,1,0,1,2,8,4,12,0,12,0,0,3,0,7,11,8,0,8,7,23,21,31,18,0,0,4,0,3,1,0,1,0,0,0,3,1,4,25,0,13,27,11,0,4,0,1,0,27,2,2,0,6,21,32,0,0,9,12,1,18,0,0,0,55,0,5,2,5,19,2,26,0,14,1,1,0,0,6,17,0,1,0,1,0,8,0,5,0,21,1,6,4,13,12,10,1,4,0,14,0,0,0,0,16,14,0,7,2,3,24,0,0,0,3,22,11,28,0,0,6,0,58,6,8,5,9,20,0,0,4,5,0
3,0,0,0,1,20,0,0,0,22,0,8,0,7,0,0,0,23,17,4,13,11,8,0,0,7,7,0,28,3,3,0,0,6,4,4,0,11,0,4,0,0,0,3,22,0,0,0,1,7,0,0,0,0,0,6,5,0,0,0,0,18,3,8,1,22,0,8,17,0,2,0,0,0,4,3,6,3,18,0,7,8,3,1,0,0,0,6,1,0,17,0,23,0,0,0,8,0,1,7,1,0,0,3,3,2,0,17,9,0,0,18,6,0,4,0,4,20,1,1,0,20,0,0,0,0,0,0,0,5,0,0,5,2,22,0,0,2,0,9,6,0,0,3,8,15,0,0,0,6,4,0,0,0,0,0,0,4,0,2,5,0,0,0
0,27,0,14,12,0,15,82,61,0,11,2,47,0,17,14,23,0,3,0,0,0,7,60,18,0,3,125,0,7,3,7,3,0,0,4,20,1,6,0,22,0,139,7,0,21,1,17,0,8,75,81,43,32,41,0,0,22,0,19,18,0,1,6,8,6,7,18,0,16,0,9,24,11,0,2,0,3,0,35,8,2,0,2,66,33,9,0,11,19,1,7,1,55,0,0,0,9,7,37,20,3,16,0,13,0,3,4,0,8,21,0,0,0,7,2,17,0,35,4,12,2,0,49,21,33,6,58,13,0,43,0,2,1,3,3,35,2,13,1,8,6,53,0,6,1,28,12,47,0,1,6,0,8,14,35,7,11,57,3,0,18,9,0
2,2,8,0,8,16,0,0,1,5,0,6,0,9,0,0,0,0,11,0,3,0,0,0,0,0,7,0,0,10,0,1,8,7,5,12,0,19,6,0,1,14,0,3,7,0,0,0,9,5,0,0,0,0,0,11,11,2,14,0,0,11,16,6,2,45,3,20,9,6,5,1,2,0,8,3,25,13,11,0,5,17,2,0,0,2,1,8,7,0,17,0,19,0,8,0,0,1,0,6,2,3,0,20,0,1,0,7,0,8,0,16,9,1,9,3,1,3,4,18,2,6,0,0,0,2,2,0,4,6,0,0,16,0,0,2,2,2,0,0,0,0,0,0,34,9,1,0,0,1,9,0,0,0,3,0,13,0,0,19,17,0,8,0
0,7,0,16,0,0,0,16,0,0,3,0,6,0,2,18,4,0,0,0,0,0,1,9,26,2,3,0,0,10,0,1,24,0,1,4,7,0,11,0,10,0,0,0,0,0,12,1,0,11,5,17,3,7,2,0,1,5,0,0,5,4,3,0,0,1,6,7,1,8,0,5,8,5,0,9,0,0,0,36,2,6,0,4,0,0,38,0,3,2,0,19,0,5,0,9,1,0,0,6,8,0,1,0,14,0,0,5,0,2,7,3,1,0,1,0,13,0,6,0,6,0,0,4,10,15,11,0,1,0,6,0,0,0,2,4,1,0,0,0,1,4,0,0,0,0,19,10,11,0,11,7,1,25,5,3,10,5,6,3,0,2,4,0
0,6,0,0,58,0,6,3,8,0,0,0,5,0,7,0,16,0,0,0,0,0,0,7,1,0,0,3,0,1,3,10,9,6,3,0,4,0,0,0,23,0,1,1,7,0,0,4,0,1,10,0,20,8,15,0,0,0,0,1,0,2,0,5,33,0,3,19,2,5,0,5,9,1,4,1,4,0,3,1,3,3,0,0,0,4,0,0,10,12,0,0,4,2,1,7,0,0,0,0,1,0,4,0,2,0,2,0,0,2,11,2,2,0,16,0,0,0,8,31,0,2,20,0,6,4,0,0,6,0,4,0,5,0,0,3,6,0,2,2,17,9,4,0,11,0,16,13,3,0,4,0,0,13,1,8,8,0,4,0,0,1,26,0
0,33,5,12,0,3,3,25,2,0,8,15,2,3,0,6,0,0,32,4,0,0,5,31,5,2,9,0,0,34,10,1,11,0,11,2,5,1,0,0,6,0,0,6,0,0,7,1,4,25,8,8,21,9,18,0,3,3,0,2,8,1,14,15,6,5,5,9,0,14,3,9,17,0,0,12,0,6,5,4,6,18,1,5,0,4,0,3,22,0,0,17,3,5,7,37,6,6,0,0,7,7,4,5,14,0,7,0,7,0,4,1,0,11,10,14,8,2,17,6,5,7,8,1,16,8,5,0,13,0,8,0,0,3,1,10,18,2,7,0,3,15,0,0,36,0,5,7,7,0,4,15,2,11,10,3,3,7,11,3,0,5,5,0
1,14,1,12,5,0,3,4,14,0,7,3,7,4,2,3,11,0,3,2,0,0,4,23,16,0,13,3,0,14,6,7,2,0,1,15,7,0,20,0,19,0,6,2,1,5,6,2,1,20,11,6,17,12,13,1,0,8,0,4,16,4,1,0,2,0,20,13,0,13,0,4,10,15,1,3,0,0,0,25,2,18,0,3,1,11,2,0,8,8,0,18,1,19,1,20,2,8,1,7,0,4,4,1,4,4,8,1,0,4,2,2,2,0,6,12,11,5,15,2,8,0,0,2,13,15,11,1,7,3,35,0,3,1,0,13,13,2,1,0,8,5,0,0,3,0,7,28,10,1,3,2,0,13,4,0,2,14,14,1,2,5,5,2
7,5,2,3,4,10,0,1,0,0,2,6,7,30,0,0,0,0,9,1,1,0,1,13,0,1,8,0,0,16,0,9,8,4,9,2,1,3,0,0,3,0,0,5,5,0,5,2,0,1,0,1,0,5,5,1,3,0,0,6,5,3,1,32,0,1,10,8,1,32,0,4,7,0,1,7,0,9,3,0,12,16,0,1,0,1,3,0,16,0,4,0,9,2,0,3,3,0,0,7,4,0,5,7,2,0,4,6,1,2,0,1,5,0,8,11,0,3,0,21,0,21,3,0,0,0,0,0,14,0,0,0,4,2,7,10,2,8,0,3,32,0,0,0,16,3,0,1,1,9,3,4,1,8,7,0,7,1,5,0,7,0,6,1
2,13,0,2,7,0,16,9,18,0,2,6,2,0,6,3,4,0,1,0,0,0,0,37,7,2,10,45,0,0,1,6,6,0,1,0,7,0,0,0,5,0,21,9,0,4,3,7,0,13,14,8,24,14,3,0,0,4,0,0,8,1,0,0,3,0,5,18,7,16,0,14,22,3,0,3,0,0,0,11,0,3,0,0,9,6,4,0,4,5,0,4,1,26,0,16,0,1,4,4,4,5,0,1,6,0,6,0,0,1,10,0,7,0,10,0,8,0,13,2,7,0,0,18,9,5,3,3,6,0,13,0,4,0,0,2,8,0,5,0,6,7,6,0,9,0,6,5,5,0,1,1,0,3,6,8,2,1,9,0,0,6,22,0
13,0,14,1,3,2,0,4,0,1,1,19,0,28,0,0,0,7,5,6,3,4,5,7,0,3,9,0,12,8,2,4,3,0,29,14,1,3,1,5,7,13,0,5,1,0,2,1,10,0,0,0,0,0,1,11,9,0,7,0,0,21,21,0,0,9,15,4,15,4,23,0,8,0,4,11,0,2,6,0,7,13,15,5,0,0,21,5,0,0,24,4,39,0,3,0,20,0,0,5,1,7,1,0,9,10,18,16,0,0,0,5,23,2,1,11,2,7,0,5,13,9,0,0,0,0,3,0,0,26,2,0,0,0,24,3,0,24,0,27,0,0,0,4,17,19,0,0,1,10,0,0,17,0,0,0,2,1,0,15,3,6,1,23
1,10,1,14,3,9,3,6,0,0,9,4,11,8,0,2,0,0,1,8,0,3,1,4,5,0,7,0,0,4,0,4,17,0,13,14,3,0,4,0,6,0,0,0,2,0,9,0,3,14,0,1,1,4,6,1,3,2,0,6,7,15,0,0,0,8,21,16,3,3,3,2,17,3,0,9,0,2,13,12,5,18,0,19,0,2,0,1,7,0,8,10,0,14,3,13,0,14,2,14,4,2,6,9,0,4,5,3,1,1,2,3,5,5,5,11,11,0,9,0,11,22,0,0,9,18,4,0,0,2,4,0,0,0,18,28,0,7,2,9,9,0,0,4,0,9,3,10,0,6,5,18,3,7,15,0,9,10,3,4,0,0,5,6
9,0,0,0,0,55,1,0,0,9,0,0,1,2,0,0,0,0,4,9,18,4,6,0,0,0,0,0,8,0,3,0,0,7,17,13,0,0,0,1,0,0,0,2,2,0,1,0,20,0,0,0,1,0,0,10,3,0,4,0,0,20,4,0,0,6,12,7,1,0,11,3,0,0,15,4,3,4,8,1,1,35,6,0,0,0,0,10,0,0,18,0,1,1,2,0,1,0,0,0,4,0,0,10,4,0,0,3,2,0,0,3,3,4,7,4,19,6,5,0,1,2,0,0,0,3,1,0,0,13,0,0,0,6,7,9,0,5,1,6,0,0,0,0,0,5,0,0,0,0,0,0,3,7,1,0,11,3,0,8,16,0,4,7
7,6,22,6,11,4,1,0,5,1,7,9,0,12,0,3,2,6,6,2,5,2,12,16,0,2,16,0,1,9,1,5,1,9,3,2,1,1,0,1,0,0,0,2,2,0,3,3,5,2,0,0,0,5,5,0,17,0,4,6,1,10,17,12,7,1,1,27,10,0,2,4,5,0,4,2,4,8,15,1,5,4,7,4,0,0,11,4,0,0,30,4,8,1,0,3,0,0,2,7,8,4,6,18,5,0,0,9,0,0,0,3,29,0,0,6,7,11,0,4,1,27,1,0,1,1,1,0,7,1,0,0,1,2,1,0,0,28,0,1,8,0,0,0,45,7,0,6,2,5,15,1,7,6,5,0,19,3,3,6,4,0,7,9
38,0,12,0,7,4,20,2,0,17,0,0,0,9,0,1,0,10,2,12,19,25,0,2,0,14,16,0,12,19,9,6,1,39,34,31,0,19,1,7,0,15,0,12,13,0,2,0,7,2,0,0,0,1,8,12,7,1,26,0,0,6,1,12,16,20,5,9,18,0,39,3,0,0,4,7,2,20,49,0,10,18,16,3,0,2,7,24,7,0,18,0,12,0,17,4,7,5,0,0,1,6,0,16,3,3,9,0,5,4,1,22,18,0,6,24,0,12,1,4,0,26,1,0,1,1,0,0,1,17,0,0,10,17,36,3,0,12,0,3,11,0,0,1,25,34,0,5,0,4,2,0,3,0,0,0,8,3,0,3,39,0,3,12
7,0,6,0,0,7,0,0,0,23,0,0,0,2,0,0,0,13,19,111,21,3,9,0,0,2,1,0,10,7,3,0,4,1,5,8,0,5,0,7,0,2,0,5,16,0,0,0,9,1,0,1,0,1,4,5,9,0,7,1,0,0,6,0,1,5,1,2,3,0,6,0,0,0,3,8,0,0,1,0,2,0,0,0,0,0,1,30,0,2,12,0,10,0,9,0,0,0,0,7,0,1,0,0,1,2,0,5,0,0,0,14,0,3,0,16,0,17,0,1,8,1,0,0,0,1,0,0,0,15,0,0,0,10,30,3,0,15,1,8,4,2,0,7,6,13,3,0,0,0,20,0,0,0,1,0,2,0,0,2,0,0,0,0
0,3,0,0,15,1,2,4,2,0,0,1,11,0,0,3,0,0,1,0,0,0,1,5,12,0,1,0,0,4,0,3,7,0,1,0,0,0,1,0,3,0,0,0,0,2,10,0,0,16,0,17,2,2,9,0,0,1,0,0,5,0,0,10,1,0,8,0,1,4,1,6,17,0,0,4,0,0,0,7,0,0,0,3,0,0,2,1,0,0,0,4,0,6,0,8,8,2,2,0,4,2,1,0,1,0,0,4,0,0,0,0,0,0,8,0,6,0,0,5,4,0,2,1,4,8,3,0,3,0,4,0,2,0,0,5,15,0,1,0,8,0,0,0,17,0,6,4,3,0,0,0,7,6,4,1,5,0,1,2,0,0,3,0
0,27,0,8,3,0,0,7,2,0,0,0,1,0,5,3,5,0,0,0,0,0,0,26,3,0,0,7,0,3,0,2,0,0,0,0,0,0,1,0,3,0,6,0,0,4,8,4,0,3,8,14,18,21,14,0,0,2,0,0,25,1,2,0,4,0,0,1,2,13,0,5,11,17,0,0,0,0,0,7,0,0,0,0,9,38,0,0,3,7,1,14,0,17,0,21,0,7,11,4,2,0,10,0,2,0,0,1,0,0,0,0,0,0,0,0,3,0,6,4,3,4,0,5,13,15,0,13,2,0,17,0,0,0,0,3,16,1,0,0,6,4,1,0,0,0,6,5,7,0,0,7,0,16,4,5,4,1,22,2,0,3,4,0
19,0,16,1,4,43,0,0,0,56,1,10,0,6,3,0,0,24,27,35,29,38,14,3,2,21,5,0,13,4,4,5,2,18,0,7,0,17,1,16,6,9,0,2,9,0,1,0,20,2,0,0,0,2,1,10,19,1,18,2,1,4,4,39,6,18,14,59,27,5,8,0,0,1,39,21,1,10,4,0,16,9,14,0,0,0,0,7,6,0,22,0,30,0,18,0,16,3,2,1,2,1,0,5,3,3,3,22,14,0,0,0,26,0,12,2,0,11,1,0,3,35,0,0,0,2,0,0,1,10,0,0,10,0,7,1,0,9,0,11,2,0,0,9,36,8,3,1,0,0,3,0,0,4,2,1,8,0,5,7,14,0,7,3
5,0,5,3,14,29,4,1,0,1,4,26,2,16,0,0,0,2,17,6,3,0,8,2,0,9,16,0,0,11,26,1,23,2,8,2,1,37,0,27,19,10,0,3,6,0,2,0,1,2,0,2,0,1,5,1,16,0,3,9,0,4,11,23,10,19,19,9,7,1,8,2,6,0,36,1,0,28,6,0,5,14,20,3,0,0,0,28,7,0,6,0,15,1,6,0,9,1,2,0,2,5,7,23,5,3,29,18,0,0,0,26,0,2,19,0,4,0,0,12,12,55,0,1,0,2,3,0,14,2,0,0,15,13,14,6,0,14,0,1,9,5,0,0,62,12,2,2,0,5,15,0,2,0,0,0,5,7,5,16,3,0,3,26
30,3,10,4,1,0,2,3,0,0,0,5,3,6,0,0,0,0,0,3,12,0,3,4,0,0,1,0,0,11,0,0,2,0,19,3,0,1,0,0,1,0,0,0,1,0,0,0,9,2,0,1,0,0,1,1,0,0,5,1,0,26,1,0,0,12,11,3,1,0,0,4,0,0,0,1,0,2,6,2,0,13,6,1,0,3,1,2,0,0,6,0,1,0,0,0,1,0,0,11,0,0,0,2,5,4,0,0,3,0,0,0,2,0,2,6,1,9,0,0,3,23,0,0,0,0,0,0,1,1,0,0,0,1,10,7,0,16,1,0,2,0,0,0,0,2,0,0,0,2,11,1,1,0,1,0,7,1,0,4,1,0,1,39
4,0,7,1,22,3,7,4,0,1,0,5,4,10,1,1,0,0,11,0,2,0,0,10,3,0,8,0,0,0,14,3,7,4,20,10,0,3,3,2,2,0,0,6,2,0,5,0,6,3,0,2,0,3,2,1,6,3,0,2,0,5,18,2,24,3,10,16,7,15,0,11,10,0,3,2,1,0,0,2,1,18,2,17,0,2,3,0,0,0,6,2,14,1,4,7,9,1,16,10,6,8,10,1,5,7,0,6,0,8,0,12,19,2,0,3,4,1,7,11,12,17,2,0,2,4,4,0,7,2,0,0,15,0,12,4,1,1,0,9,4,0,0,0,21,6,2,1,2,2,0,2,2,0,1,0,20,7,11,2,3,1,2,0
11,0,7,5,0,8,15,4,0,8,1,9,0,11,0,0,0,0,24,63,20,0,6,9,0,3,14,0,0,14,0,0,22,1,7,26,3,1,10,0,9,0,0,5,7,0,4,0,8,2,0,0,1,5,2,4,19,0,0,3,8,13,1,0,0,7,27,13,6,0,12,4,5,1,1,19,6,3,2,8,14,23,0,21,0,1,22,1,6,0,1,6,2,0,0,2,3,0,0,14,12,11,0,11,11,4,6,24,16,0,0,2,0,6,3,0,8,12,7,0,6,10,0,0,0,3,0,0,3,12,0,0,3,3,55,19,0,28,0,0,19,0,0,0,7,6,2,1,1,1,0,5,13,8,16,0,13,16,3,3,0,0,0,29
4,4,12,1,11,4,4,17,12,0,0,1,15,0,3,14,1,2,1,3,0,0,25,22,14,2,7,0,0,8,0,6,9,0,4,1,2,3,9,0,14,0,0,3,4,1,5,3,2,9,0,13,6,20,10,0,0,1,0,20,11,11,1,4,0,6,8,13,3,13,1,4,9,1,0,15,0,1,0,23,5,39,2,9,0,3,0,1,3,3,1,16,4,8,4,17,1,13,0,8,11,0,8,2,11,19,7,0,0,6,3,0,4,1,4,8,0,3,27,20,37,10,0,3,1,10,18,0,5,0,13,0,2,0,3,10,2,0,2,2,1,11,0,0,2,7,5,13,12,1,0,6,9,4,10,0,18,5,9,1,0,3,13,3
10,0,0,0,0,18,3,0,0,11,0,15,1,3,0,0,0,18,15,21,32,10,0,0,0,8,0,0,52,1,1,0,4,0,3,5,0,0,0,2,0,4,0,6,18,0,0,0,21,0,0,0,0,0,0,15,22,0,0,1,0,9,1,0,0,17,2,3,13,0,6,0,0,0,3,3,0,15,11,0,10,7,0,1,0,0,1,7,8,0,17,0,20,0,20,0,3,0,0,2,5,3,0,7,0,6,11,12,17,0,0,11,0,9,1,12,3,0,0,0,0,28,0,0,0,0,1,0,0,3,0,0,4,5,10,1,0,24,0,46,0,3,0,9,3,13,0,0,0,48,0,0,2,7,0,0,0,2,0,2,0,0,0,15
0,2,0,9,9,0,7,10,14,0,2,2,16,1,2,5,11,0,4,0,1,0,1,19,7,1,6,1,2,3,0,11,7,1,11,1,6,0,14,0,15,0,0,11,2,0,6,4,3,8,7,22,6,19,4,0,0,7,0,22,14,4,2,1,1,1,10,7,0,38,0,8,5,18,0,13,0,0,3,17,3,29,0,4,1,8,4,0,3,2,0,19,0,5,1,35,4,6,8,17,15,0,13,0,9,5,0,1,0,0,6,1,0,0,7,7,27,0,0,5,16,0,2,1,4,13,8,0,1,2,9,0,7,4,0,11,5,6,5,6,1,5,3,0,0,1,7,15,6,0,0,19,1,6,2,17,17,12,15,3,0,11,13,0
12,5,0,0,35,0,9,2,0,0,5,1,3,3,16,0,2,0,0,0,2,0,0,16,0,7,20,0,0,0,6,15,5,3,10,0,8,2,0,9,3,0,0,3,3,0,0,16,0,0,4,2,8,0,8,0,4,7,1,0,3,1,4,18,20,1,0,16,4,28,0,12,12,0,2,0,0,11,13,2,0,11,2,0,0,13,3,0,41,7,8,4,5,0,1,4,18,0,31,6,2,21,2,5,0,0,4,4,1,5,4,0,12,0,11,0,20,0,5,0,4,30,19,0,3,1,0,0,34,0,1,0,17,0,3,0,10,1,0,0,16,5,0,0,20,1,5,7,7,1,5,0,0,2,0,10,21,1,3,5,0,6,19,0
2,6,5,7,9,1,8,9,5,0,6,5,11,1,0,16,4,0,4,0,3,0,25,30,16,3,13,0,0,14,11,4,10,0,1,13,16,5,1,0,12,0,0,2,0,0,6,2,2,14,0,11,2,7,13,0,4,0,0,16,9,7,9,6,5,1,16,24,2,19,0,8,15,0,9,34,1,3,5,15,8,9,2,11,0,7,1,1,6,0,0,6,2,21,0,12,2,6,0,5,8,0,7,13,11,1,1,0,8,4,3,3,12,3,12,6,37,0,16,4,0,7,0,4,4,16,12,0,5,0,9,0,6,1,3,19,2,0,14,5,3,5,2,0,4,8,2,16,21,4,3,9,5,13,15,1,9,16,22,5,0,3,11,2
14,0,24,11,3,13,18,0,0,9,2,19,1,37,0,0,0,25,3,16,7,1,6,5,4,16,39,0,0,18,14,2,7,3,9,8,0,24,6,11,6,6,0,14,6,0,9,1,12,9,0,5,0,2,9,18,5,3,14,5,0,13,8,36,7,24,29,24,11,7,13,7,2,0,36,6,6,29,18,1,9,12,24,8,0,6,4,11,11,0,17,5,12,1,20,2,6,0,2,7,0,21,0,9,22,2,27,26,1,0,4,35,55,23,17,10,10,28,0,30,7,0,11,0,2,8,0,0,13,3,0,0,23,10,20,5,1,32,0,8,24,1,0,0,20,29,0,8,0,8,15,4,2,3,4,0,21,7,9,39,37,0,3,10
0,3,0,0,10,0,21,0,0,0,0,0,0,0,3,0,0,0,0,0,0,0,0,7,0,0,0,0,0,0,7,13,0,6,0,0,1,5,0,0,1,0,0,1,0,0,0,0,0,2,0,3,0,3,0,0,0,0,0,1,0,0,0,0,1,0,0,7,0,8,0,3,11,0,0,0,0,0,0,2,0,1,0,0,0,5,1,0,8,0,0,0,0,6,0,0,0,0,20,8,0,3,0,0,0,0,1,1,0,2,0,0,0,0,2,0,0,0,2,19,0,11,0,0,6,1,1,0,10,0,0,0,0,0,0,0,1,0,0,0,11,1,0,0,0,0,2,0,1,0,0,0,0,0,1,0,6,0,0,0,0,0,11,0
0,10,0,0,0,0,2,23,14,0,0,0,2,0,7,0,7,0,0,0,0,0,0,8,7,0,0,21,0,2,1,0,2,0,0,0,3,0,0,0,0,0,20,0,0,4,2,7,0,3,26,3,10,2,6,0,0,3,0,0,0,0,0,0,0,0,0,0,0,0,0,5,11,9,0,4,2,0,0,1,0,0,0,0,28,13,0,0,1,1,0,5,0,4,0,49,0,4,0,1,2,0,18,0,0,0,0,0,0,1,5,0,1,0,0,0,3,0,1,0,4,0,0,0,9,1,4,3,1,0,16,0,2,0,0,2,1,0,6,0,1,5,8,0,2,0,5,0,12,0,1,0,0,2,6,3,3,3,2,1,0,5,1,0
0,11,0,12,4,0,9,16,4,0,0,3,23,0,3,18,25,0,0,0,0,0,0,58,14,2,6,3,1,2,0,7,6,0,1,2,19,0,5,0,3,0,1,5,0,3,1,15,0,4,13,15,11,19,24,0,0,13,0,1,4,0,1,0,3,0,2,3,0,10,0,26,42,9,0,6,0,0,0,4,2,9,0,0,7,29,1,0,6,9,0,18,0,13,0,21,0,10,6,16,13,0,9,0,9,0,1,1,0,4,13,0,0,0,2,0,1,0,4,3,4,2,6,9,0,3,4,0,13,0,24,0,5,0,0,9,4,0,4,0,16,23,1,0,8,0,5,12,11,0,4,5,0,18,5,6,12,4,25,7,0,7,9,0
0,17,0,23,3,4,2,14,23,0,1,10,11,0,0,23,2,0,1,0,0,0,6,32,15,2,11,0,1,21,0,0,14,0,13,5,1,1,3,0,11,0,0,0,2,0,8,7,1,20,0,25,13,7,2,0,0,4,0,11,9,5,0,8,0,0,1,0,7,6,0,4,30,13,0,29,0,0,5,14,5,15,0,12,0,2,1,0,3,0,0,12,0,12,0,33,2,15,4,8,15,0,5,0,18,3,1,1,1,8,15,2,2,0,4,3,10,0,13,1,16,8,1,1,3,0,20,1,1,2,21,0,0,5,0,17,8,0,2,0,0,14,0,0,0,3,10,19,5,2,1,3,8,8,10,3,17,11,12,0,0,5,8,0
0,0,0,13,0,3,0,3,15,4,4,5,8,0,1,9,1,0,2,5,0,0,5,0,2,0,10,0,1,18,0,0,3,0,11,0,3,0,15,0,8,0,0,1,1,0,20,0,7,20,1,14,1,4,4,3,0,2,0,4,8,17,5,0,0,0,17,10,3,10,0,7,3,1,0,16,0,0,0,11,3,23,0,10,0,8,0,0,11,0,0,9,0,10,0,6,2,11,0,5,11,0,3,3,4,1,1,0,0,3,0,0,3,0,4,0,18,1,8,0,12,0,1,4,4,20,0,0,2,1,9,0,0,1,0,15,0,0,2,4,0,1,0,0,0,0,5,7,13,1,0,1,0,4,11,0,5,20,6,7,0,2,0,0
0,18,0,3,0,0,0,0,18,0,0,0,0,0,3,0,27,0,0,0,0,0,0,3,0,0,0,65,0,0,0,1,0,0,0,0,1,0,0,0,0,0,42,0,0,44,0,1,0,0,13,0,3,4,9,0,0,2,0,0,0,0,0,0,0,0,0,0,0,0,0,1,0,9,0,0,0,0,0,1,0,0,0,0,21,9,0,0,0,10,0,0,0,1,0,58,0,0,0,0,1,0,3,0,0,0,0,0,0,0,13,0,0,0,0,0,0,0,0,0,0,0,0,3,0,1,0,0,0,0,1,0,0,0,0,0,7,0,0,0,0,0,22,0,0,0,3,0,0,0,0,0,0,3,0,6,1,0,0,0,0,5,0,0
0,9,2,1,12,1,2,16,4,0,1,8,6,1,1,0,4,1,0,0,0,0,0,29,1,5,19,0,0,6,10,13,2,2,9,0,9,4,1,0,3,9,0,21,0,0,0,21,0,10,18,1,15,4,10,0,1,2,0,0,4,1,8,14,7,8,10,4,0,32,0,25,17,6,6,7,0,16,10,0,0,12,0,6,5,30,4,0,9,7,1,5,2,4,0,13,4,1,6,13,7,14,6,0,0,0,7,1,0,3,2,1,14,1,7,3,5,0,1,34,5,13,10,1,13,1,2,0,0,3,15,0,28,0,0,4,7,0,16,1,25,19,0,0,28,4,15,30,5,0,5,0,0,14,8,6,31,10,7,0,0,1,33,0
19,1,14,4,1,54,0,0,0,8,0,2,0,6,0,0,0,18,4,6,34,22,7,0,0,0,2,0,9,0,10,0,0,9,19,42,0,0,0,6,1,9,0,1,13,0,3,0,33,0,0,0,0,2,0,9,39,0,6,1,0,36,4,3,0,37,8,11,21,0,34,0,2,0,14,4,0,1,9,0,8,10,12,0,0,0,0,49,0,0,21,0,24,0,5,0,6,0,0,0,3,0,0,26,2,13,1,17,15,0,0,10,2,1,2,12,0,3,2,0,0,3,0,0,0,2,1,0,3,0,1,0,1,6,33,7,0,8,0,12,2,0,0,1,9,15,0,2,2,1,11,0,0,0,1,0,0,3,0,13,28,0,1,9
0,28,2,12,9,1,5,28,20,0,2,3,5,0,9,19,39,0,1,0,0,0,4,42,18,0,0,0,0,0,3,7,3,0,0,0,17,0,7,0,19,0,0,0,0,0,2,19,1,2,23,10,66,18,12,2,0,15,0,2,14,4,0,0,2,0,3,1,0,8,0,21,18,22,0,4,0,0,0,7,0,4,0,1,2,31,0,0,11,4,0,12,1,14,0,43,0,6,4,8,35,0,13,2,4,0,0,0,0,4,17,0,0,0,0,0,13,0,9,1,9,0,0,16,24,21,9,1,15,1,0,0,8,0,0,6,18,0,14,3,3,28,0,0,8,1,30,20,25,0,4,6,1,21,6,9,5,16,11,2,1,16,7,0
0,0,0,0,0,0,0,0,0,0,0,0,0,0,0,0,0,0,0,0,0,0,0,0,0,0,0,0,0,0,0,0,0,0,0,0,0,0,0,0,0,0,0,0,0,0,0,0,0,0,0,0,0,0,0,0,0,0,0,0,0,0,0,0,0,0,0,0,0,0,0,0,0,0,0,0,0,0,0,0,0,0,0,0,0,0,0,0,0,0,0,0,0,0,0,0,0,0,0,0,0,0,0,0,0,0,0,0,0,0,0,0,0,0,0,0,0,0,0,0,0,0,0,0,0,0,0,0,0,0,0,0,0,0,0,0,0,0,0,0,0,0,0,0,0,0,0,0,0,0,0,0,0,0,0,0,0,0,0,0,0,0,3,0
1,0,4,0,15,10,12,5,0,7,1,10,0,17,2,2,0,5,13,0,3,1,0,0,0,3,7,0,0,0,4,10,7,8,11,3,5,19,1,8,7,0,0,10,3,0,0,2,1,0,0,1,0,14,1,4,11,1,0,0,0,3,12,42,12,18,9,22,6,9,4,11,7,0,16,0,4,14,17,3,15,2,2,0,2,5,14,8,26,0,7,0,13,0,5,2,16,0,5,0,3,4,4,0,0,0,1,10,0,2,0,10,15,0,15,3,2,4,7,17,6,23,0,2,5,0,0,0,28,1,8,0,0,5,0,0,3,5,1,6,39,1,0,0,64,5,4,6,3,2,10,0,0,4,7,0,0,0,1,1,0,1,11,9
22,1,8,2,7,0,1,1,1,2,0,11,0,6,0,0,5,0,3,30,21,1,5,0,0,6,4,0,5,3,7,0,5,5,2,8,0,8,0,0,1,2,0,6,11,0,0,0,0,0,0,0,0,4,0,5,11,3,4,0,0,0,17,21,3,9,15,13,7,1,51,2,2,4,13,1,12,31,9,0,0,4,5,5,0,8,4,6,6,0,8,0,2,0,2,1,0,0,0,3,1,2,0,0,0,6,2,17,10,0,0,0,13,1,0,3,0,5,4,0,1,10,0,0,0,5,1,0,0,6,0,0,5,0,0,0,0,0,0,31,8,19,0,7,12,8,2,2,0,6,29,0,4,2,0,4,0,2,0,9,2,0,0,5
3,0,2,0,5,5,6,1,0,18,0,4,1,10,0,0,0,0,8,41,23,6,10,1,0,0,13,0,0,1,3,5,2,2,14,45,0,2,0,5,3,2,0,0,13,0,7,0,30,1,0,0,0,0,0,2,2,0,1,2,0,8,6,12,0,6,12,7,5,3,68,0,0,2,0,11,4,3,0,0,15,10,0,0,0,0,6,0,0,0,2,1,5,0,22,3,0,2,0,1,0,7,0,24,18,7,1,36,30,0,0,7,14,10,12,55,3,10,0,3,3,20,0,0,0,0,0,0,0,33,0,0,0,0,0,6,0,5,1,12,1,0,0,0,0,3,0,3,0,10,5,0,0,2,0,0,0,7,0,3,0,0,4,12
2,5,2,24,2,17,9,2,0,0,5,2,6,4,0,1,5,0,9,0,0,2,3,14,14,0,11,0,0,28,6,6,5,0,20,0,4,0,14,3,10,0,0,0,3,0,12,8,6,32,3,20,3,16,5,3,4,3,0,8,11,4,1,0,9,10,13,11,3,9,6,9,15,11,0,41,0,0,4,5,12,31,1,16,0,1,29,0,6,0,1,7,0,16,0,3,2,4,3,10,13,10,2,3,28,9,0,3,3,5,3,1,6,7,4,19,10,1,11,0,19,5,0,2,9,17,15,0,4,7,6,0,0,0,6,0,1,2,2,1,1,4,0,0,0,7,8,16,5,2,2,7,3,5,15,10,13,41,0,3,0,11,2,6
0,42,0,0,12,1,10,7,2,0,0,0,0,0,10,6,26,0,0,0,0,0,0,36,18,0,5,17,0,0,3,3,6,0,2,0,15,0,0,0,2,0,12,8,0,4,5,17,0,3,16,3,14,7,19,0,0,5,0,0,13,0,0,1,7,0,2,12,0,5,0,19,15,17,0,0,0,0,0,0,0,4,0,0,7,41,8,0,2,8,1,3,0,14,0,35,2,1,6,18,13,2,8,0,0,0,0,0,0,15,16,0,0,0,1,0,2,0,5,10,2,1,1,1,4,8,0,7,7,0,18,0,3,0,0,1,0,0,0,0,26,3,3,0,5,0,28,2,20,0,0,2,0,16,10,34,0,1,5,0,0,7,10,0
6,0,0,1,15,11,5,0,0,10,5,5,0,18,0,0,0,0,5,33,11,3,18,2,0,1,5,0,2,7,5,2,9,0,23,3,0,0,1,0,3,2,0,3,2,0,0,0,14,1,0,0,0,0,3,14,0,0,0,0,0,10,3,15,3,8,2,3,10,0,4,3,2,0,0,0,11,18,10,1,9,12,20,10,0,0,4,8,0,0,11,1,5,0,2,2,2,0,0,2,2,8,0,24,7,5,28,12,15,0,1,9,14,16,1,28,0,24,6,1,0,32,0,0,0,0,0,0,0,8,0,0,5,0,5,2,0,0,0,5,12,0,0,0,7,9,0,0,0,11,0,0,9,0,1,0,5,0,0,8,0,2,0,13
0,12,0,9,9,3,4,4,0,0,1,1,5,0,0,0,0,0,7,0,0,0,4,16,2,0,1,0,0,14,0,3,0,0,11,3,0,0,6,0,6,0,0,45,1,0,10,3,0,4,2,31,0,2,3,0,0,8,0,0,2,0,0,3,17,0,2,1,0,6,0,2,2,2,0,5,0,0,1,3,14,3,0,0,0,2,0,0,5,0,0,4,0,7,0,13,0,0,2,7,1,0,5,0,2,1,0,0,1,1,0,0,0,1,0,0,2,0,5,0,14,0,0,6,4,2,2,0,16,0,14,0,1,0,1,2,0,0,0,0,3,16,0,0,5,3,13,8,7,0,2,1,0,8,2,2,2,2,11,5,0,0,2,0
32,0,3,5,5,0,3,0,0,11,2,7,0,4,0,3,1,29,9,95,19,3,1,0,0,4,1,0,11,0,0,0,3,1,5,1,6,1,0,9,2,4,0,1,12,0,3,0,4,0,0,2,0,0,0,7,12,0,0,0,5,11,1,0,9,14,9,14,4,1,11,0,2,0,7,0,2,11,69,0,12,9,5,6,0,5,3,13,3,0,43,0,13,2,9,1,0,0,2,0,0,3,0,27,9,6,1,3,8,0,0,11,1,0,9,0,2,46,6,0,5,8,0,0,0,0,4,0,1,12,3,0,6,31,12,1,0,5,0,0,0,0,0,20,20,28,0,0,0,31,9,0,0,4,0,0,1,3,2,8,0,0,0,1
6,3,6,1,8,4,14,20,6,0,5,14,0,5,1,4,4,5,0,0,1,1,0,11,14,4,11,0,0,6,4,20,14,4,0,0,0,1,2,8,8,0,0,36,6,0,0,5,0,3,3,0,6,10,13,0,3,1,3,2,0,5,19,24,17,0,2,1,0,9,0,5,13,0,8,3,0,24,2,1,0,6,2,6,0,22,4,3,16,1,2,8,0,3,6,8,0,1,17,3,8,32,6,0,9,0,8,11,4,8,6,2,9,2,4,19,1,0,1,16,3,24,11,1,16,0,0,0,25,2,3,0,39,8,1,1,26,12,3,0,0,22,1,3,43,1,6,10,26,0,18,3,7,35,2,6,2,18,3,0,7,2,3,6
0,21,0,10,9,0,5,24,8,0,8,10,9,0,2,5,8,0,0,0,0,0,0,32,10,0,1,0,0,4,0,3,2,0,1,0,11,0,7,0,0,0,0,1,0,0,3,7,0,15,8,4,17,14,11,0,1,7,0,3,2,0,2,2,9,0,0,4,1,11,0,13,10,14,0,4,0,1,2,1,0,0,0,1,0,27,4,0,6,0,0,5,0,24,0,6,0,4,9,15,5,0,7,0,0,0,0,0,2,0,4,0,5,0,0,0,11,3,5,5,5,1,1,5,23,14,1,0,19,0,28,0,1,19,0,4,3,0,16,0,22,0,0,0,18,0,11,10,10,0,12,0,0,24,4,5,8,7,23,1,0,6,10,0
0,5,0,0,0,0,0,0,5,0,0,0,0,0,2,1,9,0,0,0,0,0,0,1,2,0,0,57,0,0,0,0,0,0,0,0,6,0,0,0,0,0,46,0,0,12,0,1,0,0,11,0,4,7,0,0,0,0,0,0,0,0,0,0,0,0,0,0,0,0,0,0,0,1,0,0,0,0,0,0,0,0,0,0,9,1,0,0,1,2,0,0,0,0,0,53,0,0,4,0,0,0,6,0,0,0,0,0,0,0,1,0,0,0,0,0,0,0,3,0,2,0,0,8,1,0,0,22,0,0,0,0,0,0,0,0,3,0,0,0,1,0,0,0,0,0,5,0,0,0,0,0,0,0,0,1,0,0,0,0,0,2,0,0
0,0,0,0,0,0,5,0,0,5,0,0,0,4,0,0,0,22,0,8,32,16,0,0,0,0,0,0,18,0,0,0,0,10,0,8,0,0,0,0,0,4,0,0,16,0,0,0,5,0,0,0,0,0,0,6,5,0,31,0,0,12,3,3,0,0,0,0,1,0,0,0,0,0,15,0,0,26,6,0,1,0,5,0,0,0,0,13,0,0,11,0,7,0,3,0,0,0,0,0,0,0,0,4,4,0,0,1,7,0,0,9,0,0,0,0,0,9,0,0,0,0,0,0,0,0,0,0,0,1,0,0,0,7,0,0,0,0,0,20,3,0,0,0,3,0,0,0,0,0,0,0,0,0,0,0,0,0,0,0,33,0,0,13
9,6,7,0,11,22,35,13,0,0,13,12,0,11,0,0,5,71,50,33,7,18,0,0,0,30,4,0,5,1,28,7,6,7,0,2,2,22,1,68,6,57,0,11,20,0,0,2,1,0,0,0,0,9,13,7,43,1,5,7,0,2,12,66,9,18,10,2,13,6,10,10,0,0,43,1,5,15,6,0,34,10,24,0,0,12,3,7,56,0,25,0,29,0,8,6,34,0,11,36,3,16,9,17,0,0,45,25,6,17,0,36,62,0,21,7,2,3,0,20,4,20,0,2,8,0,0,0,28,9,8,0,64,12,0,0,5,7,5,20,43,18,0,3,0,34,7,10,0,6,47,0,0,16,0,0,1,0,7,4,17,0,8,3
6,1,9,1,1,18,1,0,0,4,1,12,2,7,0,4,0,21,6,17,34,1,19,2,0,3,9,0,10,3,3,0,10,1,3,10,0,25,0,11,0,9,0,0,9,0,8,0,23,1,0,6,0,0,0,1,9,4,7,0,0,13,2,7,0,9,11,4,32,2,13,0,0,0,18,6,3,4,28,0,1,6,18,8,0,0,4,9,4,0,3,0,9,3,15,1,9,0,0,0,0,3,0,19,9,5,7,34,13,0,0,8,12,2,6,6,7,13,1,1,8,29,0,0,0,3,0,0,4,15,1,0,5,8,3,7,0,9,3,28,1,0,0,0,34,0,0,0,0,0,3,0,5,0,0,0,4,1,0,4,0,0,6,6
0,13,0,6,11,0,6,11,22,0,3,0,6,0,30,9,30,0,0,0,0,0,0,39,14,0,5,20,0,4,2,8,3,1,8,0,16,0,1,1,4,0,11,11,0,3,1,6,0,4,12,33,18,26,5,0,4,24,0,0,4,0,1,8,16,2,4,14,0,29,0,17,21,24,0,0,1,0,1,8,2,10,0,0,6,25,0,0,11,32,0,2,0,22,0,28,1,19,16,5,7,0,6,0,3,0,0,0,3,6,6,3,2,0,2,2,5,0,7,5,2,0,2,5,5,10,5,3,15,0,30,0,4,2,0,8,28,0,13,0,6,11,5,0,7,0,0,9,21,0,12,2,1,18,2,11,2,10,14,0,0,14,8,0
1,2,0,13,22,2,5,16,2,1,21,7,6,5,4,7,12,0,10,2,0,0,8,18,10,0,9,0,0,6,3,2,6,0,1,3,6,2,2,0,9,0,0,4,0,0,4,7,2,15,0,13,13,19,15,0,0,7,0,11,10,0,1,5,3,0,6,1,3,3,0,12,5,12,0,5,0,0,0,1,22,3,0,2,0,10,1,0,12,0,0,5,0,11,0,12,0,10,13,7,28,1,5,0,10,0,6,5,0,4,5,1,2,0,1,1,13,0,15,7,16,8,0,0,12,19,7,0,30,2,20,0,6,2,3,16,2,0,8,0,10,10,0,0,10,0,9,0,6,0,1,12,2,26,20,2,13,5,12,1,1,9,2,4
0,17,2,8,5,0,11,34,1,0,9,3,9,1,12,14,3,0,0,0,0,0,0,35,14,1,4,0,0,10,1,5,1,0,0,3,4,8,6,0,20,0,0,5,0,0,6,20,0,14,1,24,9,12,23,0,2,6,0,11,11,3,0,4,0,0,1,4,0,4,0,9,19,9,0,9,1,1,1,13,0,3,0,10,1,26,1,0,4,8,2,23,1,28,0,47,0,11,3,7,10,1,5,1,0,0,2,0,0,3,7,0,0,0,2,1,12,0,6,7,21,0,1,12,11,5,13,0,5,2,25,0,3,0,0,5,20,0,7,0,26,10,0,0,0,0,21,6,0,2,0,12,3,29,9,22,11,6,14,2,0,19,12,0
8,0,7,0,0,14,2,0,0,2,0,5,0,10,0,0,0,1,2,10,3,1,3,2,2,0,5,0,1,5,0,0,2,0,13,12,0,0,0,1,1,0,0,0,2,0,0,0,2,2,1,2,0,3,3,34,3,0,0,0,0,0,1,0,0,2,0,1,1,0,5,4,0,0,2,0,7,0,0,0,11,2,3,0,0,0,14,0,3,0,2,0,0,0,6,0,1,0,0,0,1,9,0,10,6,0,5,4,0,0,0,0,5,2,2,1,1,48,0,1,4,8,0,0,0,2,1,0,0,1,0,0,2,6,10,2,0,11,0,31,0,0,0,0,6,0,0,0,2,0,4,0,0,0,1,0,0,10,2,12,2,0,0,9
0,2,19,0,21,7,6,0,3,0,0,8,0,4,0,0,1,7,2,20,19,2,0,4,0,13,11,0,1,3,21,16,18,0,7,3,5,4,6,5,0,6,0,7,3,0,1,2,0,5,0,0,1,0,1,0,5,0,0,0,0,0,8,30,24,19,6,10,5,6,0,10,12,0,8,5,2,35,6,0,2,6,16,0,0,0,11,14,16,0,6,0,14,0,4,1,9,11,4,4,3,3,1,0,5,0,15,2,20,0,0,3,15,11,0,0,0,0,0,5,3,15,0,1,4,1,0,0,5,11,4,0,10,29,5,2,0,0,2,9,18,12,0,0,47,3,12,1,0,4,0,0,0,3,1,0,3,11,8,1,0,0,6,0
0,6,4,13,2,2,1,3,6,0,0,1,8,4,0,7,0,0,0,0,0,0,0,6,4,0,2,0,0,31,2,0,5,0,7,2,4,0,14,0,0,0,0,4,0,0,10,0,1,10,2,10,5,3,3,0,0,0,0,5,18,3,2,0,1,0,5,23,2,3,0,10,17,2,0,9,3,0,2,23,6,16,2,11,0,7,0,0,4,0,0,15,0,6,0,6,0,7,0,15,2,4,1,0,18,0,1,0,0,0,7,0,0,1,2,5,6,0,19,0,9,4,0,0,5,3,1,0,0,0,6,0,0,0,0,7,2,0,1,0,3,0,0,0,0,0,2,12,12,0,0,0,1,6,7,0,13,1,1,1,0,2,0,0
4,0,10,2,0,0,0,0,0,2,6,27,3,15,0,0,0,0,2,4,3,0,9,3,6,2,12,0,0,15,1,8,1,0,5,5,2,2,4,0,2,0,0,2,0,0,3,0,9,0,0,0,0,0,8,0,0,2,3,8,0,4,4,0,0,2,0,9,1,0,0,1,0,0,0,12,0,11,1,1,7,21,5,5,0,3,1,1,0,6,0,3,0,0,0,0,0,1,0,2,0,1,0,17,3,3,7,3,0,7,0,0,2,1,2,13,9,2,1,0,5,2,0,0,0,8,0,0,0,0,1,0,0,4,0,3,0,9,0,0,7,0,0,0,0,5,1,2,3,0,0,1,0,0,0,0,7,9,0,17,9,0,0,3
0,21,0,12,7,2,6,7,0,0,5,3,10,1,7,19,9,2,2,0,0,0,0,15,9,2,4,0,0,2,3,14,9,0,2,1,7,5,9,0,12,0,0,14,3,0,1,14,0,7,6,16,7,21,22,0,3,3,0,3,28,0,6,12,6,1,5,5,4,14,0,15,9,6,0,1,0,2,1,27,3,6,0,0,1,23,4,0,12,1,1,14,0,58,0,8,0,25,13,11,13,8,3,0,7,7,6,0,0,6,16,4,0,0,0,8,4,7,6,2,13,3,0,2,18,8,4,3,14,0,21,0,4,2,2,5,16,0,8,4,35,24,0,0,16,0,18,26,29,0,3,6,0,0,5,5,8,3,30,0,0,8,16,1
0,4,2,18,7,6,10,9,5,0,3,2,12,1,3,5,0,0,0,0,0,0,0,13,28,0,10,0,0,11,4,11,2,0,2,5,3,1,21,0,14,0,0,1,2,0,10,1,0,16,5,17,3,7,2,0,0,3,0,7,15,1,5,3,1,0,7,3,0,2,0,2,26,9,0,1,0,0,3,9,0,1,2,10,0,3,2,0,7,0,3,8,0,6,0,14,3,5,1,10,4,7,6,0,15,1,5,0,1,4,4,2,0,1,1,16,10,0,2,0,15,4,1,6,5,10,11,0,8,1,6,0,7,0,0,15,10,1,2,0,2,4,0,0,0,0,2,20,9,1,1,7,0,5,0,0,8,3,0,4,0,0,1,0
0,30,0,6,15,0,3,1,28,0,0,0,0,0,10,2,35,0,0,0,0,0,0,23,10,0,10,14,0,2,2,16,6,0,0,0,8,4,4,0,2,0,9,2,0,6,0,23,0,4,9,8,18,19,24,0,0,29,0,2,13,0,0,0,4,0,0,2,0,6,1,18,13,24,0,0,0,3,0,2,0,3,0,0,16,17,3,0,19,7,2,2,0,8,0,35,0,3,8,3,0,0,8,0,0,0,0,0,0,1,5,1,0,0,0,0,0,0,17,10,1,0,0,3,6,3,0,6,6,0,9,0,0,4,0,10,34,0,2,0,6,5,1,0,0,0,11,2,22,0,0,0,0,5,0,0,0,11,10,0,0,13,0,0
1,25,0,21,38,11,0,15,0,1,0,5,25,1,0,6,3,0,5,2,0,0,30,21,9,3,8,0,0,6,9,7,4,0,16,2,3,0,3,0,11,0,0,5,4,0,9,0,7,10,1,21,3,9,14,1,0,5,0,6,6,5,14,23,8,0,29,14,3,17,0,39,15,0,0,2,0,0,26,20,5,27,3,11,0,2,5,0,21,2,1,10,0,5,0,7,13,10,8,3,2,7,2,2,9,11,19,8,2,5,4,8,5,7,20,13,18,0,17,21,9,21,6,3,12,17,5,1,31,0,5,0,0,0,0,13,0,5,2,1,2,8,0,0,1,4,2,13,11,0,3,13,7,8,8,0,0,4,12,2,0,0,86,0
0,4,4,20,4,13,14,17,16,0,8,5,6,1,4,7,6,0,8,2,1,0,5,6,2,0,7,0,0,16,7,4,10,6,17,4,5,4,4,0,4,0,0,11,0,2,3,1,4,12,1,5,7,20,0,2,6,14,2,21,7,0,4,3,9,1,14,17,0,7,1,9,18,9,0,6,0,11,1,13,0,31,0,19,2,6,4,0,7,3,1,17,1,9,4,11,0,5,0,7,14,1,1,1,10,3,3,3,0,0,1,0,7,1,7,16,5,2,12,1,16,7,0,3,4,11,20,0,10,3,16,0,0,2,7,41,1,0,2,3,18,7,0,0,0,1,10,5,6,10,11,1,9,3,3,11,4,0,6,11,2,9,0,0
0,32,0,14,11,0,7,9,9,0,1,1,9,1,13,13,5,0,4,0,0,0,0,17,17,0,2,0,0,8,2,4,6,0,0,0,25,9,5,0,7,0,0,5,0,1,4,15,0,4,12,8,46,22,26,0,0,7,0,0,15,1,5,12,9,0,18,19,0,7,0,17,35,24,0,8,1,2,1,4,3,0,1,3,3,20,7,0,2,0,5,13,0,20,0,57,0,6,4,11,14,5,9,0,3,0,3,0,0,1,22,5,5,0,11,3,9,0,15,3,22,9,0,2,25,12,6,0,7,0,11,0,1,0,0,0,5,0,11,2,3,23,0,0,7,0,14,12,14,2,8,1,0,30,0,10,12,6,0,3,0,21,4,0
10,5,4,1,7,9,5,0,0,0,8,7,0,7,4,2,0,0,8,0,24,0,16,10,4,1,6,0,0,19,13,0,14,12,11,11,1,13,6,0,8,0,0,14,3,0,3,0,22,1,0,1,0,1,4,6,8,2,0,2,3,15,21,1,2,9,9,13,20,9,11,0,1,0,6,11,27,23,2,2,4,23,14,1,0,0,4,6,10,0,6,2,4,0,2,3,19,3,0,3,1,0,0,15,4,8,6,3,2,2,2,7,16,4,2,3,1,2,3,5,5,39,0,1,7,0,7,0,0,13,2,0,1,9,3,3,0,8,5,8,0,1,0,0,4,4,0,1,2,12,1,1,17,0,4,0,2,11,3,0,8,2,0,4
8,2,20,0,0,7,0,0,0,6,0,4,0,1,0,0,0,19,6,28,17,13,1,0,0,6,3,0,36,2,8,0,0,14,0,6,0,1,0,12,0,11,0,2,16,0,0,0,0,0,0,0,0,0,0,17,24,0,43,2,0,9,2,13,0,15,5,0,15,0,9,0,0,0,18,1,0,24,31,0,0,4,20,0,0,0,0,37,19,0,35,0,51,0,5,0,17,0,0,0,2,7,0,3,0,16,4,39,0,0,0,14,3,1,3,0,0,0,0,0,0,37,0,0,0,0,0,0,0,28,1,0,0,2,0,0,0,0,0,0,7,0,0,33,17,0,0,1,0,2,0,0,9,0,0,0,0,2,0,8,0,0,0,12
0,15,0,5,0,0,3,11,2,0,0,0,4,0,5,10,23,0,2,0,0,0,0,23,6,0,0,15,0,2,0,6,0,0,0,0,9,0,0,0,3,0,5,0,0,0,2,4,0,2,19,9,14,21,4,0,0,14,0,3,1,0,1,0,6,0,0,0,0,6,0,14,2,13,0,0,0,0,0,7,0,0,0,0,9,28,0,0,6,10,0,15,0,4,0,18,0,2,1,5,5,0,6,6,0,0,0,0,0,0,3,0,0,0,1,0,3,0,11,6,3,0,0,5,7,5,2,5,1,0,16,0,1,0,0,11,7,2,0,0,2,6,2,0,0,0,14,9,19,0,0,2,0,8,0,13,0,9,21,2,0,0,2,0
0,2,1,8,33,10,9,4,5,0,7,4,9,0,14,0,1,0,2,6,0,0,4,23,7,5,3,0,1,0,2,37,5,0,21,0,7,2,0,0,28,0,0,15,0,1,0,9,1,6,2,13,8,12,14,0,0,11,0,0,0,5,2,2,16,0,10,11,2,29,5,17,11,2,0,4,0,2,8,6,9,4,3,1,0,9,2,0,21,4,0,4,3,5,0,9,8,4,26,5,5,6,22,1,5,4,7,3,0,3,4,7,3,1,2,0,13,0,13,19,11,3,11,1,9,8,0,0,33,1,7,3,11,0,4,2,10,0,2,0,3,10,0,0,8,6,8,2,12,0,6,0,0,16,1,0,86,0,4,0,0,2,0,0
11,0,10,0,0,9,4,3,0,4,3,11,0,34,0,0,1,1,3,3,18,3,3,0,0,5,14,0,11,16,10,0,7,10,1,22,0,9,0,1,0,0,0,0,7,0,0,0,23,24,0,2,0,0,1,12,9,0,40,0,0,16,10,11,7,16,18,7,2,0,28,1,0,0,3,1,5,30,7,3,11,7,28,0,0,0,8,22,0,0,22,0,10,0,0,0,0,0,0,0,2,1,0,23,6,7,9,12,0,0,0,3,26,39,0,29,3,15,0,0,2,10,0,0,0,0,0,0,0,9,0,0,9,5,12,6,0,13,0,1,6,0,0,13,3,6,0,4,0,9,0,0,3,1,0,0,0,0,0,4,12,0,0,0
