Ant2,Ant6,Ant24,Ant25,Ant73,Ant148,Ant191,Ant227,Ant252,Ant954,Ant27,Ant44,Ant49,Ant51,Ant97,Ant117,Ant170,Ant176,Ant242,Ant256,Ant262,Ant263,Ant264,Ant299,Ant305,Ant356,Ant391,Ant475,Ant476,Ant502,Ant592,Ant593,Ant599,Ant638,Ant650
0,6,1,23,2,25,0,16,4,5,1,7,12,11,11,7,11,16,6,0,6,17,4,2,4,11,1,11,26,0,6,11,8,90,62
6,0,3,16,10,1,4,1,0,15,16,14,23,3,1,12,3,4,16,10,3,12,1,5,0,11,9,4,1,10,18,21,9,4,8
1,3,0,9,23,1,0,2,15,21,8,9,31,2,1,21,4,13,17,2,9,8,4,12,0,5,2,13,0,2,13,7,4,4,1
23,16,9,0,10,2,3,3,2,13,7,1,12,8,13,22,9,11,23,10,2,5,3,6,0,15,1,19,8,0,13,13,2,25,21
2,10,23,10,0,0,0,1,4,8,31,14,22,10,11,19,25,20,31,2,1,11,9,24,0,6,10,7,2,2,26,9,15,1,4
25,1,1,2,0,0,0,0,1,0,1,0,0,3,5,9,3,4,0,1,1,2,0,1,0,0,0,3,2,0,0,0,1,4,3
0,4,0,3,0,0,0,7,6,0,4,0,2,2,2,10,1,4,0,4,0,0,0,0,12,2,0,3,0,0,2,1,1,1,0
16,1,2,3,1,0,7,0,1,0,2,0,0,2,1,0,1,1,0,6,0,0,0,6,4,3,1,0,0,1,0,7,1,3,0
4,0,15,2,4,1,6,1,0,15,15,10,14,2,0,24,12,9,15,3,7,9,15,11,0,0,11,12,0,4,14,18,4,2,3
5,15,21,13,8,0,0,0,15,0,11,21,24,2,1,24,2,4,3,7,6,4,19,20,0,6,13,11,0,6,8,14,7,4,4
1,16,8,7,31,1,4,2,15,11,0,1,2,0,11,24,16,17,14,13,4,8,8,17,5,3,63,1,1,0,20,9,13,0,2
7,14,9,1,14,0,0,0,10,21,1,0,5,0,0,18,2,5,0,0,1,1,13,2,0,0,13,5,0,35,17,0,0,0,0
12,23,31,12,22,0,2,0,14,24,2,5,0,5,1,17,5,4,20,2,2,27,5,6,0,6,18,11,1,4,28,3,4,1,0
11,3,2,8,10,3,2,2,2,2,0,0,5,0,4,1,5,38,10,10,12,7,2,1,0,3,4,9,12,0,12,2,5,25,21
11,1,1,13,11,5,2,1,0,1,11,0,1,4,0,7,6,4,0,3,3,1,4,10,0,2,0,10,5,0,0,12,6,11,9
7,12,21,22,19,9,10,0,24,24,24,18,17,1,7,0,11,31,16,8,10,11,19,4,2,11,8,34,8,2,48,9,5,1,6
11,3,4,9,25,3,1,1,12,2,16,2,5,5,6,11,0,3,5,3,0,9,5,7,7,7,5,1,4,1,9,1,7,0,0
16,4,13,11,20,4,4,1,9,4,17,5,4,38,4,31,3,0,12,9,7,6,10,5,1,6,0,21,9,2,24,13,13,26,31
6,16,17,23,31,0,0,0,15,3,14,0,20,10,0,16,5,12,0,1,4,7,8,2,0,30,15,10,4,1,38,2,8,4,0
0,10,2,10,2,1,4,6,3,7,13,0,2,10,3,8,3,9,1,0,1,2,4,1,46,6,5,6,2,0,5,10,0,6,5
6,3,9,2,1,1,0,0,7,6,4,1,2,12,3,10,0,7,4,1,0,1,6,11,0,3,1,9,4,4,0,1,1,7,13
17,12,8,5,11,2,0,0,9,4,8,1,27,7,1,11,9,6,7,2,1,0,1,6,0,12,22,10,1,28,16,2,20,2,4
4,1,4,3,9,0,0,0,15,19,8,13,5,2,4,19,5,10,8,4,6,1,0,8,0,8,3,13,0,15,9,11,3,1,1
2,5,12,6,24,1,0,6,11,20,17,2,6,1,10,4,7,5,2,1,11,6,8,0,8,15,12,15,1,2,13,25,17,0,0
4,0,0,0,0,0,12,4,0,0,5,0,0,0,0,2,7,1,0,46,0,0,0,8,0,5,2,0,0,0,0,6,3,2,1
11,11,5,15,6,0,2,3,0,6,3,0,6,3,2,11,7,6,30,6,3,12,8,15,5,0,10,4,0,4,17,1,7,6,2
1,9,2,1,10,0,0,1,11,13,63,13,18,4,0,8,5,0,15,5,1,22,3,12,2,10,0,1,1,7,8,1,25,0,3
11,4,13,19,7,3,3,0,12,11,1,5,11,9,10,34,1,21,10,6,9,10,13,15,0,4,1,0,1,6,11,6,4,9,4
26,1,0,8,2,2,0,0,0,0,1,0,1,12,5,8,4,9,4,2,4,1,0,1,0,0,1,1,0,0,4,2,3,10,1
0,10,2,0,2,0,0,1,4,6,0,35,4,0,0,2,1,2,1,0,4,28,15,2,0,4,7,6,0,0,5,2,0,0,0
6,18,13,13,26,0,2,0,14,8,20,17,28,12,0,48,9,24,38,5,0,16,9,13,0,17,8,11,4,5,0,15,6,7,6
11,21,7,13,9,0,1,7,18,14,9,0,3,2,12,9,1,13,2,10,1,2,11,25,6,1,1,6,2,2,15,0,10,6,14
8,9,4,2,15,1,1,1,4,7,13,0,4,5,6,5,7,13,8,0,1,20,3,17,3,7,25,4,3,0,6,10,0,7,6
90,4,4,25,1,4,1,3,2,4,0,0,1,25,11,1,0,26,4,6,7,2,1,0,2,6,0,9,10,0,7,6,7,0,39
62,8,1,21,4,3,0,0,3,4,2,0,0,21,9,6,0,31,0,5,13,4,1,0,1,2,3,4,1,0,6,14,6,39,0
