Ant4,Ant57,Ant260,Ant52,Ant59,Ant65,Ant244,Ant397,Ant540,Ant2,Ant6,Ant7,Ant9,Ant15,Ant19,Ant26,Ant30,Ant38,Ant60,Ant72,Ant74,Ant76,Ant102,Ant158,Ant161,Ant191,Ant196,Ant209,Ant227,Ant245,Ant252,Ant278,Ant308,Ant311,Ant329,Ant518,Ant534,Ant604,Ant673,Ant740,Ant954,Ant0,Ant1,Ant12,Ant13,Ant17,Ant20,Ant23,Ant27,Ant28,Ant32,Ant35,Ant43,Ant44,Ant48,Ant50,Ant51,Ant53,Ant54,Ant62,Ant66,Ant68,Ant70,Ant71,Ant81,Ant85,Ant96,Ant97,Ant105,Ant109,Ant111,Ant112,Ant115,Ant117,Ant118,Ant124,Ant126,Ant127,Ant131,Ant137,Ant142,Ant149,Ant156,Ant159,Ant169,Ant170,Ant172,Ant173,Ant175,Ant176,Ant178,Ant186,Ant190,Ant194,Ant198,Ant206,Ant207,Ant210,Ant212,Ant215,Ant217,Ant218,Ant219,Ant220,Ant221,Ant229,Ant238,Ant242,Ant243,Ant250,Ant251,Ant255,Ant256,Ant263,Ant264,Ant289,Ant296,Ant298,Ant299,Ant301,Ant313,Ant324,Ant331,Ant334,Ant342,Ant347,Ant356,Ant380,Ant390,Ant391,Ant394,Ant395,Ant398,Ant437,Ant458,Ant462,Ant475,Ant476,Ant482,Ant492,Ant501,Ant509,Ant530,Ant538,Ant556,Ant560,Ant564,Ant576,Ant580,Ant592,Ant599,Ant607,Ant610,Ant614,Ant621,Ant632,Ant638,Ant650,Ant663,Ant665
0,6,2,0,2,16,0,2,1,3,2,1,5,0,6,3,0,0,0,0,1,0,0,0,0,0,9,1,1,0,3,9,2,0,1,9,2,1,1,8,0,1,7,0,2,4,1,3,8,3,4,0,0,0,10,2,1,0,2,0,12,0,28,0,19,6,4,0,3,3,2,6,0,14,11,5,1,0,2,0,7,1,0,0,2,13,1,3,0,0,3,9,1,0,6,1,0,8,13,28,0,0,0,0,5,1,3,0,7,0,1,6,3,1,1,1,2,7,1,1,4,1,1,0,8,0,2,9,0,0,6,1,0,1,4,1,3,3,3,4,1,5,3,8,0,6,0,0,0,7,1,4,0,2,8,2,2,0,2,2
6,0,9,5,0,41,0,4,0,4,0,33,0,0,1,4,0,0,0,0,0,20,3,0,9,0,9,2,2,0,5,0,1,0,0,10,0,0,0,0,0,6,4,9,0,0,0,3,0,1,0,0,0,3,1,0,1,1,3,3,0,0,3,0,7,0,0,0,0,2,0,0,0,3,2,1,1,8,0,0,5,0,3,0,4,0,0,1,1,11,0,4,3,3,7,0,7,4,0,2,0,4,0,0,0,2,4,0,2,1,3,0,0,16,0,0,4,0,23,0,1,4,0,0,10,0,1,1,0,3,0,7,0,3,4,0,2,4,0,0,0,26,16,5,4,1,0,0,0,2,2,0,0,0,1,8,9,0,0,3
2,9,0,7,2,13,1,3,0,1,11,33,0,7,7,6,1,5,7,4,5,25,13,3,15,0,16,1,8,0,14,3,1,0,0,6,1,0,3,7,1,12,8,27,0,1,2,6,0,1,2,1,2,0,6,2,10,0,5,3,0,0,4,3,3,3,2,0,1,8,8,5,1,11,8,4,0,10,1,2,15,7,1,0,5,14,4,5,2,13,5,4,9,3,30,5,30,3,0,20,0,21,2,4,5,8,7,0,0,6,4,1,5,18,0,1,13,0,15,5,1,7,2,0,23,1,10,2,4,11,3,9,0,8,19,2,6,13,1,0,0,34,13,2,3,2,0,1,1,1,0,0,0,0,6,10,5,6,1,0
0,5,7,0,7,8,2,15,2,13,7,0,6,14,1,8,7,0,3,2,0,0,0,7,5,2,4,2,19,3,9,4,13,1,0,1,0,4,7,4,13,3,21,7,3,2,4,13,7,1,8,1,7,2,10,0,1,5,6,9,2,8,9,5,5,4,3,2,13,15,2,5,4,7,4,17,2,0,3,0,8,2,0,0,0,1,18,3,21,1,6,9,10,8,4,0,4,21,27,5,0,5,0,5,0,13,1,4,11,0,3,3,2,5,1,1,3,3,1,14,9,6,15,7,5,4,12,2,6,9,2,9,6,20,2,12,16,0,0,2,7,1,5,3,5,3,0,1,1,1,3,0,0,15,6,2,9,1,10,4
2,0,2,7,0,0,0,7,5,7,2,0,4,2,4,6,10,0,6,2,2,0,0,14,1,4,2,3,18,0,1,2,0,2,4,1,3,1,13,4,14,1,6,3,8,18,2,7,13,1,0,0,3,2,0,0,4,3,6,10,0,3,13,2,8,1,4,3,8,8,4,5,16,2,3,14,8,0,4,2,1,4,0,3,0,3,11,12,3,1,3,4,4,7,2,4,0,13,9,5,3,3,8,3,1,7,0,4,4,10,0,0,14,1,7,4,1,2,0,8,2,0,12,6,4,2,11,0,5,0,5,2,1,9,4,10,3,0,1,1,6,1,0,1,0,4,5,2,0,3,2,3,14,3,6,3,3,2,12,3
16,41,13,8,0,0,0,9,1,1,8,59,3,0,11,14,0,19,0,0,0,32,6,4,17,0,13,4,6,0,8,1,0,0,0,16,5,0,1,17,3,29,17,5,0,0,0,6,2,1,0,0,1,4,14,0,7,0,0,0,0,0,9,1,1,3,0,1,0,9,2,3,1,13,6,6,0,28,0,2,4,12,46,1,8,1,2,1,3,19,0,2,12,5,16,0,22,9,2,23,0,14,0,5,6,1,16,0,7,1,19,0,10,9,0,1,10,7,42,7,6,7,0,0,35,0,3,28,2,15,0,11,0,7,7,0,6,25,11,0,0,18,60,9,2,2,0,0,0,11,0,0,0,2,0,4,20,2,0,7
0,0,1,2,0,0,0,0,6,1,0,0,5,2,0,1,1,0,23,0,9,0,0,2,0,10,1,0,5,0,2,0,15,0,21,0,0,1,1,7,1,0,0,1,1,9,18,1,7,0,1,10,4,0,0,1,3,6,2,6,0,3,2,8,0,0,6,17,22,0,1,1,1,1,1,12,0,0,7,3,0,0,0,4,0,2,4,0,6,0,9,0,0,0,4,14,0,0,4,0,1,0,13,0,1,0,0,16,2,0,0,4,1,0,8,0,0,8,0,5,1,0,5,6,0,9,0,0,9,0,7,0,18,0,0,21,0,0,0,2,1,0,0,0,2,0,1,16,5,1,10,6,3,6,0,0,0,1,14,0
2,4,3,15,7,9,0,0,0,2,13,1,13,1,2,2,0,1,7,3,2,0,0,3,4,3,7,4,38,1,5,1,17,0,1,0,13,6,3,4,8,2,7,10,8,0,7,13,1,1,2,0,3,2,10,3,0,4,1,4,0,11,20,2,4,2,19,1,1,5,1,12,7,8,11,12,0,1,3,1,11,4,0,1,0,0,9,20,4,1,4,6,14,18,20,2,0,4,2,5,2,2,2,3,2,10,1,0,6,7,0,0,8,3,3,1,4,1,2,3,5,8,4,1,10,0,9,8,7,0,2,4,5,1,0,0,0,0,1,1,1,0,0,4,1,3,0,3,2,5,7,0,1,2,13,6,7,11,12,11
1,0,0,2,5,1,6,0,0,2,2,0,1,7,0,1,6,0,19,5,8,0,0,2,0,22,0,1,12,0,0,0,6,0,5,0,0,20,0,1,3,1,1,8,2,21,3,9,1,1,2,15,21,1,2,0,4,30,2,2,0,16,0,4,1,1,13,30,38,2,1,0,4,1,3,1,2,1,15,9,0,0,0,22,0,1,7,3,20,1,7,0,1,2,0,23,0,1,12,4,5,0,8,14,0,1,2,12,0,0,0,0,1,0,14,10,2,0,0,10,9,3,1,8,1,7,5,0,18,0,5,0,6,0,1,2,0,0,0,18,17,0,0,0,20,4,14,13,17,0,17,13,10,14,0,0,2,0,7,1
3,4,1,13,7,1,1,2,2,0,1,0,11,1,2,7,7,1,5,3,3,0,1,34,6,1,4,3,5,2,6,2,11,0,1,0,13,0,7,9,9,0,8,10,6,1,8,5,7,6,2,0,0,4,8,1,9,0,1,2,1,0,12,3,6,6,8,0,1,13,4,2,3,3,8,9,5,0,3,1,11,13,0,2,0,6,6,6,0,4,1,8,14,8,5,0,0,7,5,15,1,7,4,15,15,14,10,0,18,11,2,7,5,0,1,0,0,24,3,10,6,20,3,3,17,0,7,2,2,8,1,6,1,5,4,8,7,0,9,9,5,1,1,24,1,16,0,0,1,5,2,1,0,7,4,0,8,22,4,29
2,0,11,7,2,8,0,13,2,1,0,1,6,1,8,2,0,11,0,0,0,2,0,1,11,0,22,1,19,0,5,1,0,6,0,3,7,0,2,4,17,1,4,4,0,0,0,6,0,0,2,0,2,3,5,0,1,0,4,0,0,0,7,2,1,4,1,0,3,3,1,6,5,15,11,2,0,12,0,0,5,10,0,0,1,2,1,6,10,1,0,6,4,10,3,0,6,7,4,5,1,3,1,1,5,1,3,0,1,8,0,0,1,4,0,0,7,0,8,1,4,4,1,0,15,0,3,13,0,10,0,7,0,18,3,1,5,5,1,0,4,2,0,3,1,11,0,0,0,1,1,0,0,0,8,4,7,6,1,6
1,33,33,0,0,59,0,1,0,0,1,0,0,0,2,4,1,11,0,0,3,49,38,1,6,0,18,0,0,0,11,1,2,1,0,23,0,0,0,1,0,41,0,7,0,0,0,3,0,0,0,0,0,0,5,1,4,0,0,0,0,0,0,1,6,4,3,0,0,0,0,0,0,3,0,0,1,8,0,0,2,1,4,0,11,0,0,3,2,6,0,0,1,0,45,0,93,2,0,24,0,23,0,0,1,0,30,0,2,2,14,0,0,34,0,0,10,0,22,0,0,0,0,0,10,0,1,3,0,13,0,9,0,20,9,0,4,35,0,1,1,45,16,1,0,0,0,0,0,0,0,0,0,0,1,24,17,2,0,1
5,0,0,6,4,3,5,13,1,11,6,0,0,2,5,2,9,0,22,8,1,0,0,1,0,1,1,0,14,0,4,1,11,0,0,0,8,4,8,9,11,0,8,4,8,1,5,6,1,7,0,0,1,1,6,1,2,18,1,1,0,13,25,0,5,4,11,2,1,5,8,2,23,1,8,9,0,0,3,6,8,1,0,3,0,1,4,1,8,1,4,0,13,6,3,0,4,0,9,2,7,1,12,2,1,6,3,2,3,5,1,2,4,2,3,3,2,19,1,8,1,4,4,4,5,3,6,2,9,5,1,2,10,2,1,8,1,1,7,4,7,0,0,1,2,4,1,9,1,5,5,1,7,5,5,3,0,2,19,1
0,0,7,14,2,0,2,1,7,1,1,0,2,0,0,4,4,0,13,1,4,0,0,0,6,0,1,2,12,0,4,1,17,1,0,0,3,0,4,9,0,2,8,4,2,1,5,2,5,2,0,4,1,0,2,0,11,1,4,1,0,0,6,6,2,1,3,11,0,1,0,7,8,2,3,6,0,0,4,0,0,0,0,8,1,7,1,12,13,3,5,1,2,10,4,8,0,1,13,16,3,0,5,6,0,2,2,7,1,10,0,0,3,2,0,3,3,6,4,9,0,6,3,3,4,1,8,3,0,4,3,5,6,0,1,11,0,0,7,2,0,0,0,7,4,2,0,8,1,4,3,4,2,4,1,2,1,4,10,4
6,1,7,1,4,11,0,2,0,2,8,2,5,0,0,5,1,2,3,0,0,6,2,6,13,0,7,0,8,0,14,8,4,2,0,0,4,0,1,10,1,0,5,8,0,2,1,5,4,3,0,1,1,4,2,2,1,1,2,3,0,5,8,2,5,7,5,3,3,4,2,2,4,1,3,2,5,3,0,0,2,1,0,1,0,4,3,3,2,3,1,1,1,11,4,0,3,5,4,13,2,2,1,10,1,6,5,1,0,2,0,0,8,6,2,2,7,5,3,2,2,10,2,1,21,5,3,7,4,1,2,3,0,12,12,2,5,8,2,2,2,5,1,5,4,4,0,0,0,8,2,2,0,1,13,11,1,3,0,12
3,4,6,8,6,14,1,2,1,7,2,4,2,4,5,0,0,10,0,0,0,0,0,3,9,3,13,3,5,0,3,2,1,4,0,1,5,1,6,6,12,4,4,15,4,0,0,4,1,0,0,1,2,1,11,7,1,0,1,2,0,0,7,2,9,6,0,2,8,8,0,3,1,6,1,4,2,2,1,1,6,7,0,2,2,3,2,5,1,4,2,0,3,2,7,0,7,11,8,30,1,8,1,7,3,0,4,0,3,0,2,0,7,4,0,0,3,0,7,0,0,0,1,1,0,2,3,2,0,7,0,3,0,15,5,0,6,0,0,0,3,1,3,7,0,2,0,3,1,1,1,0,0,5,1,1,6,9,6,2
0,0,1,7,10,0,1,0,6,7,0,1,9,4,1,0,0,1,14,14,8,0,0,9,0,4,2,3,6,0,6,0,6,0,3,0,1,13,5,7,14,0,3,1,23,3,28,8,4,2,2,7,4,4,1,0,3,6,0,5,0,2,2,2,0,6,26,2,14,0,0,2,0,1,17,14,2,5,8,0,0,1,0,0,0,1,14,0,0,0,1,7,4,0,0,6,1,1,8,2,4,1,1,1,1,5,0,5,3,2,0,1,5,1,4,2,0,13,0,15,9,2,11,14,0,8,1,1,26,0,21,0,6,0,0,15,0,0,2,11,18,0,0,0,5,0,7,2,2,4,6,2,4,7,5,0,1,0,9,2
0,0,5,0,0,19,0,1,0,1,11,11,0,0,2,10,1,0,0,0,0,12,10,0,5,0,16,0,3,0,5,3,0,1,0,2,7,0,1,6,0,7,2,5,0,0,0,3,1,0,0,0,0,6,4,0,3,0,0,0,0,0,1,0,0,0,0,0,0,1,0,2,0,8,0,0,0,21,0,0,2,10,8,0,15,10,0,1,0,21,2,4,10,2,5,0,20,4,2,14,0,6,0,0,1,0,18,0,3,0,3,0,0,10,0,0,10,0,3,0,0,10,0,0,19,2,2,2,0,20,0,1,0,7,14,0,3,0,1,0,0,13,10,10,2,5,0,0,0,0,0,0,0,0,7,15,6,6,0,13
0,0,7,3,6,0,23,7,19,5,0,0,22,13,3,0,14,0,0,12,16,0,1,6,1,22,1,3,4,0,0,2,15,0,21,1,0,28,10,11,15,0,1,1,6,13,42,7,11,17,5,9,19,0,0,2,3,43,2,9,0,13,1,8,4,4,9,26,14,8,3,1,8,0,0,15,2,1,23,13,2,2,0,23,0,10,10,2,10,0,33,6,3,0,0,27,0,2,12,8,26,0,36,4,7,7,0,18,11,2,1,3,10,1,17,14,1,22,0,18,3,6,10,18,2,26,5,0,19,3,6,0,20,2,4,25,1,1,0,26,9,0,0,11,31,0,21,30,20,6,31,14,21,10,2,0,0,3,35,5
0,0,4,2,2,0,0,3,5,3,0,0,8,1,0,0,14,0,12,0,17,0,0,7,0,22,0,0,4,0,2,0,0,0,8,0,0,4,3,1,9,0,1,8,2,1,6,6,0,0,0,1,4,0,2,2,0,3,18,1,0,2,3,7,0,0,4,13,11,1,0,0,11,3,4,11,0,3,5,4,0,0,0,23,0,2,9,1,0,0,1,2,0,1,0,1,0,0,8,0,4,0,5,0,0,0,1,0,2,0,0,0,2,0,5,9,1,4,0,7,1,2,0,4,0,8,2,0,5,1,0,0,7,0,0,8,1,0,0,9,0,0,0,1,0,5,9,4,6,4,5,1,10,19,0,0,1,1,33,0
1,0,5,0,2,0,9,2,8,3,0,3,1,4,0,0,8,0,16,17,0,0,0,7,0,37,0,0,2,0,7,0,4,0,6,0,0,0,3,3,1,1,2,1,7,4,18,4,1,7,1,6,13,0,0,4,0,14,0,0,0,4,0,0,0,0,1,22,21,0,1,0,0,1,0,8,0,0,27,16,3,0,0,1,0,0,15,0,1,0,3,4,7,1,2,14,0,1,0,10,21,0,25,1,0,0,0,5,3,4,0,2,0,0,25,15,0,13,0,1,0,0,1,17,0,22,9,0,7,1,6,0,12,1,0,6,0,0,0,22,12,0,0,0,7,1,7,10,14,1,31,9,12,21,0,1,0,0,21,0
0,20,25,0,0,32,0,0,0,0,2,49,0,0,6,0,0,12,0,0,0,0,4,0,9,0,10,0,0,0,6,4,0,0,0,20,1,0,0,0,0,17,0,3,0,0,0,0,0,0,0,0,0,3,2,0,0,0,1,0,0,0,1,0,0,9,0,0,0,2,0,2,0,1,0,0,0,13,0,0,0,0,15,0,2,0,0,0,0,8,0,18,0,8,4,0,15,3,2,8,0,9,0,0,1,0,15,0,0,0,2,0,0,6,0,0,6,0,12,0,0,0,0,0,18,0,0,1,0,1,0,1,0,1,8,0,0,2,0,0,0,24,23,3,0,2,0,0,0,0,0,0,0,0,2,5,5,1,0,3
0,3,13,0,0,6,0,0,0,1,0,38,0,0,2,0,0,10,1,0,0,4,0,0,5,0,6,0,2,0,8,0,0,0,0,3,0,0,0,0,0,4,3,1,0,0,1,1,0,0,0,0,0,1,3,0,0,0,3,0,0,0,0,0,0,2,0,0,0,1,0,1,1,5,2,0,0,6,0,0,2,0,6,0,7,0,0,2,0,1,0,0,1,1,14,0,18,0,0,9,0,3,0,0,0,1,1,0,0,0,9,0,0,4,0,0,8,0,5,0,0,0,0,0,6,0,1,2,0,3,0,4,0,2,7,0,0,2,2,0,0,7,21,0,0,0,0,0,0,0,0,0,0,0,4,10,7,2,0,0
0,0,3,7,14,4,2,3,2,34,1,1,1,0,6,3,9,0,6,7,7,0,0,0,0,2,1,3,5,1,4,1,16,0,3,1,9,9,8,6,4,0,1,1,7,8,1,9,0,0,1,1,2,0,3,0,0,13,7,8,0,7,5,10,3,2,0,19,22,13,0,12,33,4,2,10,4,1,8,7,0,5,0,10,0,0,34,10,2,0,3,9,0,5,6,25,0,2,6,4,4,0,2,12,2,0,0,7,5,3,1,0,0,5,9,0,0,0,2,20,8,5,7,13,9,5,2,0,0,1,1,0,5,1,4,0,0,0,15,11,17,0,0,0,5,2,23,0,1,3,0,6,0,25,0,4,0,4,8,10
0,9,15,5,1,17,0,4,0,6,11,6,0,6,13,9,0,5,1,0,0,9,5,0,0,0,38,2,4,0,7,1,1,0,0,4,0,0,0,8,1,2,5,7,2,0,0,5,0,3,3,0,1,4,6,2,5,1,6,0,0,0,8,0,3,4,6,2,1,7,1,3,4,11,4,2,1,10,0,0,20,6,2,0,3,1,2,1,0,15,0,1,12,3,13,0,8,3,1,18,0,4,0,2,5,1,4,0,1,1,2,0,3,3,0,0,9,4,10,0,3,11,2,0,34,0,3,16,0,11,1,6,0,12,14,0,14,9,6,0,1,19,155,5,1,5,0,1,0,1,0,0,0,0,5,7,9,12,1,2
0,0,0,2,4,0,10,3,22,1,0,0,1,0,0,3,4,0,22,22,37,0,0,2,0,0,0,1,4,0,5,0,3,0,7,0,0,15,9,1,14,0,2,0,7,17,6,3,0,0,8,16,18,0,0,0,2,17,1,9,0,5,0,0,0,0,6,8,26,0,3,1,22,3,2,4,0,0,10,9,2,1,0,11,0,0,4,3,14,1,34,0,2,3,3,8,0,1,18,0,14,0,16,2,0,0,0,14,3,1,0,1,4,0,13,4,0,0,0,5,2,0,1,17,3,6,7,2,7,0,2,0,16,0,0,3,0,0,0,16,4,0,0,0,10,0,11,14,14,7,24,14,34,24,4,0,0,0,13,0
9,9,16,4,2,13,1,7,0,4,22,18,1,1,7,13,2,16,1,0,0,10,6,1,38,0,0,6,10,0,8,3,0,4,0,16,10,0,3,7,0,2,10,4,0,0,0,5,0,2,1,0,0,9,14,0,2,0,7,0,0,0,15,3,7,2,2,2,1,8,0,7,3,14,11,0,0,9,0,1,13,14,7,0,6,2,0,9,3,15,0,3,19,7,19,0,16,2,4,8,1,15,0,9,6,6,15,0,2,5,19,4,2,13,0,0,15,1,2,1,11,11,0,1,43,0,4,22,0,13,0,17,0,24,14,1,14,8,4,0,1,22,12,20,2,3,0,0,0,2,1,0,0,0,7,12,15,4,5,14
1,2,1,2,3,4,0,4,1,3,1,0,0,2,0,3,3,0,3,0,0,0,0,3,2,1,6,0,5,0,1,2,0,0,0,0,1,0,10,0,3,1,0,3,1,0,1,2,4,3,0,0,0,0,0,9,1,0,0,4,0,0,5,2,1,3,0,0,0,1,1,1,0,4,0,3,2,1,1,0,3,5,0,0,0,2,2,1,0,0,2,7,0,0,0,0,1,0,0,2,0,0,0,1,0,5,0,1,0,4,0,0,1,2,2,0,0,0,1,4,4,2,0,1,3,0,6,7,4,3,5,0,1,1,3,1,4,2,1,1,1,2,0,3,0,3,0,0,0,1,2,0,0,2,0,1,8,10,3,9
1,2,8,19,18,6,5,38,12,5,19,0,14,12,8,5,6,3,4,4,2,0,2,5,4,4,10,5,0,1,13,1,9,0,3,2,8,8,7,4,9,6,13,11,10,10,18,14,9,0,10,7,2,7,12,3,9,3,15,9,0,1,21,5,10,6,15,1,6,17,3,12,10,4,12,24,9,0,4,5,7,6,0,4,2,7,35,10,7,3,1,17,21,14,14,4,5,5,14,6,3,4,3,28,10,10,1,6,10,6,2,4,6,6,4,3,9,6,3,3,2,18,8,3,10,4,13,6,7,12,3,10,4,21,6,0,11,1,7,4,7,1,4,2,5,7,3,2,1,6,7,1,1,4,17,9,2,10,5,10
0,0,0,3,0,0,0,1,0,2,0,0,0,0,0,0,0,0,0,0,0,0,0,1,0,0,0,0,1,0,1,0,1,0,0,0,1,0,0,0,0,0,0,1,0,1,0,0,0,0,0,0,0,0,0,0,1,0,0,0,0,0,1,0,0,0,0,1,1,1,0,0,0,0,0,1,0,0,0,0,0,0,0,0,0,2,0,0,0,0,0,0,0,0,0,0,0,1,0,2,0,0,0,0,0,1,0,0,0,0,0,0,0,0,0,0,0,0,1,0,0,1,0,0,3,0,0,0,0,0,1,0,0,1,1,0,0,0,0,0,0,3,0,0,0,0,0,0,0,3,0,0,0,0,0,1,0,0,0,8
3,5,14,9,1,8,2,5,0,6,5,11,4,4,14,3,6,5,0,2,7,6,8,4,7,5,8,1,13,1,0,4,0,1,0,4,4,0,2,10,2,10,2,6,1,0,0,6,1,0,0,0,1,2,12,3,8,0,0,4,0,3,21,1,0,3,3,2,0,12,3,10,0,8,5,13,2,4,2,0,3,6,4,0,8,2,6,16,2,10,0,4,6,3,11,0,5,4,5,13,2,11,0,10,5,7,13,1,3,4,2,1,5,6,1,0,10,4,4,9,0,2,3,1,23,2,1,5,2,10,7,2,0,4,5,2,9,6,17,0,2,8,5,3,4,12,0,0,0,7,2,2,0,0,10,13,15,3,2,17
9,0,3,4,2,1,0,1,0,2,1,1,1,1,8,2,0,3,2,0,0,4,0,1,1,0,3,2,1,0,4,0,3,0,0,0,10,0,4,14,0,6,3,3,2,0,1,4,7,10,2,0,0,11,4,16,3,0,5,0,1,4,5,1,8,5,0,2,4,2,10,1,2,13,3,1,2,6,0,1,4,6,0,0,3,116,2,4,0,0,0,0,3,7,9,0,0,10,1,15,1,4,0,0,3,2,5,1,2,0,2,1,5,1,0,0,2,2,2,1,4,4,0,1,2,0,0,8,1,1,26,1,0,3,25,1,4,3,1,0,3,0,2,3,2,11,0,0,0,3,1,0,0,0,0,2,6,4,1,1
2,1,1,13,0,0,15,17,6,11,0,2,11,17,4,1,6,0,15,0,4,0,0,16,1,3,0,0,9,1,0,3,0,2,0,0,1,2,8,4,7,3,6,9,6,0,11,4,3,11,2,0,4,1,1,3,8,3,7,0,2,2,4,0,8,5,4,7,5,3,14,0,6,4,13,17,0,1,1,3,1,1,0,0,0,2,12,5,2,0,10,2,3,8,0,4,0,0,0,1,5,1,2,3,2,11,0,5,3,9,3,3,5,2,6,0,1,2,0,12,7,1,11,17,5,8,8,1,1,2,3,0,2,0,3,12,0,0,0,12,10,0,0,1,2,5,3,1,0,7,7,1,2,8,5,0,0,1,11,9
0,0,0,1,2,0,0,0,0,0,6,1,0,1,2,4,0,1,0,0,0,0,0,0,0,0,4,0,0,0,1,0,2,0,0,0,1,0,0,0,1,1,0,5,0,0,0,0,0,0,0,0,0,0,1,0,0,0,0,0,0,0,2,0,1,0,0,0,0,0,3,1,0,0,4,2,0,0,0,0,0,0,0,0,0,0,0,0,0,0,0,0,0,5,0,0,0,0,0,0,0,0,0,1,0,0,0,0,1,3,0,0,0,4,0,0,0,0,0,0,1,0,1,0,0,0,0,1,0,0,0,0,0,0,0,0,1,0,1,0,0,0,0,0,0,0,0,0,0,1,0,0,0,0,5,0,6,1,0,1
1,0,0,0,4,0,21,1,5,1,0,0,0,0,0,0,3,0,21,8,6,0,0,3,0,7,0,0,3,0,0,0,0,0,0,0,0,19,0,2,0,0,1,1,0,4,3,1,0,1,0,9,3,0,0,1,2,22,1,0,0,9,0,1,0,1,2,32,14,0,0,0,12,0,0,0,2,0,17,46,0,0,0,11,0,1,0,0,0,0,9,1,0,0,0,10,0,0,3,0,1,0,9,0,0,1,0,12,0,0,0,0,0,0,24,9,0,3,1,0,3,0,1,6,0,18,0,0,7,2,3,0,23,0,0,1,0,0,0,9,7,0,0,0,7,0,18,10,6,0,4,5,7,7,0,0,0,0,7,0
9,10,6,1,1,16,0,0,0,0,3,23,0,0,0,1,0,2,1,0,0,20,3,1,4,0,16,0,2,0,4,0,0,0,0,0,2,0,0,1,0,10,0,4,0,0,0,0,0,0,0,0,0,3,11,0,1,0,0,0,0,0,1,1,4,0,1,0,1,0,0,4,0,3,2,1,0,15,0,2,6,2,14,0,7,0,0,0,0,6,0,2,4,3,9,0,6,7,1,8,0,1,0,0,0,3,12,0,0,0,14,0,2,8,0,0,4,0,17,0,1,0,0,0,8,0,1,0,0,4,0,10,0,5,3,0,2,10,0,0,0,20,17,1,0,0,0,0,0,0,1,0,0,0,4,11,7,0,0,4
2,0,1,0,3,5,0,13,0,13,7,0,8,3,4,5,1,7,0,0,0,1,0,9,0,0,10,1,8,1,4,10,1,1,0,2,0,0,1,3,0,0,15,12,0,0,3,3,2,3,0,0,2,16,4,0,2,0,7,0,0,0,22,1,20,7,0,0,0,14,1,2,2,6,1,6,0,1,0,1,1,19,0,0,4,2,0,0,0,1,1,18,2,12,7,1,1,2,8,11,1,10,0,3,1,2,3,3,4,2,0,0,0,6,0,0,0,5,6,0,0,10,1,1,7,0,1,3,0,4,0,8,0,4,3,1,1,2,22,1,1,0,4,5,1,8,0,0,0,1,1,0,0,1,3,9,1,9,0,5
1,0,0,4,1,0,1,6,20,0,0,0,4,0,0,1,13,0,28,4,0,0,0,9,0,15,0,0,8,0,0,0,2,0,19,0,0,0,0,3,8,1,1,0,2,15,4,3,0,0,0,17,21,0,0,0,0,21,20,0,0,5,2,3,0,2,16,59,38,0,0,2,66,3,1,6,7,3,4,18,0,0,0,46,0,1,5,0,0,0,18,2,0,0,2,20,0,0,9,3,5,0,13,5,0,0,0,19,2,1,0,0,0,0,9,18,0,0,0,1,3,4,0,6,1,11,2,0,7,0,0,1,20,0,0,0,1,0,0,4,3,0,0,0,18,3,4,10,19,0,14,11,41,5,2,0,0,0,7,1
1,0,3,7,13,1,1,3,0,7,2,0,8,4,1,6,5,1,10,3,3,0,0,8,0,9,3,10,7,0,2,4,8,0,0,0,1,0,0,7,16,0,11,6,2,3,4,6,1,8,8,0,2,3,1,3,3,4,11,2,1,4,12,2,9,7,3,8,13,13,9,1,4,1,7,6,1,0,7,0,6,3,0,0,0,6,1,14,0,0,4,16,9,2,5,6,0,4,14,13,4,4,2,9,2,7,0,0,5,4,3,5,10,5,1,2,0,8,6,5,3,14,6,1,2,0,9,3,2,6,12,0,6,4,4,15,3,0,3,8,1,0,0,16,6,2,1,3,5,2,4,1,1,5,1,0,3,3,3,0
8,0,7,4,4,17,7,4,1,9,4,1,9,9,10,6,7,6,11,1,3,0,0,6,8,1,7,0,4,0,10,14,4,0,2,1,3,3,7,0,8,1,8,20,3,6,1,13,8,12,2,2,13,0,13,7,31,16,6,7,0,5,11,3,11,6,5,4,7,9,3,9,3,8,13,3,4,2,8,1,5,3,0,1,0,18,3,1,9,4,6,6,7,11,17,1,8,5,5,63,3,2,4,3,4,14,0,2,10,5,0,0,38,1,0,1,0,9,7,4,2,4,5,5,7,4,13,9,1,4,12,11,5,7,5,12,1,2,2,13,1,3,1,2,3,5,0,2,2,1,5,1,0,8,11,9,3,10,5,1
0,0,1,13,14,3,1,8,3,9,17,0,11,0,1,12,14,0,15,9,1,0,0,4,1,14,0,3,9,0,2,0,7,1,0,0,0,8,16,8,0,0,5,4,9,16,19,6,11,1,0,3,6,4,0,2,35,9,4,16,0,4,8,0,5,3,7,6,9,1,0,5,12,4,8,5,1,5,6,1,5,0,0,2,0,0,9,0,6,0,4,4,5,9,2,9,0,2,34,5,4,0,8,4,1,5,0,2,15,5,0,1,16,0,0,1,0,1,0,15,1,4,3,6,0,11,8,3,1,0,1,2,5,0,1,9,0,0,0,3,1,2,0,2,1,0,0,6,1,3,4,3,4,4,4,0,0,0,22,8
1,6,12,3,1,29,0,2,1,0,1,41,0,2,0,4,0,7,0,0,1,17,4,0,2,0,2,1,6,0,10,6,3,1,0,10,0,1,0,1,0,0,0,5,1,0,1,0,1,0,0,0,0,1,2,1,3,0,2,0,0,0,0,1,0,3,0,0,2,5,0,4,0,5,1,0,2,9,2,0,0,0,6,0,11,0,0,2,2,5,0,2,6,1,11,0,6,3,2,4,0,8,0,2,1,2,12,0,0,1,21,0,1,9,0,0,6,0,11,0,1,1,0,0,7,0,3,2,1,1,0,12,0,7,6,0,2,7,0,0,1,13,24,5,0,0,0,0,0,3,0,0,0,2,0,5,12,3,0,1
7,4,8,21,6,17,0,7,1,8,4,0,8,8,5,4,3,2,1,1,2,0,3,1,5,2,10,0,13,0,2,3,6,0,1,0,15,1,11,8,5,0,0,17,17,4,5,6,3,8,4,0,1,4,6,1,11,1,6,5,0,0,17,4,1,1,3,0,3,7,1,17,8,4,0,10,0,3,2,1,10,9,0,3,1,3,10,20,9,5,1,11,7,3,8,1,3,12,7,3,0,4,0,12,6,17,2,5,9,3,1,1,8,0,0,0,9,10,0,16,7,5,2,5,3,3,8,6,6,10,2,8,1,13,3,7,9,0,4,6,10,2,1,9,1,6,1,1,0,7,6,0,0,15,6,1,3,4,8,11
0,9,27,7,3,5,1,10,8,10,4,7,4,4,8,15,1,5,1,8,1,3,1,1,7,0,4,3,11,1,6,3,9,5,1,4,12,0,6,20,4,5,17,0,1,3,8,12,4,7,3,1,4,6,11,0,21,2,4,6,0,4,10,3,2,2,6,2,1,3,7,18,3,7,2,4,0,8,3,1,16,21,0,0,10,5,8,19,2,5,2,6,6,21,22,0,21,3,1,31,1,2,0,8,6,21,10,0,13,0,5,0,2,9,2,0,12,11,7,7,5,3,1,2,21,1,5,16,4,11,1,16,1,11,6,14,5,3,9,2,1,6,3,5,2,16,1,0,0,8,3,0,0,3,6,9,17,11,6,6
2,0,0,3,8,0,1,8,2,6,0,0,8,2,0,4,23,0,6,2,7,0,0,7,2,7,0,1,10,0,1,2,6,0,0,0,0,2,2,3,9,1,17,1,0,20,25,8,1,2,3,2,5,1,0,0,0,5,0,6,0,8,6,1,2,2,22,9,17,2,6,1,12,2,0,9,3,0,4,4,0,2,0,2,0,2,10,8,5,1,2,5,1,1,1,0,2,2,11,6,1,1,2,4,3,3,1,3,2,0,0,5,1,0,4,4,0,6,2,4,1,4,5,20,2,2,1,1,11,0,7,1,0,1,0,14,0,0,0,2,3,1,0,1,2,1,0,5,0,1,3,12,7,9,2,2,0,1,5,1
4,0,1,2,18,0,9,0,21,1,0,0,1,1,2,0,3,0,13,1,4,0,0,8,0,17,0,0,10,1,0,0,0,0,4,0,0,15,3,6,16,0,4,3,20,0,5,6,2,2,1,6,2,0,3,0,5,10,5,1,0,18,3,1,2,0,14,17,22,6,4,3,31,1,0,8,0,0,11,19,1,0,0,19,0,0,12,0,19,0,3,1,0,5,0,10,0,1,14,6,12,0,34,5,0,8,0,28,15,0,0,1,0,0,36,15,2,0,0,1,3,1,5,6,2,12,6,0,21,0,4,0,8,0,0,2,1,0,0,6,0,0,0,1,8,2,13,5,5,0,23,34,5,35,5,3,0,1,10,2
1,0,2,4,2,0,18,7,3,8,0,0,5,5,1,0,28,0,42,6,18,0,1,1,0,6,0,1,18,0,0,1,11,0,3,0,3,4,4,1,19,1,5,8,25,5,0,8,4,3,0,5,13,0,1,7,5,28,0,11,0,29,2,6,0,4,29,4,14,3,1,7,26,4,1,7,2,0,8,8,1,1,0,8,0,1,19,1,6,3,6,6,1,0,0,25,0,7,6,4,20,1,17,1,0,3,0,9,24,1,0,4,8,0,22,5,0,10,0,15,4,2,10,27,3,27,1,0,1,0,3,1,10,0,1,44,0,0,0,4,7,2,0,2,4,0,14,40,5,8,9,10,11,15,1,0,0,1,7,3
3,3,6,13,7,6,1,13,9,5,6,3,6,2,5,4,8,3,7,6,4,0,1,9,5,3,5,2,14,0,6,4,4,0,1,0,3,3,6,13,6,0,6,12,8,6,8,0,5,1,0,0,5,1,3,2,23,7,13,1,0,2,11,4,11,3,7,8,11,15,2,3,4,4,6,4,10,2,3,2,6,3,0,8,5,2,4,0,7,3,7,2,0,2,4,6,5,1,8,36,1,2,14,10,3,9,1,2,1,3,3,2,12,3,2,1,3,5,0,3,11,15,2,11,6,1,4,1,2,2,1,4,2,10,8,13,3,2,3,0,3,2,1,3,7,3,2,3,0,5,2,4,6,4,4,0,2,3,11,8
8,0,0,7,13,2,7,1,1,7,0,0,1,5,4,1,4,1,11,0,1,0,0,0,0,0,0,4,9,0,1,7,3,0,0,0,2,0,1,8,11,1,3,4,1,2,4,5,0,6,4,0,1,0,3,0,6,0,6,0,0,1,1,4,9,4,3,3,0,1,1,0,2,0,3,5,1,0,4,0,2,2,0,0,1,7,8,1,3,1,2,2,2,0,1,1,3,2,5,5,0,1,4,0,1,3,0,2,2,7,1,1,9,0,1,0,0,4,1,14,4,0,1,0,0,1,8,1,1,9,3,0,4,0,0,0,3,0,0,0,1,0,0,3,1,6,0,1,1,8,1,0,0,12,0,0,0,0,5,0
3,1,1,1,1,1,0,1,1,6,0,0,7,2,3,0,2,0,17,0,7,0,0,0,3,0,2,3,0,0,0,10,11,0,1,0,3,0,8,12,1,0,8,7,2,2,3,1,6,0,14,1,0,0,2,11,1,5,3,2,0,0,0,4,3,2,3,4,5,7,4,6,3,3,5,3,7,0,8,0,0,1,0,1,2,15,3,2,9,1,4,10,3,0,7,0,1,4,1,8,1,3,2,0,10,1,0,1,5,2,0,2,7,1,0,0,1,6,1,0,14,2,3,4,6,1,3,5,0,3,9,0,3,0,11,12,0,1,2,2,1,2,1,1,1,1,0,0,1,16,3,0,0,0,0,0,0,0,13,0
4,0,2,8,0,0,1,2,2,2,2,0,0,0,0,0,2,0,5,0,1,0,0,1,3,8,1,0,10,0,0,2,2,0,0,0,0,0,8,2,0,0,4,3,3,1,0,0,4,14,0,0,0,0,1,0,2,0,0,0,0,2,12,2,1,2,7,1,5,3,3,2,0,1,8,1,4,0,2,6,2,1,0,0,0,3,2,1,5,0,3,0,0,5,0,4,0,3,1,4,7,0,2,0,2,3,0,0,11,0,0,0,1,1,0,1,1,1,0,2,3,12,0,0,0,0,1,0,12,0,8,1,0,1,2,11,2,1,0,4,3,0,1,0,0,15,2,0,2,3,6,2,0,2,2,1,1,7,7,0
0,0,1,1,0,0,10,0,15,0,0,0,0,4,1,1,7,0,9,1,6,0,0,1,0,16,0,0,7,0,0,0,0,0,9,0,0,17,0,2,3,0,0,1,2,6,5,0,0,1,0,0,15,0,0,0,2,8,0,9,0,4,0,0,0,1,10,27,21,0,0,2,11,0,1,0,0,0,4,8,0,0,0,5,0,0,3,0,5,0,5,0,0,1,1,11,1,0,1,2,3,0,7,2,0,4,0,13,1,0,0,1,6,0,9,9,2,2,0,3,1,2,0,13,0,8,2,0,5,1,0,0,3,0,1,1,0,0,0,6,4,0,0,4,26,0,5,8,12,0,6,12,12,10,0,1,0,0,13,0
0,0,2,7,3,1,4,3,21,0,2,0,1,1,1,2,4,0,19,4,13,0,0,2,1,18,0,0,2,0,1,0,4,0,3,0,2,21,2,13,6,0,1,4,5,2,13,5,1,0,0,15,0,0,0,1,3,51,0,4,0,3,2,1,2,0,27,17,22,5,0,5,1,3,3,12,0,4,16,6,1,0,0,5,0,0,16,0,1,3,11,0,4,3,1,44,1,3,5,3,18,0,19,3,1,0,0,21,4,0,0,0,4,0,14,8,0,0,1,12,3,8,5,11,0,1,15,4,11,0,5,0,25,2,0,0,0,0,3,8,5,0,0,1,26,1,11,11,23,2,4,13,30,17,5,1,0,2,15,3
0,3,0,2,2,4,0,2,1,4,3,0,1,0,4,1,4,6,0,0,0,3,1,0,4,0,9,0,7,0,2,11,1,0,0,3,16,0,3,0,4,1,4,6,1,0,0,1,0,0,0,0,0,0,0,0,6,0,0,1,0,1,5,1,4,5,0,2,0,7,2,6,3,1,1,2,0,6,1,0,0,8,0,0,1,1,0,9,0,7,0,1,12,1,15,0,0,3,5,5,0,9,0,3,12,2,3,0,3,3,3,0,2,13,0,0,2,2,4,6,1,1,0,0,7,0,2,6,0,9,0,4,0,2,2,0,6,2,6,0,0,14,13,4,1,6,0,0,0,2,1,1,0,0,3,0,1,1,0,11
10,1,6,10,0,14,0,10,2,8,5,5,6,2,2,11,1,4,0,2,0,2,3,3,6,0,14,0,12,0,12,4,1,1,0,11,4,0,1,13,0,2,6,11,0,3,1,3,3,2,1,0,0,0,0,0,3,2,1,4,0,0,4,1,1,1,4,0,0,2,3,4,3,2,0,7,0,2,3,0,15,3,0,0,1,3,1,2,1,4,0,3,11,4,18,1,6,9,2,6,0,9,0,4,5,10,9,1,2,3,8,0,1,6,0,0,13,2,8,2,1,7,1,0,9,3,9,4,1,16,3,3,1,14,5,0,6,5,3,0,0,12,7,6,1,1,0,0,0,7,1,0,0,2,7,1,4,2,0,23
2,0,2,0,0,0,1,3,0,1,0,1,1,0,2,7,0,0,2,2,4,0,0,0,2,0,0,9,3,0,3,16,3,0,1,0,0,0,3,7,2,1,1,0,0,0,7,2,0,11,0,0,1,0,0,0,1,2,2,0,0,0,0,0,2,4,0,1,2,0,1,0,0,5,3,1,1,0,1,0,5,1,0,0,0,8,2,0,0,0,3,2,0,0,3,0,0,7,3,4,1,1,0,0,1,3,2,0,6,1,0,2,5,2,1,0,0,2,4,0,3,1,0,0,2,0,0,3,0,1,13,0,0,2,10,17,0,2,1,0,0,0,0,2,0,0,0,1,0,0,1,1,0,1,0,0,0,2,4,0
1,1,10,1,4,7,3,0,4,9,1,4,2,11,1,1,3,3,3,0,0,0,0,0,5,2,2,1,9,1,8,3,8,0,2,1,2,0,3,31,35,3,11,21,0,5,5,23,6,1,2,2,3,6,3,1,0,0,8,5,0,2,10,7,10,12,4,9,5,7,0,10,5,8,4,2,2,1,1,1,3,8,0,3,1,18,4,2,6,7,3,0,0,3,11,12,2,9,8,17,2,4,1,2,5,8,1,3,5,2,1,1,21,2,1,1,4,2,0,2,7,14,4,3,13,3,4,5,6,0,8,3,1,3,10,5,0,1,1,4,3,1,1,20,2,0,1,0,3,3,1,3,0,2,4,8,2,5,5,22
0,1,0,5,3,0,6,4,30,0,0,0,18,1,1,0,6,0,43,3,14,0,0,13,1,17,0,0,3,0,0,0,3,0,22,0,0,21,4,16,9,0,1,2,5,10,28,7,0,5,0,8,51,0,2,2,0,0,0,2,0,34,0,2,1,0,8,110,63,1,1,2,12,0,4,2,0,0,25,12,1,0,0,24,0,2,12,4,4,0,16,0,0,2,0,16,0,0,6,2,8,0,7,1,2,0,0,16,2,2,0,2,0,0,18,15,0,1,0,0,1,4,3,16,0,17,6,0,7,0,1,0,21,0,0,1,0,0,2,39,1,0,0,1,7,2,14,20,22,3,33,7,25,18,1,0,0,1,23,3
2,3,5,6,6,0,2,1,2,1,4,0,1,4,2,1,0,0,2,18,0,1,3,7,6,1,7,0,15,0,0,5,7,0,1,0,7,20,11,6,4,2,6,4,0,5,0,13,6,3,0,0,0,0,1,2,8,0,0,3,0,1,24,2,2,1,7,1,8,2,2,5,9,4,0,0,12,2,2,0,2,2,0,4,0,9,5,10,2,5,5,4,1,5,9,7,3,3,1,5,0,2,0,3,1,9,1,1,5,4,1,2,4,3,0,3,0,5,10,2,3,4,0,2,2,0,5,2,0,9,1,3,0,4,2,4,7,2,1,6,0,1,4,12,2,1,0,6,0,0,3,1,0,1,2,4,6,1,3,5
0,3,3,9,10,0,6,4,2,2,0,0,1,1,3,2,5,0,9,1,0,0,0,8,0,9,0,4,9,0,4,0,0,0,0,0,0,0,2,7,16,0,5,6,6,1,11,1,0,2,0,9,4,1,4,0,5,2,3,0,0,10,2,1,0,1,2,5,8,0,3,4,4,0,2,3,2,2,4,3,2,0,0,0,0,0,24,7,10,1,14,4,5,0,1,5,0,0,10,0,3,0,4,5,0,1,0,3,4,0,0,0,1,3,3,1,0,12,0,9,0,3,2,9,5,4,4,0,2,1,2,0,2,1,1,0,0,0,0,7,1,0,1,2,5,0,2,0,2,1,5,0,1,3,0,0,0,0,17,4
12,0,0,2,0,0,0,0,0,1,0,0,0,0,0,0,0,0,0,0,0,0,0,0,0,0,0,0,0,0,0,1,2,0,0,0,0,0,1,0,0,0,0,0,0,0,0,0,0,0,0,0,0,0,0,0,0,0,0,0,0,0,0,0,0,0,0,0,0,0,0,0,0,16,0,0,0,0,0,0,0,0,0,0,0,0,0,0,0,0,0,0,0,0,0,0,0,2,5,0,0,0,0,0,0,0,0,0,0,0,0,1,0,0,0,0,0,0,0,0,0,0,0,0,0,0,0,0,0,0,0,0,0,0,0,0,0,0,0,0,0,0,0,0,0,23,0,0,0,0,0,0,0,4,0,0,0,0,2,0
0,0,0,8,3,0,3,11,16,0,0,0,13,0,5,0,2,0,13,2,4,0,0,7,0,5,0,0,1,0,3,4,2,0,9,0,0,5,4,5,4,0,0,4,8,18,29,2,1,0,2,4,3,1,0,0,2,34,1,10,0,0,3,3,3,1,3,17,15,4,0,1,11,0,0,4,1,0,3,18,0,1,0,14,0,2,17,0,7,1,7,5,1,1,0,10,0,0,2,6,20,0,11,4,0,2,0,14,12,5,1,0,3,4,20,6,0,4,0,10,0,2,7,17,2,4,4,0,23,1,1,0,7,0,0,5,2,0,0,9,2,0,0,0,3,2,18,2,6,2,1,13,16,22,1,0,0,0,25,1
28,3,4,9,13,9,2,20,0,12,7,0,25,6,8,7,2,1,1,3,0,1,0,5,8,0,15,5,21,1,21,5,4,2,0,1,22,2,12,11,8,0,17,10,6,3,2,11,1,0,12,0,2,5,4,0,10,0,24,2,0,3,0,10,11,7,14,1,5,14,1,3,7,11,17,11,0,2,1,1,1,4,0,0,1,2,4,24,6,6,0,3,1,29,7,1,6,2,8,18,2,3,0,10,3,11,3,1,5,18,3,4,5,3,1,0,1,12,7,8,5,11,1,3,8,3,0,3,3,6,0,5,1,11,11,0,2,4,3,3,4,0,1,14,5,2,2,0,2,9,2,1,1,3,23,6,3,7,1,21
0,0,3,5,2,1,8,2,4,3,2,1,0,6,2,2,2,0,8,7,0,0,0,10,0,0,3,2,5,0,1,1,0,0,1,1,1,3,2,3,0,1,4,3,1,1,6,4,4,4,2,0,1,1,1,0,7,2,2,1,0,3,10,0,1,4,2,15,6,8,2,2,23,0,4,11,2,4,2,0,3,0,0,5,1,8,0,8,18,0,6,1,4,6,5,17,2,2,3,0,0,1,2,13,4,4,1,5,4,7,0,0,5,0,2,3,1,3,1,0,7,0,4,16,4,2,23,0,0,0,7,1,8,1,2,22,1,0,0,4,2,0,0,4,5,4,0,0,9,5,3,1,7,1,3,0,2,16,2,7
19,7,3,5,8,1,0,4,1,6,1,6,5,2,5,9,0,0,4,0,0,0,0,3,3,0,7,1,10,0,0,8,8,1,0,4,20,0,9,11,5,0,1,2,2,2,0,11,9,3,1,0,2,4,1,2,10,1,2,0,0,3,11,1,0,6,0,0,0,9,2,3,4,5,7,3,1,3,0,0,2,4,0,0,1,11,2,6,1,8,0,3,7,9,1,1,3,8,5,7,1,2,1,4,5,3,4,1,10,12,0,0,5,3,0,0,1,13,7,1,10,0,8,1,4,0,4,9,0,1,3,2,0,8,0,0,4,1,4,0,0,2,0,4,1,13,0,0,0,2,1,0,0,3,0,1,2,2,1,14
6,0,3,4,1,3,0,2,1,6,4,4,4,1,7,6,6,0,4,0,0,9,2,2,4,0,2,3,6,0,3,5,5,0,1,0,7,2,7,6,3,3,1,2,2,0,4,3,4,2,2,1,0,5,1,4,12,0,1,1,0,1,7,4,6,0,0,2,1,8,2,3,2,5,5,8,2,2,1,0,10,3,0,0,0,7,4,6,4,2,2,4,9,5,6,0,1,9,4,7,0,2,1,4,2,1,2,1,3,1,1,0,5,10,1,0,0,7,4,1,4,8,0,3,3,0,2,5,5,7,5,2,1,10,15,4,10,1,1,0,3,2,1,18,1,11,0,0,0,0,2,2,0,1,2,1,1,6,2,13
4,0,2,3,4,0,6,19,13,8,1,3,11,3,5,0,26,0,9,4,1,0,0,0,6,6,2,0,15,0,3,0,4,0,2,1,0,16,3,5,7,0,3,6,22,14,29,7,3,3,7,10,27,0,4,0,4,8,7,2,0,3,14,2,0,0,0,6,7,2,6,4,6,2,1,14,3,0,3,4,0,0,0,5,0,2,6,1,0,2,0,1,1,1,2,14,0,0,1,8,7,0,4,7,0,8,1,4,6,4,1,2,6,2,2,10,3,4,1,4,4,0,1,18,1,11,15,1,18,1,3,0,4,4,0,4,2,0,0,13,19,1,1,0,5,0,5,2,2,0,4,7,1,4,1,0,0,3,9,4
0,0,0,2,3,1,17,1,30,0,0,0,2,11,3,2,2,0,26,13,22,0,0,19,2,8,2,0,1,1,2,2,7,0,32,0,0,59,8,4,6,0,0,2,9,17,4,8,3,4,1,27,17,2,0,1,9,110,1,5,0,17,1,15,0,2,6,0,33,1,0,2,5,1,6,5,2,0,42,27,1,0,0,30,0,0,3,7,14,0,12,4,2,0,4,38,2,0,13,8,7,0,26,2,1,1,0,36,2,0,0,3,3,2,53,21,3,23,0,3,0,1,4,18,1,24,7,3,7,0,5,1,22,0,2,8,0,0,1,29,4,0,0,2,15,3,33,33,38,4,29,18,30,19,0,1,1,0,16,1
3,0,1,13,8,0,22,1,38,1,3,0,1,0,3,8,14,0,14,11,21,0,0,22,1,26,1,0,6,1,0,4,5,0,14,1,0,38,13,7,9,2,3,1,17,22,14,11,0,5,5,21,22,0,0,2,5,63,8,8,0,15,5,6,0,1,7,33,0,10,3,1,4,0,2,7,2,0,16,41,0,2,0,29,0,0,26,2,5,5,14,4,1,7,3,11,0,4,6,3,29,0,25,6,0,2,0,16,8,1,0,2,5,0,26,0,2,0,3,3,3,8,5,21,3,14,1,0,9,2,8,2,21,1,2,1,1,2,0,14,8,1,0,3,9,4,21,18,6,3,21,22,7,14,1,2,0,3,12,3
3,2,8,15,8,9,0,5,2,13,3,0,5,1,4,8,0,1,8,1,0,2,1,13,7,0,8,1,17,1,12,2,3,0,0,0,14,0,13,9,1,5,7,3,2,6,3,15,1,7,3,0,5,7,2,0,7,1,2,0,0,4,14,8,9,8,2,1,10,0,5,14,6,10,2,7,0,3,4,2,8,9,0,0,8,6,1,20,6,11,5,8,1,10,3,2,3,5,2,11,2,3,6,6,8,2,2,0,1,13,1,1,1,4,0,1,2,0,5,1,1,1,4,0,15,0,10,5,2,3,9,6,1,7,3,8,0,2,2,0,2,0,2,7,4,10,0,0,2,2,2,1,1,3,7,14,3,17,2,15
2,0,8,2,4,2,1,1,1,4,1,0,8,0,2,0,0,0,3,0,1,0,0,0,1,3,0,1,3,0,3,10,14,3,0,0,1,0,9,3,0,0,1,7,6,4,1,2,1,4,3,0,0,2,3,1,0,1,2,3,0,0,1,2,2,2,6,0,3,5,0,7,6,1,6,2,0,0,0,0,10,3,0,0,0,4,1,2,0,2,1,0,5,0,5,0,4,3,0,1,0,2,5,0,1,3,0,1,6,4,0,2,0,4,1,0,0,4,0,2,3,1,4,4,4,1,8,0,0,1,7,0,8,0,0,3,0,0,2,1,0,0,0,5,1,8,0,0,1,0,1,0,2,4,4,1,0,5,1,3
6,0,5,5,5,3,1,12,0,2,6,0,2,7,2,3,2,2,1,0,0,2,1,12,3,1,7,1,12,0,10,1,0,1,0,4,2,2,1,9,5,4,17,18,1,3,7,3,0,6,2,2,5,6,4,0,10,2,5,4,0,1,3,2,3,3,4,2,1,14,7,0,2,5,11,10,0,6,0,1,5,7,0,4,3,0,2,17,10,3,2,0,3,10,5,1,4,3,1,37,2,1,3,7,5,2,0,2,11,8,4,2,8,6,2,2,11,2,4,1,1,21,5,3,17,2,6,4,4,2,1,2,2,5,5,8,6,1,4,1,2,0,5,12,2,6,2,1,0,5,1,1,0,5,2,5,5,6,0,5
0,0,1,4,16,1,1,7,4,3,5,0,23,8,4,1,0,0,8,11,0,0,1,33,4,22,3,0,10,0,0,2,6,0,12,0,2,66,4,3,12,0,8,3,12,31,26,4,2,3,0,11,1,3,3,0,5,12,9,4,0,11,7,23,4,2,6,5,4,6,6,2,0,6,4,13,0,7,2,16,5,2,0,7,0,4,20,7,5,1,12,3,9,5,0,22,0,3,8,9,4,4,2,9,6,0,0,11,8,4,1,0,8,1,8,8,2,4,0,2,7,9,5,19,1,9,33,1,3,4,6,1,6,2,2,5,1,0,1,6,11,0,0,6,5,2,8,2,22,5,9,24,15,34,6,1,0,2,4,6
14,3,11,7,2,13,1,8,1,3,15,3,1,2,1,6,1,8,0,3,1,1,5,4,11,3,14,4,4,0,8,13,4,0,0,3,6,3,1,8,4,5,4,7,2,1,4,4,0,3,1,0,3,1,2,5,8,0,4,0,16,0,11,0,5,5,2,1,0,10,1,5,6,0,6,4,1,0,0,0,7,4,0,1,1,15,3,1,7,6,2,3,4,8,10,1,10,7,18,19,1,9,0,1,1,5,3,1,7,6,1,3,6,10,0,2,6,7,8,2,3,22,1,0,8,2,4,4,1,1,5,7,3,4,6,4,7,8,7,0,0,4,1,6,1,4,0,1,0,2,0,0,0,0,1,3,14,13,2,3
11,2,8,4,3,6,1,11,3,8,11,0,8,3,3,1,17,0,0,4,0,0,2,2,4,2,11,0,12,0,5,3,13,4,0,2,1,1,7,13,8,1,0,2,0,0,1,6,3,5,8,1,3,1,0,3,4,4,0,2,0,0,17,4,7,5,1,6,2,2,6,11,4,6,0,3,0,4,2,1,3,7,0,1,2,2,8,3,7,1,1,0,8,6,0,1,5,3,3,13,1,1,3,3,6,4,3,1,2,0,2,4,6,7,0,1,2,2,2,3,6,12,9,4,2,1,6,3,1,2,4,1,2,5,3,1,1,6,4,0,1,2,0,8,0,4,0,0,0,4,3,1,0,0,8,0,1,3,2,5
5,1,4,17,14,6,12,12,1,9,2,0,9,6,2,4,14,0,15,11,8,0,0,10,2,4,0,3,24,1,13,1,17,2,0,1,6,6,6,3,5,0,10,4,9,8,7,4,5,3,1,0,12,2,7,1,2,2,0,3,0,4,11,11,3,8,14,5,7,7,2,10,13,4,3,0,0,2,11,0,1,3,0,9,0,2,20,11,11,0,3,0,6,10,4,10,0,4,29,14,8,1,1,10,8,7,0,4,4,6,0,0,10,1,0,1,1,0,0,7,3,3,6,2,4,1,17,1,4,1,4,6,4,3,1,6,1,0,2,9,4,3,0,3,4,0,0,1,1,18,2,1,3,16,17,0,0,8,13,18
1,1,0,2,8,0,0,0,2,5,0,1,0,0,5,2,2,0,2,0,0,0,0,4,1,0,0,2,9,0,2,2,0,0,2,0,0,7,1,4,1,2,0,0,3,0,2,10,1,7,4,0,0,0,0,1,2,0,12,2,0,1,0,2,1,2,3,2,2,0,0,0,0,1,0,0,0,0,2,3,1,3,0,1,0,6,11,0,5,1,0,8,1,7,2,9,2,2,8,0,4,1,0,4,0,2,0,1,4,1,1,1,0,0,2,1,0,0,1,0,3,0,0,1,3,2,0,0,1,0,17,0,0,0,3,0,3,1,2,2,3,1,0,0,3,2,0,0,0,0,2,0,1,5,1,2,0,3,1,4
0,8,10,0,0,28,0,1,1,0,12,8,0,0,3,2,5,21,1,3,0,13,6,1,10,0,9,1,0,0,4,6,1,0,0,15,1,3,0,2,5,9,3,8,0,0,0,2,0,0,0,0,4,6,2,0,1,0,2,2,0,0,2,4,3,2,0,0,0,3,0,6,7,0,4,2,0,0,0,0,1,8,2,0,13,2,8,1,5,3,4,2,2,6,16,3,10,1,0,16,0,8,0,0,0,4,12,0,2,0,4,0,0,6,0,0,4,0,10,2,0,7,0,0,14,2,2,4,0,2,0,6,1,3,2,0,0,0,8,8,4,15,14,2,0,0,5,0,0,5,1,0,1,0,0,5,11,0,0,19
2,0,1,3,4,0,7,3,15,3,0,0,3,4,0,1,8,0,23,5,27,0,0,8,0,10,0,1,4,0,2,0,1,0,17,0,0,4,7,8,6,2,2,3,4,11,8,3,4,8,2,4,16,1,3,1,1,25,2,4,0,3,1,2,0,1,3,42,16,4,0,0,2,0,2,11,2,0,0,21,1,0,0,8,0,4,9,0,8,0,3,0,0,0,2,17,0,1,14,2,7,1,8,2,0,2,0,7,4,1,2,3,0,0,20,4,1,19,0,3,4,3,3,11,0,13,2,2,10,0,2,0,12,0,0,6,1,3,1,20,16,0,0,1,7,0,12,11,22,2,14,9,11,9,2,0,0,1,29,0
0,0,2,0,2,2,3,1,9,1,0,0,6,0,0,1,0,0,13,4,16,0,0,7,0,9,1,0,5,0,0,1,3,0,46,2,1,18,0,1,1,0,1,1,4,19,8,2,0,0,6,8,6,0,0,0,1,12,0,3,0,18,1,0,0,0,4,27,41,2,0,1,16,0,1,0,3,0,21,0,0,0,0,10,0,0,3,3,2,0,9,0,0,2,0,44,0,0,7,1,4,0,20,0,0,1,0,16,2,0,1,1,2,1,22,16,0,3,0,0,2,4,6,6,0,19,5,1,11,0,1,0,2,3,0,2,0,0,2,8,4,1,0,0,2,1,19,28,6,1,21,17,16,17,1,1,0,0,6,1
7,5,15,8,1,4,0,11,0,11,5,2,8,0,2,6,0,2,2,0,3,0,2,0,20,2,13,3,7,0,3,4,1,0,0,6,1,0,6,5,5,0,10,16,0,1,1,6,2,0,2,0,1,0,15,5,3,1,2,2,0,0,1,3,2,10,0,1,0,8,10,5,5,7,3,1,1,1,1,0,0,7,0,0,3,9,1,8,1,7,0,0,10,1,8,0,7,3,2,35,1,6,3,7,8,15,4,0,5,6,9,1,4,7,0,2,16,3,20,5,9,11,1,1,4,0,4,3,0,2,3,10,0,17,3,10,4,2,11,1,0,4,5,16,2,8,0,0,0,7,2,1,0,0,7,1,9,8,1,3
1,0,7,2,4,12,0,4,0,13,10,1,1,0,1,7,1,10,2,0,0,0,0,5,6,1,14,5,6,0,6,6,1,0,0,2,19,0,3,3,0,0,9,21,2,0,1,3,2,1,1,0,0,8,3,1,8,0,2,0,0,1,4,0,4,3,0,0,2,9,3,7,2,4,7,3,3,8,0,0,7,0,0,0,0,2,1,10,4,8,0,8,1,7,7,0,2,1,0,12,0,6,1,2,13,3,3,0,2,0,0,0,1,9,0,0,3,4,1,0,0,8,0,2,11,0,3,6,1,9,0,19,0,8,2,0,0,2,12,0,2,0,4,4,1,18,0,1,1,6,0,0,0,0,7,2,3,8,0,16
0,3,1,0,0,46,0,0,0,0,0,4,0,0,0,0,0,8,0,0,0,15,6,0,2,0,7,0,0,0,4,0,0,0,0,14,0,0,0,0,0,6,0,0,0,0,0,0,0,0,0,0,0,0,0,0,0,0,0,0,0,0,0,0,0,0,0,0,0,0,0,0,0,0,0,0,0,2,0,0,0,0,0,0,3,0,0,0,0,3,0,0,0,0,5,0,0,0,0,0,0,1,0,0,0,0,4,0,0,0,4,0,0,2,0,0,2,0,7,0,0,0,0,0,0,0,0,0,0,4,0,0,0,0,0,0,0,0,0,0,0,10,79,0,0,0,0,0,0,0,0,0,0,0,0,17,11,0,0,0
0,0,0,0,3,1,4,1,22,2,0,0,3,8,1,2,0,0,23,23,1,0,0,10,0,11,0,0,4,0,0,0,0,0,11,0,0,46,0,1,2,0,3,0,2,19,8,8,0,1,0,5,5,0,0,0,3,24,4,0,0,14,0,5,0,0,5,30,29,0,0,4,7,1,1,9,1,0,8,10,0,0,0,0,0,1,2,0,0,0,8,1,0,0,0,27,0,1,1,1,1,0,4,1,1,3,0,14,5,0,0,0,1,0,7,9,0,0,1,2,3,0,0,3,0,8,9,0,3,0,1,0,5,1,1,0,1,1,1,12,6,0,0,1,7,0,33,4,2,0,4,4,10,11,1,0,0,0,2,2
2,4,5,0,0,8,0,0,0,0,1,11,0,1,0,2,0,15,0,0,0,2,7,0,3,0,6,0,2,0,8,3,0,0,0,7,4,0,0,0,0,11,1,10,0,0,0,5,1,2,0,0,0,1,1,0,1,0,0,0,0,0,1,1,1,0,0,0,0,8,0,3,0,1,2,0,0,13,0,0,3,0,3,0,0,0,0,4,0,9,0,2,1,14,12,0,8,2,2,13,0,4,0,0,1,0,8,0,0,2,4,0,0,4,0,0,8,0,8,0,0,4,0,0,4,0,0,5,0,2,2,4,0,12,0,1,3,4,0,3,0,10,32,0,0,0,0,0,0,6,1,0,0,0,0,10,4,2,0,0
13,0,14,1,3,1,2,0,1,6,2,0,1,7,4,3,1,10,10,2,0,0,0,0,1,0,2,2,7,2,2,116,2,0,1,0,2,1,6,18,0,0,3,5,2,0,1,2,7,15,3,0,0,1,3,8,18,2,9,0,0,2,2,8,11,7,2,0,0,6,4,0,4,15,2,2,6,2,4,0,9,2,0,1,0,0,0,4,1,0,0,1,4,2,5,0,4,33,6,8,0,3,0,5,6,3,0,0,6,0,2,10,12,2,2,0,1,4,7,0,18,3,0,3,14,0,0,4,0,1,76,1,0,4,1,3,5,0,16,2,0,0,0,9,0,20,0,0,0,3,4,0,0,0,2,0,7,10,0,12
1,0,4,18,11,2,4,9,7,6,1,0,4,1,3,2,14,0,10,9,15,0,0,34,2,4,0,2,35,0,6,2,12,0,0,0,0,5,1,3,9,0,10,8,10,12,19,4,8,3,2,3,16,0,1,2,4,12,5,24,0,17,4,0,2,4,6,3,26,1,1,2,20,3,8,20,11,8,9,3,1,1,0,2,0,0,0,10,12,0,5,1,7,9,3,8,0,2,8,2,8,0,5,5,1,15,0,5,17,7,1,1,8,0,3,5,2,7,1,24,4,18,21,27,4,9,9,0,8,6,6,1,6,4,1,2,3,0,0,7,15,0,0,1,7,1,3,2,3,4,2,10,3,5,19,1,0,5,12,9
3,1,5,3,12,1,0,20,3,6,6,3,1,12,3,5,0,1,2,1,0,0,2,10,1,3,9,1,10,0,16,4,5,0,0,0,0,0,14,1,0,2,20,19,8,0,1,0,1,2,1,0,0,9,2,0,2,4,10,7,0,0,24,8,6,6,1,7,2,20,2,17,7,1,3,11,0,1,0,3,8,10,0,0,4,4,10,0,23,4,4,4,3,13,21,0,6,2,0,6,1,4,1,3,1,8,1,0,8,29,0,1,3,5,0,5,2,1,1,3,1,3,4,2,6,0,2,3,1,3,4,8,0,4,1,0,1,0,6,0,3,0,1,2,3,11,1,1,2,15,4,0,0,4,1,0,2,3,2,13
0,1,2,21,3,3,6,4,20,0,10,2,8,13,2,1,0,0,10,0,1,0,0,2,0,14,3,0,7,0,2,0,2,0,0,0,0,0,0,9,6,2,9,2,5,19,6,7,3,9,5,5,1,0,1,0,6,4,2,10,0,7,6,18,1,4,0,14,5,6,0,10,5,7,7,11,5,5,8,2,1,4,0,0,0,1,12,23,0,2,2,2,2,8,8,10,0,2,17,5,4,2,9,6,1,12,0,16,3,5,0,0,1,0,1,0,0,19,2,1,4,1,1,1,2,2,13,5,30,0,3,2,5,3,2,0,1,0,2,17,9,0,0,1,15,16,0,3,3,8,4,5,5,16,6,0,0,0,38,0
0,11,13,1,1,19,0,1,1,4,1,6,1,3,3,4,0,21,0,0,0,8,1,0,15,1,15,0,3,0,10,0,0,0,0,6,1,0,0,4,0,5,5,5,1,0,3,3,1,1,0,0,3,7,4,0,7,0,5,1,0,1,6,0,8,2,2,0,5,11,2,3,1,6,1,0,1,3,0,0,7,8,3,0,9,0,0,4,2,0,0,4,2,6,12,0,24,8,6,24,0,16,0,2,2,6,8,0,5,1,8,0,2,15,0,0,5,0,11,0,4,19,1,0,21,1,0,12,0,8,0,6,0,7,3,0,5,6,3,0,0,4,14,7,0,1,0,0,0,0,1,0,0,2,3,11,10,7,1,7
3,0,5,6,3,0,9,4,7,1,0,0,4,5,1,2,1,2,33,1,3,0,0,3,0,34,0,2,1,0,0,0,10,0,9,0,1,18,4,6,4,0,1,2,2,3,6,7,2,4,3,5,11,0,0,3,3,16,5,14,0,7,0,6,0,2,0,12,14,5,1,2,12,2,1,3,0,4,3,9,0,0,0,8,0,0,5,4,2,0,0,7,0,10,1,13,1,0,1,3,11,0,7,2,0,3,1,8,5,0,0,0,7,0,6,1,1,8,0,11,4,5,1,17,0,13,3,1,18,7,5,0,4,0,0,2,0,0,1,13,18,0,0,1,10,0,4,2,12,4,18,4,2,8,1,0,0,2,3,4
9,4,4,9,4,2,0,6,0,8,6,0,0,1,1,0,7,4,6,2,4,18,0,9,1,0,3,7,17,0,4,0,2,0,1,2,18,2,16,6,4,2,11,6,5,1,6,2,2,10,0,0,0,1,3,2,0,0,4,4,0,5,3,1,3,4,1,4,4,8,0,0,3,3,0,0,8,2,0,0,0,8,0,1,2,1,1,4,2,4,7,0,2,0,6,0,4,3,3,15,2,1,3,2,1,4,4,1,4,2,1,1,3,4,1,4,1,6,3,2,1,2,0,2,12,2,1,1,4,10,5,1,1,2,3,5,2,4,11,0,2,1,4,3,3,10,2,1,0,2,4,2,0,2,6,2,4,16,4,3
1,3,9,10,4,12,0,14,1,14,4,1,13,2,1,3,4,10,3,0,7,0,1,0,12,2,19,0,21,0,6,3,3,0,0,4,2,0,9,7,5,6,7,6,1,0,1,0,2,3,0,0,4,12,11,0,0,0,1,5,0,1,1,4,7,9,1,2,1,1,5,3,9,4,8,6,1,2,0,0,10,1,0,0,1,4,7,3,2,2,0,2,0,10,4,0,11,2,3,2,0,3,3,7,3,6,5,0,2,0,1,0,0,5,0,0,4,0,2,7,0,8,6,3,3,1,8,3,4,8,2,1,0,6,0,5,12,1,6,3,6,0,1,7,0,0,0,1,0,7,1,0,0,1,0,0,1,8,2,10
0,3,3,8,7,5,0,18,2,8,10,0,6,10,11,2,0,2,0,1,1,8,1,5,3,3,7,0,14,0,3,7,8,5,0,3,12,0,2,11,9,1,3,21,1,5,0,2,0,0,5,1,3,1,4,0,3,2,5,0,0,1,29,6,9,5,1,0,7,10,0,10,5,8,6,10,7,6,0,2,1,7,0,0,14,2,9,13,8,6,10,0,10,0,6,0,1,9,5,6,1,1,0,18,3,3,4,0,11,7,0,2,3,3,0,0,3,0,2,4,7,9,4,1,16,1,4,0,11,6,4,12,1,9,3,2,4,0,4,3,0,1,1,2,9,6,0,0,0,7,3,0,0,0,25,4,2,8,3,17
6,7,30,4,2,16,4,20,0,5,3,45,3,4,4,7,0,5,0,0,2,4,14,6,13,3,19,0,14,0,11,9,0,0,0,9,7,2,5,17,2,11,8,22,1,0,0,4,1,7,0,1,1,15,18,3,11,0,9,1,0,0,7,5,1,6,2,4,3,3,5,5,0,10,0,4,2,16,2,0,8,7,5,0,12,5,3,21,8,12,1,6,4,6,0,3,15,9,1,11,0,14,0,3,4,2,11,0,5,1,21,3,4,24,0,0,17,2,8,6,0,13,4,1,23,0,1,10,0,18,14,18,0,28,15,9,7,9,1,3,1,31,16,11,1,11,0,0,0,14,1,3,1,1,7,10,12,9,0,20
1,0,5,0,4,0,14,2,23,0,0,0,0,8,0,0,6,0,27,1,14,0,0,25,0,8,0,0,4,0,0,0,4,0,10,0,1,20,6,1,9,0,1,0,0,10,25,6,1,0,4,11,44,0,1,0,12,16,7,5,0,10,1,17,1,0,14,38,11,2,0,1,22,1,1,10,9,3,17,44,0,0,0,27,0,0,8,0,10,0,13,0,0,0,3,0,0,3,11,1,12,0,17,1,0,2,0,24,4,0,0,0,3,1,11,15,0,2,0,3,4,1,4,10,1,25,14,0,0,0,9,0,6,5,0,0,0,0,0,14,5,0,0,1,12,0,12,11,20,4,30,13,12,26,4,1,1,0,11,2
0,7,30,4,0,22,0,0,0,0,6,93,4,0,3,7,1,20,0,0,0,15,18,0,8,0,16,1,5,0,5,0,0,0,0,6,1,0,0,8,0,6,3,21,2,0,0,5,3,1,0,1,1,0,6,0,2,0,3,0,0,0,6,2,3,1,0,2,0,3,4,4,0,10,5,0,2,10,0,0,7,2,0,0,8,4,0,6,0,24,1,4,11,1,15,0,0,0,0,15,0,12,0,2,3,2,13,0,0,0,15,0,3,33,0,0,12,0,11,1,4,9,0,0,8,2,0,5,0,11,0,6,0,14,33,0,16,23,0,0,0,42,16,14,0,9,0,0,0,2,0,0,0,1,2,24,7,1,0,3
8,4,3,21,13,9,0,4,1,7,7,2,0,1,5,11,1,4,2,0,1,3,0,2,3,1,2,0,5,1,4,10,0,0,0,7,2,0,4,5,2,3,12,3,2,1,7,1,2,4,3,0,3,3,9,7,9,0,3,0,2,0,2,2,8,9,0,0,4,5,3,3,3,7,3,4,2,1,1,0,3,1,0,1,2,33,2,2,2,8,0,3,2,9,9,3,0,0,13,7,1,1,0,4,3,6,3,1,7,1,0,2,3,3,0,1,2,6,10,2,7,8,1,4,6,2,3,4,0,13,5,3,0,19,2,0,3,1,3,1,0,2,1,2,0,11,0,1,1,3,3,0,1,2,15,1,2,6,4,6
13,0,0,27,9,2,4,2,12,5,4,0,9,13,4,8,8,2,12,8,0,2,0,6,1,18,4,0,14,0,5,1,0,0,3,1,8,9,14,5,34,2,7,1,11,14,6,8,5,1,1,1,5,5,2,3,8,6,1,10,5,2,8,3,5,4,1,13,6,2,0,1,8,18,3,29,8,0,14,7,2,0,0,1,2,6,8,0,17,6,1,3,3,5,1,11,0,13,0,4,5,0,4,4,0,14,1,5,7,5,0,3,3,1,6,8,0,18,0,20,2,1,4,4,4,0,6,7,1,2,5,3,4,5,1,11,0,0,3,2,3,1,3,1,1,4,9,7,3,7,7,8,3,13,6,2,3,1,5,6
28,2,20,5,5,23,0,5,4,15,5,24,2,16,13,30,2,14,8,0,10,8,9,4,18,0,8,2,6,2,13,15,1,0,0,8,11,3,13,63,5,4,3,31,6,6,4,36,5,8,4,2,3,5,6,4,17,2,5,0,0,6,18,0,7,7,8,8,3,11,1,37,9,19,13,14,0,16,2,1,35,12,0,1,13,8,2,6,5,24,3,15,2,6,11,1,15,7,4,0,1,20,1,10,5,6,14,1,10,2,7,1,45,16,1,2,20,6,4,0,0,31,5,0,21,0,3,15,1,2,14,15,1,26,35,5,9,25,12,4,6,21,6,19,2,10,1,0,3,4,5,7,1,9,8,16,16,18,12,13
0,0,0,0,3,0,1,2,5,1,1,0,7,3,2,1,4,0,26,4,21,0,0,4,0,14,1,0,3,0,2,1,5,0,1,0,1,5,4,3,4,0,0,1,1,12,20,1,0,1,7,3,18,0,0,1,2,8,0,3,0,20,2,0,1,0,7,7,29,2,0,2,4,1,1,8,4,0,7,4,1,0,0,1,0,0,8,1,4,0,11,2,0,1,0,12,0,1,5,1,0,1,13,0,1,0,0,6,1,0,0,1,6,0,21,10,0,6,0,5,3,1,8,27,0,8,0,0,7,0,5,0,1,0,2,5,0,0,0,15,17,0,0,3,20,3,5,8,7,1,35,9,2,11,0,0,0,1,12,1
0,4,21,5,3,14,0,2,0,7,3,23,1,0,2,8,1,6,0,0,0,9,3,0,4,0,15,0,4,0,11,4,1,0,0,1,10,0,4,2,0,8,4,2,1,0,1,2,1,3,0,0,0,9,9,1,4,0,2,0,0,0,3,1,2,2,0,0,0,3,2,1,4,9,1,1,1,8,1,0,6,6,1,0,4,3,0,4,2,16,0,1,3,1,14,0,12,1,0,20,1,0,0,0,9,5,6,0,3,5,11,0,4,10,0,0,19,2,3,0,0,0,0,1,15,0,3,1,1,6,2,8,1,8,15,0,2,2,5,1,2,20,14,6,0,3,0,0,0,1,0,0,0,0,3,7,10,4,0,1
0,0,2,0,8,0,13,2,8,4,1,0,12,5,1,1,1,0,36,5,25,0,0,2,0,16,0,0,3,0,0,0,2,0,9,0,0,13,2,4,8,0,0,0,2,34,17,14,4,2,2,7,19,0,0,0,1,7,0,4,0,11,0,2,1,1,4,26,25,6,5,3,2,0,3,1,0,0,8,20,3,1,0,4,0,0,5,1,9,0,7,3,3,0,0,17,0,0,4,1,13,0,0,1,3,5,0,25,3,0,1,2,2,0,16,12,0,6,0,3,0,1,1,12,0,15,5,1,3,3,3,2,31,0,0,7,0,0,0,11,3,0,0,3,12,1,7,21,18,3,5,11,22,9,1,0,0,0,12,0
0,0,4,5,3,5,0,3,14,15,1,0,2,6,10,7,1,0,4,0,1,0,0,12,2,2,9,1,28,0,10,0,3,1,0,0,3,5,9,3,4,2,12,8,4,5,1,10,0,0,0,2,3,3,4,0,2,1,3,5,0,4,10,13,4,4,7,2,6,6,0,7,9,1,3,10,4,0,2,0,7,2,0,1,0,5,5,3,6,2,2,2,7,18,3,1,2,4,4,10,0,0,1,0,0,4,0,5,2,6,3,0,4,6,0,2,1,5,1,1,1,3,0,1,4,0,9,6,3,3,2,6,2,11,3,3,2,2,4,4,2,2,0,2,6,6,0,0,0,3,5,0,1,0,16,1,4,2,6,8
5,0,5,0,1,6,1,2,0,15,5,1,1,0,1,3,1,1,7,0,0,1,0,2,5,0,6,0,10,0,5,3,2,0,0,0,1,0,2,4,1,1,6,6,3,0,0,3,1,10,2,0,1,12,5,1,5,2,1,0,0,0,3,4,5,2,0,1,0,8,1,5,6,1,6,8,0,0,0,0,8,13,0,1,1,6,1,1,1,2,0,1,3,3,4,0,3,3,0,5,1,9,3,0,0,8,1,1,3,5,6,2,2,8,0,0,2,1,3,5,4,1,1,1,12,0,1,5,0,3,1,0,0,0,7,5,1,0,0,1,0,4,1,17,0,11,0,1,0,7,1,0,0,2,4,2,7,4,1,3
1,2,8,13,7,1,0,10,1,14,1,0,6,2,6,0,5,0,7,0,0,0,1,0,1,0,6,5,10,1,7,2,11,0,1,3,2,0,7,14,5,2,17,21,3,8,3,9,3,1,3,4,0,2,10,3,8,0,9,1,0,2,11,4,3,1,8,1,2,2,3,2,0,5,4,7,2,4,2,1,15,3,0,3,0,3,15,8,12,6,3,4,6,3,2,2,2,6,14,6,0,5,5,4,8,0,4,5,7,1,0,1,7,2,1,3,7,3,6,9,3,2,4,12,2,4,5,5,14,1,1,3,0,1,5,6,2,0,3,3,0,1,1,12,1,16,0,1,0,4,1,0,2,8,17,4,2,2,6,6
3,4,7,1,0,16,0,1,2,10,3,30,3,2,5,4,0,18,0,1,0,15,1,0,4,0,15,0,1,0,13,5,0,0,0,12,3,0,0,0,0,12,2,10,1,0,0,1,0,0,0,0,0,3,9,2,1,0,1,0,0,0,3,1,4,2,1,0,0,2,0,0,0,3,3,0,0,12,0,0,4,3,4,0,8,0,0,1,0,8,1,4,5,4,11,0,13,3,1,14,0,6,0,0,1,4,0,0,0,1,1,0,0,5,0,0,4,0,4,0,0,11,0,0,8,1,12,9,1,2,0,8,0,5,6,0,0,8,0,2,2,22,21,2,4,0,0,0,0,0,0,0,0,1,2,15,11,0,1,5
0,0,0,4,4,0,16,0,12,0,0,0,2,7,1,0,5,0,18,0,5,0,0,7,0,14,0,1,6,0,1,1,5,0,12,0,3,19,0,2,2,0,5,0,3,28,9,2,2,1,0,13,21,0,1,0,3,16,1,3,0,14,1,5,1,1,4,36,16,0,1,2,11,1,1,4,1,0,7,16,0,0,0,14,0,0,5,0,16,0,8,1,0,0,0,24,0,1,5,1,6,0,25,5,1,5,0,0,2,7,0,0,0,0,26,14,1,0,0,3,1,5,4,15,0,25,1,0,1,1,2,1,10,0,0,1,0,0,1,17,11,0,0,0,28,1,17,26,15,4,12,11,13,14,0,0,0,0,8,8
7,2,0,11,4,7,2,6,0,18,1,2,3,1,0,3,3,3,11,2,3,0,0,5,1,3,2,0,10,0,3,2,3,1,0,0,4,2,5,10,15,0,9,13,2,15,24,1,2,5,11,1,4,3,2,6,5,2,5,4,0,12,5,4,10,3,6,2,8,1,6,11,8,7,2,4,4,2,4,2,5,2,0,5,0,6,17,8,3,5,5,4,2,11,5,4,0,7,7,10,1,3,3,2,3,7,0,2,0,1,0,5,6,1,0,0,1,12,3,2,10,5,5,6,5,0,5,0,1,3,4,2,2,0,2,7,4,0,1,1,3,3,0,2,1,11,0,2,0,7,3,0,1,6,4,0,1,3,7,15
0,1,6,0,10,1,0,7,0,11,8,2,5,10,2,0,2,0,2,0,4,0,0,3,1,1,5,4,6,0,4,0,9,3,0,0,2,1,4,5,5,1,3,0,0,0,1,3,7,2,0,0,0,3,3,1,2,2,4,0,0,5,18,7,12,1,4,0,1,13,4,8,4,6,0,6,1,0,1,0,6,0,0,0,2,0,7,29,5,1,0,2,0,7,1,0,0,1,5,2,0,5,0,6,5,1,1,7,1,0,0,2,0,0,0,1,0,10,1,1,1,3,5,1,5,0,0,3,2,0,1,2,1,1,2,6,1,0,5,1,1,0,1,6,3,6,0,5,1,5,3,1,1,0,2,2,5,3,14,2
1,3,4,3,0,19,0,0,0,2,0,14,1,0,0,2,0,3,1,0,0,2,9,1,2,0,19,0,2,0,2,2,3,0,0,14,0,0,3,0,0,21,1,5,0,0,0,3,1,0,0,0,0,3,8,0,1,0,1,0,0,1,3,0,0,1,1,0,0,1,0,4,1,1,2,0,1,4,2,1,9,0,4,0,4,2,1,0,0,8,0,1,1,0,21,0,15,0,0,7,0,11,1,3,6,0,1,0,0,0,0,1,0,6,0,0,3,0,10,0,0,1,0,0,7,0,1,5,0,3,0,1,0,6,6,0,1,0,1,0,0,17,20,0,0,3,0,0,0,3,1,0,0,1,4,4,19,0,0,0
6,0,1,3,0,0,4,0,0,7,0,0,2,0,0,0,1,0,3,0,2,0,0,0,0,1,4,0,4,0,1,1,3,0,0,0,0,0,5,0,1,0,1,0,5,1,4,2,1,2,0,1,0,0,0,2,1,2,2,0,1,0,4,0,0,0,2,3,2,1,2,2,0,3,4,0,1,0,3,1,1,0,0,0,0,10,1,1,0,0,0,1,0,2,3,0,0,2,3,1,1,0,2,0,2,1,0,0,5,2,1,0,2,0,4,0,1,3,0,0,6,2,1,0,0,1,1,3,6,0,8,0,0,1,0,8,0,0,0,1,0,0,0,2,1,0,1,0,0,1,2,2,0,2,0,0,1,2,1,0
3,0,5,2,14,10,1,8,1,5,1,0,4,3,8,7,5,0,10,2,0,0,0,0,3,4,2,1,6,0,5,5,5,0,0,2,0,0,10,38,16,1,8,2,1,0,8,12,9,7,1,6,4,2,1,5,21,0,4,1,0,3,5,5,5,5,6,3,5,1,0,8,8,6,6,10,0,0,0,2,4,1,0,1,0,12,8,3,1,2,7,3,0,3,4,3,3,3,3,45,6,4,2,4,2,7,0,0,6,0,0,2,0,0,2,1,1,8,4,2,5,16,3,3,1,4,5,5,2,2,12,2,0,6,14,8,2,0,0,8,0,0,0,22,1,3,0,1,2,0,2,3,1,3,2,0,4,6,2,11
1,16,18,5,1,9,0,3,0,0,4,34,2,2,6,4,1,10,1,0,0,6,4,5,3,0,13,2,6,0,6,1,2,4,0,8,6,0,5,1,0,9,0,9,0,0,0,3,0,1,1,0,0,13,6,2,2,0,3,3,0,4,3,0,3,10,2,2,0,4,4,6,1,10,7,1,0,6,0,1,7,9,2,0,4,2,0,5,0,15,0,4,5,3,24,1,33,3,1,16,0,10,0,6,8,2,5,0,1,0,6,0,0,0,1,0,10,1,11,1,5,10,1,3,18,0,2,8,0,13,2,10,0,17,8,0,7,4,2,0,1,21,20,5,0,10,0,0,0,0,0,0,0,0,5,6,11,5,3,7
1,0,0,1,7,0,8,3,14,1,0,0,3,0,2,0,4,0,17,5,25,0,0,9,0,13,0,2,4,0,1,0,6,0,24,0,0,9,1,0,0,0,0,2,4,36,22,2,1,0,0,9,14,0,0,1,1,18,0,3,0,20,1,2,0,1,2,53,26,0,1,2,8,0,0,0,2,0,20,22,0,0,0,7,0,2,3,0,1,0,6,1,0,0,0,11,0,0,6,1,21,0,16,0,0,1,0,26,0,0,0,4,2,1,0,9,0,10,1,1,0,9,3,18,0,9,5,0,7,0,3,0,13,0,0,9,0,0,0,7,1,0,0,1,6,0,13,32,17,1,2,10,8,9,0,0,0,0,9,0
1,0,1,1,4,1,0,1,10,0,0,0,3,3,2,0,2,0,14,9,15,0,0,0,0,4,0,0,3,0,0,0,0,0,9,0,0,18,2,1,1,0,0,0,4,15,5,1,0,0,1,9,8,0,0,0,1,15,3,1,0,6,0,3,0,0,10,21,0,1,0,2,8,2,1,1,1,0,4,16,2,0,0,9,0,0,5,5,0,0,1,4,0,0,0,15,0,1,8,2,10,0,12,2,0,3,0,14,0,1,0,0,1,0,9,0,0,0,0,10,2,6,1,0,0,15,5,0,3,0,1,0,8,1,0,0,0,1,0,7,0,1,0,0,6,0,21,3,11,4,5,7,10,21,1,0,0,1,15,6
2,4,13,3,1,10,0,4,2,0,7,10,2,3,7,3,0,10,1,1,0,6,8,0,9,0,15,0,9,0,10,2,1,0,0,4,0,0,0,0,0,6,9,12,0,2,0,3,0,1,1,2,0,2,13,0,4,0,0,0,0,0,1,1,1,0,3,3,2,2,0,11,2,6,2,1,0,4,1,0,16,3,2,0,8,1,2,2,0,5,1,1,4,3,17,0,12,2,0,20,0,19,0,1,2,7,4,1,1,0,3,1,1,10,0,0,0,0,3,1,2,4,0,0,15,0,3,2,1,2,0,9,0,17,6,2,1,4,4,0,1,11,23,8,0,3,0,0,0,2,1,0,0,1,7,15,15,1,0,8
7,0,0,3,2,7,8,1,0,24,0,0,19,6,5,0,13,0,22,4,13,0,0,0,4,0,1,0,6,0,4,2,2,0,3,0,5,0,8,9,1,0,10,11,6,0,10,5,4,6,1,2,0,2,2,2,2,1,5,12,0,4,12,3,13,7,4,23,0,0,4,2,4,7,2,0,0,0,19,3,3,4,0,0,0,4,7,1,19,0,8,6,0,0,2,2,0,6,18,6,6,2,6,5,1,3,0,0,12,10,0,3,8,1,10,0,0,0,1,20,6,4,3,22,11,1,0,2,2,2,7,1,1,1,2,51,0,1,0,4,6,0,0,0,1,4,3,1,0,9,6,4,0,3,2,0,1,6,2,1
1,23,15,1,0,42,0,2,0,3,8,22,1,4,3,7,0,3,0,0,0,12,5,2,10,0,2,1,3,1,4,2,0,0,1,17,6,0,6,7,0,11,0,7,2,0,0,0,1,1,0,0,1,4,8,4,0,0,10,0,0,0,7,1,7,4,1,0,3,5,0,4,0,8,2,0,1,10,0,0,20,1,7,1,8,7,1,1,2,11,0,3,2,2,8,0,11,10,0,4,0,3,0,1,3,6,4,0,3,1,10,0,4,11,1,0,3,1,0,0,1,2,0,1,6,1,0,9,0,3,1,8,0,2,14,0,0,9,0,1,0,13,24,1,1,4,0,0,0,2,0,0,1,1,2,3,11,5,1,0
1,0,5,14,8,7,5,3,10,10,1,0,8,9,2,0,15,0,18,7,1,0,0,20,0,5,1,4,3,0,9,1,12,0,0,0,0,1,5,4,15,0,16,7,4,1,15,3,14,0,2,3,12,6,2,0,2,0,2,9,0,10,8,0,1,1,4,3,3,1,2,1,2,2,3,7,0,2,3,0,5,0,0,2,0,0,24,3,1,0,11,2,7,4,6,3,1,2,20,0,5,0,3,1,5,9,0,3,2,1,0,0,2,1,1,10,1,20,0,0,1,5,13,11,6,8,1,0,11,5,1,2,4,2,3,14,7,0,10,2,17,2,0,2,21,3,0,0,0,4,2,0,3,11,4,2,3,2,11,15
4,1,1,9,2,6,1,5,9,6,4,0,1,0,2,0,9,0,3,1,0,0,0,8,3,2,11,4,2,0,0,4,7,1,3,1,0,3,3,2,1,1,7,5,1,3,4,11,4,14,3,1,3,1,1,3,7,1,3,0,0,0,5,7,10,4,4,0,3,1,3,1,7,3,6,3,3,0,4,2,9,0,0,3,0,18,4,1,4,4,4,1,0,7,0,4,4,7,2,0,3,0,0,1,4,3,0,1,10,1,0,6,5,5,0,2,2,6,1,1,0,6,5,1,6,1,4,2,5,0,6,4,2,0,1,3,0,0,0,2,4,1,0,5,1,2,1,1,1,5,6,2,0,4,0,0,8,4,0,7
1,4,7,6,0,7,0,8,3,20,4,0,4,6,10,0,2,10,6,2,0,0,0,5,11,0,11,2,18,1,2,4,1,0,0,0,10,4,14,4,4,1,5,3,4,1,2,15,0,2,12,2,8,1,7,1,14,4,4,3,0,2,11,0,0,8,0,1,8,1,1,21,9,22,12,3,0,7,3,4,11,8,0,0,4,3,18,3,1,19,5,2,8,9,13,1,9,8,1,31,1,0,1,3,1,2,11,5,5,3,1,2,16,10,9,6,4,4,2,5,6,0,5,3,11,0,2,4,0,10,2,22,8,6,3,3,5,2,6,1,2,0,2,9,3,12,3,1,1,6,1,0,0,1,1,12,3,12,0,11
1,0,2,15,12,0,5,4,1,3,1,0,4,3,2,1,11,0,10,0,1,0,0,7,2,1,0,0,8,0,3,0,11,1,1,0,1,0,6,5,3,0,2,1,5,5,10,2,1,3,0,0,5,0,1,0,4,3,0,2,0,7,1,4,8,0,1,4,5,4,4,5,5,1,9,6,0,0,3,6,1,0,0,0,0,0,21,4,1,1,1,0,6,4,4,4,0,1,4,5,8,0,1,0,1,4,0,4,5,5,0,1,3,1,3,1,0,3,0,13,5,5,0,5,6,3,7,4,6,2,3,7,1,1,1,7,0,0,1,9,3,0,0,4,1,4,0,0,0,9,4,0,5,1,1,0,1,2,21,3
0,0,0,7,6,0,6,1,8,3,0,0,4,3,1,1,14,0,18,4,17,0,0,13,0,17,1,1,3,0,1,1,17,0,6,0,1,6,1,5,6,0,5,2,20,6,27,11,0,4,0,13,11,0,0,0,3,16,2,9,0,17,3,16,1,3,18,18,21,0,4,3,19,0,4,2,1,0,11,6,1,2,0,3,0,3,27,2,1,0,17,2,3,1,1,10,0,4,4,0,27,1,12,1,1,12,0,15,6,1,0,0,3,3,18,0,0,22,1,11,1,3,5,0,1,3,3,2,5,0,6,0,2,0,0,2,0,0,1,20,18,0,0,4,11,0,10,4,6,1,12,7,6,7,1,1,0,1,11,3
8,10,23,5,4,35,0,10,1,17,15,10,5,4,21,0,0,19,2,0,0,18,6,9,34,3,43,3,10,3,23,2,5,0,0,8,7,1,2,7,0,7,3,21,2,2,3,6,0,6,0,0,0,7,9,2,13,0,2,5,0,2,8,4,4,3,1,1,3,15,4,17,1,8,2,4,3,14,0,0,4,11,0,0,4,14,4,6,2,21,0,12,3,16,23,1,8,6,4,21,0,15,0,4,12,2,8,0,5,5,7,0,1,18,0,0,15,11,6,6,6,11,6,1,0,0,5,23,1,39,0,35,1,13,7,7,14,8,16,0,10,15,22,28,4,34,0,2,2,5,0,0,1,0,10,22,30,26,0,17
0,0,1,4,2,0,9,0,7,0,0,0,3,1,5,2,8,2,26,8,22,0,0,5,0,6,0,0,4,0,2,0,8,0,18,0,0,11,0,4,11,0,3,1,2,12,27,1,1,1,0,8,1,0,3,0,3,17,0,4,0,4,3,2,0,0,11,24,14,0,1,2,9,2,1,1,2,2,13,19,0,0,0,8,0,0,9,0,2,1,13,2,1,1,0,25,2,2,0,0,8,0,15,0,0,4,1,25,0,0,0,1,4,0,9,15,0,1,1,8,1,0,3,3,0,0,3,0,1,2,3,2,9,3,0,0,0,1,0,14,7,0,1,1,9,0,3,3,10,4,20,6,6,3,2,0,1,0,4,2
2,1,10,12,11,3,0,9,5,7,3,1,6,8,3,3,1,2,5,2,9,0,1,2,3,7,4,6,13,0,1,0,8,0,0,1,1,2,9,13,8,3,8,5,1,6,1,4,8,3,1,2,15,2,9,0,4,6,5,4,0,4,0,23,4,2,15,7,1,10,8,6,33,4,6,17,0,2,2,5,4,3,0,9,0,0,9,2,13,0,3,1,8,4,1,14,0,3,6,3,0,3,5,9,1,5,12,1,5,0,1,1,5,2,5,5,3,0,0,1,4,2,7,3,5,3,0,3,2,4,7,4,6,5,0,1,4,1,0,10,4,0,2,0,3,1,0,0,0,16,5,0,7,8,1,0,6,2,7,5
9,1,2,2,0,28,0,8,0,2,13,3,2,3,7,2,1,2,0,0,0,1,2,0,16,2,22,7,6,0,5,8,1,1,0,0,3,0,3,9,3,2,6,16,1,0,0,1,1,5,0,0,4,6,4,3,5,0,2,0,0,0,3,0,9,5,1,3,0,5,0,4,1,4,3,1,0,4,2,1,3,6,0,0,5,4,0,3,5,12,1,1,3,0,10,0,5,4,7,15,0,1,1,6,5,5,9,0,0,3,5,3,5,8,0,0,2,2,9,0,2,4,4,2,23,0,3,0,0,7,0,9,0,11,4,0,7,5,5,0,1,6,2,7,3,7,0,0,1,3,2,2,0,0,1,1,7,4,2,11
0,0,4,6,5,2,9,7,18,2,0,0,9,0,4,0,26,0,19,5,7,0,0,0,0,7,0,4,7,0,2,1,1,0,7,0,0,7,2,1,1,1,6,4,11,21,1,2,1,0,12,5,11,0,1,0,6,7,0,2,0,23,3,0,0,5,18,7,9,2,0,4,3,1,1,4,1,0,10,11,0,1,0,3,0,0,8,1,30,0,18,4,4,11,0,0,0,0,1,1,7,1,3,3,0,14,1,1,1,2,0,6,2,0,7,3,1,2,0,11,5,0,6,5,1,1,2,0,0,0,4,0,6,4,1,0,0,0,1,4,24,0,0,0,5,5,8,2,5,0,4,13,0,7,0,0,0,1,12,9
0,3,11,9,0,15,0,0,0,8,10,13,5,4,1,7,0,20,3,1,1,1,3,1,11,0,13,3,12,0,10,1,2,0,2,4,4,0,6,4,0,1,10,11,0,0,0,2,9,3,0,1,0,9,16,1,0,0,9,1,0,1,6,0,1,7,1,0,2,3,1,2,4,1,2,1,0,2,0,0,2,9,4,0,2,1,6,3,0,8,7,10,8,6,18,0,11,13,2,2,0,6,3,3,3,1,2,1,3,0,3,0,2,13,0,0,2,2,3,5,0,10,2,0,39,2,4,7,0,0,1,4,0,13,5,0,7,7,2,0,3,8,1,3,4,5,0,0,0,2,0,0,0,3,11,5,11,11,0,5
6,0,3,2,5,0,7,2,5,1,0,0,1,3,2,0,21,0,6,0,6,0,0,1,1,2,0,5,3,1,7,26,3,0,3,0,0,0,12,12,1,0,2,1,7,4,3,1,3,9,8,0,5,0,3,13,8,1,1,2,0,1,0,7,3,5,3,5,8,9,7,1,6,5,4,4,17,0,2,1,3,0,0,1,2,76,6,4,3,0,5,5,2,4,14,9,0,5,5,14,5,2,3,2,1,1,0,2,4,1,0,8,12,2,3,1,0,7,1,1,6,2,3,6,0,3,7,0,4,1,0,1,2,2,7,10,0,0,1,0,2,0,0,5,1,2,1,0,0,3,2,1,1,4,0,6,0,0,3,1
1,7,9,9,2,11,0,4,0,6,7,9,2,5,3,3,0,1,0,0,0,1,4,0,6,0,17,0,10,0,2,1,0,0,0,10,8,1,0,11,2,12,8,16,1,0,1,4,0,0,1,0,0,4,3,0,3,0,3,0,0,0,5,1,2,2,0,1,2,6,0,2,1,7,1,6,0,6,0,0,10,19,0,0,4,1,1,8,2,6,0,1,1,12,18,0,6,3,3,15,0,8,2,6,0,3,8,1,2,2,1,0,2,10,0,0,9,1,8,2,4,22,7,0,35,2,4,9,0,4,1,0,0,24,1,0,6,3,2,1,1,9,5,3,0,5,1,0,0,1,0,0,0,1,1,5,5,1,1,7
0,0,0,6,1,0,18,5,6,1,0,0,10,6,0,0,6,0,20,7,12,0,0,5,0,16,0,1,4,0,0,0,2,0,23,0,0,20,6,5,5,0,1,1,0,8,10,2,4,3,0,3,25,0,1,0,1,21,0,2,0,7,1,8,0,1,4,22,21,1,8,2,6,3,2,4,0,1,12,2,0,0,0,5,0,0,6,0,5,0,4,1,0,1,0,6,0,0,4,1,1,1,31,2,0,0,0,10,2,1,0,0,0,0,13,8,0,1,0,4,2,8,1,2,1,9,6,0,6,0,2,0,0,0,0,3,0,0,0,11,2,0,0,1,11,2,12,15,16,2,21,6,9,6,0,0,0,0,10,3
1,3,8,20,9,7,0,1,0,5,18,20,2,0,12,15,0,7,2,0,1,1,2,1,12,0,24,1,21,1,4,3,0,0,0,5,4,0,4,7,0,7,13,11,1,0,0,10,0,0,1,0,2,2,14,2,3,0,4,1,0,0,11,1,8,10,4,0,1,7,0,5,2,4,5,3,0,3,0,3,17,8,0,1,12,4,4,4,3,7,0,2,6,9,28,5,14,19,5,26,0,8,0,11,0,1,5,0,0,1,6,1,6,17,0,1,17,1,2,2,0,6,1,0,13,3,5,11,4,13,2,24,0,0,9,13,4,19,2,0,0,6,5,7,1,6,1,0,0,0,0,0,0,0,14,4,4,10,2,12
4,4,19,2,4,7,0,0,1,4,3,9,1,1,12,5,0,14,4,0,0,8,7,4,14,0,14,3,6,1,5,25,3,0,0,3,3,0,4,5,1,6,3,6,0,0,1,8,0,11,2,1,0,2,5,10,10,0,2,1,0,0,11,2,0,15,0,2,2,3,0,5,2,6,3,1,3,2,0,0,3,2,0,1,0,1,1,1,2,3,0,3,0,3,15,0,33,2,1,35,2,15,0,3,7,5,6,0,2,2,6,0,14,8,0,0,6,2,14,3,1,3,1,0,7,0,0,4,1,5,7,1,0,9,0,2,9,25,0,0,0,25,6,13,1,2,0,0,0,1,2,0,0,1,0,3,25,3,5,5
1,0,2,12,10,0,21,0,2,8,1,0,8,11,2,0,15,0,25,8,6,0,0,0,0,3,1,1,0,0,2,1,12,0,1,0,1,0,15,12,9,0,7,14,14,2,44,13,0,12,11,1,0,0,0,17,5,1,4,0,0,5,0,22,0,4,4,8,1,8,3,8,5,4,1,6,0,0,6,2,10,0,0,0,1,3,2,0,0,0,2,5,5,2,9,0,0,0,11,5,5,0,7,3,5,6,0,1,7,6,0,8,8,0,9,0,2,51,0,14,3,3,7,2,7,0,1,0,0,0,10,0,3,13,2,0,5,1,2,9,0,0,0,2,4,0,0,8,1,13,5,1,6,3,1,0,0,1,4,4
3,2,6,16,3,6,0,0,0,7,5,4,1,0,5,6,0,3,1,1,0,0,0,0,14,0,14,4,11,0,9,4,0,1,0,2,1,1,3,1,0,2,9,5,0,1,0,3,3,0,2,0,0,6,6,0,0,0,7,0,0,2,2,1,4,10,2,0,1,0,0,6,1,7,1,1,3,0,1,0,4,0,0,1,3,5,3,1,1,5,0,2,12,4,7,0,16,3,0,9,0,2,0,2,1,2,0,0,4,1,1,0,2,7,0,0,1,0,0,7,0,5,0,0,14,0,4,7,0,7,0,6,0,4,9,5,0,13,2,0,0,6,2,6,0,5,0,0,0,1,0,0,0,0,1,2,3,3,0,2
3,4,13,0,0,25,0,0,0,0,5,35,1,0,8,0,0,0,1,0,0,2,2,0,9,0,8,2,1,0,6,3,0,0,0,10,2,0,0,2,0,7,0,3,0,0,0,2,0,1,1,0,0,2,5,2,1,0,2,0,0,0,4,0,1,1,0,0,2,2,0,1,0,8,6,0,1,0,3,0,2,2,0,1,4,0,0,0,0,6,0,4,1,0,9,0,23,1,0,25,0,2,0,2,0,0,8,0,0,0,0,0,0,4,0,1,4,1,9,0,0,2,0,0,8,1,1,5,0,7,0,3,0,19,25,1,13,0,1,1,0,9,1,3,0,0,0,0,0,4,0,1,0,0,1,4,15,0,0,1
3,0,1,0,1,11,0,1,0,9,1,0,7,7,2,0,2,1,0,0,0,0,2,15,6,0,4,1,7,0,17,1,0,1,0,0,22,0,3,2,0,0,4,9,0,0,0,3,0,2,0,0,3,6,3,1,1,2,1,0,0,0,3,0,4,1,0,1,0,2,2,4,1,7,4,2,2,8,1,2,11,12,0,1,0,16,0,6,2,3,1,11,6,4,1,0,0,3,3,12,0,5,0,4,0,3,0,1,1,5,1,0,0,2,0,0,4,0,0,10,0,6,1,1,16,0,0,5,1,2,1,2,0,2,0,2,2,1,0,1,1,0,0,8,3,9,0,0,0,5,2,0,2,3,7,1,5,1,1,21
4,0,0,2,1,0,2,1,18,9,0,1,4,2,2,0,11,0,26,9,22,0,0,11,0,16,0,1,4,0,0,0,12,0,9,0,1,4,8,13,3,0,6,2,2,6,4,0,0,2,4,6,8,0,0,0,4,39,6,7,0,9,3,4,0,0,13,29,14,0,1,1,6,0,0,9,2,8,20,8,1,0,0,12,3,2,7,0,17,0,13,0,3,3,3,14,0,1,2,4,15,1,11,4,1,3,2,17,1,1,0,1,8,0,7,7,0,4,1,2,2,1,9,20,0,14,10,0,4,0,0,1,11,0,0,9,0,1,1,0,8,1,0,2,13,1,13,18,11,5,9,12,27,6,0,1,1,0,23,3
1,0,0,7,6,0,1,1,17,5,4,1,7,0,2,3,18,0,9,0,12,0,0,17,1,4,1,1,7,0,2,3,10,0,7,0,1,3,1,1,1,1,10,1,3,0,7,3,1,1,3,4,5,0,0,0,3,1,0,1,0,2,4,2,0,3,19,4,8,2,0,2,11,0,1,4,3,4,16,4,0,2,0,6,0,0,15,3,9,0,18,2,6,0,1,5,0,0,3,6,17,2,3,2,0,0,2,11,3,1,0,0,0,1,1,0,1,6,0,17,4,2,3,18,10,7,4,1,24,3,2,1,2,0,0,0,0,0,1,8,0,0,0,2,10,1,6,7,4,1,17,11,3,3,3,1,3,0,23,7
5,26,34,1,1,18,0,0,0,1,2,45,0,0,5,1,0,13,0,0,0,24,7,0,19,0,22,2,1,3,8,0,0,0,0,20,0,0,0,3,2,13,2,6,1,0,2,2,0,2,0,0,0,14,12,0,1,0,1,0,0,0,0,0,2,2,1,0,1,0,0,0,0,4,2,3,1,15,0,1,4,0,10,0,10,0,0,0,0,4,0,1,0,1,31,0,42,2,1,21,0,20,0,2,4,1,22,0,3,0,17,0,0,21,0,1,11,0,13,2,1,0,0,0,15,0,0,6,0,8,0,9,0,6,25,0,6,9,0,1,0,0,37,2,0,0,0,0,0,1,2,0,0,3,2,22,16,3,0,0
3,16,13,5,0,60,0,0,0,1,0,16,0,0,1,3,0,10,0,0,0,23,21,0,155,0,12,0,4,0,5,2,0,0,0,17,4,0,0,1,0,24,1,3,0,0,0,1,0,1,1,0,0,13,7,0,1,0,4,1,0,0,1,0,0,1,1,0,0,2,0,5,0,1,0,0,0,14,0,0,5,4,79,0,32,0,0,1,0,14,0,4,1,1,16,0,16,1,3,6,0,14,0,0,1,1,21,0,0,1,20,0,0,20,0,0,23,0,24,0,0,2,0,0,22,1,2,2,0,1,0,5,0,5,6,0,2,1,0,0,0,37,0,3,0,1,0,0,0,0,0,0,0,0,2,5,21,2,0,0
8,5,2,3,1,9,0,4,0,24,3,1,1,7,5,7,0,10,11,1,0,3,0,0,5,0,20,3,2,0,3,3,1,0,0,1,5,0,16,2,2,5,9,5,1,1,2,3,3,1,0,4,1,4,6,2,20,1,12,2,0,0,14,4,4,18,0,2,3,7,5,12,6,6,8,3,0,2,1,0,16,4,0,1,0,9,1,2,1,7,1,3,7,2,11,1,14,2,1,19,3,6,3,2,17,12,2,0,2,6,0,2,22,5,1,0,8,0,1,2,5,9,4,4,28,1,0,7,0,3,5,3,1,7,13,2,6,3,8,2,2,2,3,0,2,8,0,1,0,4,1,0,2,0,0,12,7,4,4,8
0,4,3,5,0,2,2,1,20,1,1,0,2,4,4,0,5,2,31,0,7,0,0,5,1,10,2,0,5,0,4,2,2,0,7,0,1,18,6,3,1,0,1,2,2,8,4,7,1,1,0,26,26,1,1,0,2,7,2,5,0,3,5,5,1,1,5,15,9,4,1,2,5,1,0,4,3,0,7,2,2,1,0,7,0,0,7,3,15,0,10,3,0,9,1,12,0,0,1,2,20,0,12,6,0,1,4,28,1,3,0,1,1,0,6,6,0,1,1,21,1,3,1,11,4,9,3,3,5,4,1,0,11,1,1,4,0,0,3,13,10,0,0,2,0,7,6,11,20,0,8,6,14,9,3,0,0,1,11,8
6,1,2,3,4,2,0,3,4,16,11,0,4,2,4,2,0,5,0,5,1,2,0,2,5,0,3,3,7,0,12,11,5,0,0,0,8,3,2,5,0,0,6,16,1,2,0,3,6,1,15,0,1,6,1,0,0,2,1,0,23,2,2,4,13,11,0,3,4,10,8,6,2,4,4,0,2,0,0,1,8,18,0,0,0,20,1,11,16,1,0,10,0,6,11,0,9,11,4,10,3,3,1,6,11,16,0,1,11,6,3,0,3,10,0,0,3,4,4,3,2,12,4,0,34,0,1,7,5,5,2,5,2,6,2,0,5,0,9,1,1,0,1,8,7,0,0,0,0,10,1,0,0,8,0,5,0,11,1,7
0,0,0,0,5,0,1,0,14,0,0,0,1,0,0,0,7,0,21,9,7,0,0,23,0,11,0,0,3,0,0,0,3,0,18,0,0,4,1,0,0,0,1,1,0,13,14,2,0,0,2,5,11,0,0,0,1,14,0,2,0,18,2,0,0,0,5,33,21,0,0,2,8,0,0,0,0,5,12,19,0,0,0,33,0,0,3,1,0,0,4,2,0,0,0,12,0,0,9,1,5,0,7,0,0,0,0,17,0,0,0,1,0,0,13,21,0,3,0,0,1,3,0,10,0,3,0,0,8,0,1,1,12,1,0,0,0,0,0,13,6,0,0,0,6,0,0,17,14,3,17,22,10,22,0,0,0,0,6,0
0,0,1,1,2,0,16,3,13,0,0,0,9,8,0,3,2,0,30,4,10,0,0,0,1,14,0,0,2,0,0,0,1,0,10,0,0,10,3,2,6,0,1,0,5,5,40,3,1,0,0,8,11,0,0,1,0,20,6,0,0,2,0,0,0,0,2,33,18,0,0,1,2,1,0,1,0,0,11,28,0,1,0,4,0,0,2,1,3,0,2,1,1,0,0,11,0,1,7,0,8,0,21,0,1,1,0,26,2,5,0,0,1,0,32,3,0,1,0,0,1,1,0,4,2,3,0,0,2,0,0,0,15,0,0,8,0,0,0,18,7,0,0,1,11,0,17,0,24,1,20,11,24,4,1,0,0,0,19,1
0,0,1,1,0,0,5,2,17,1,0,0,1,1,0,1,2,0,20,6,14,0,0,1,0,14,0,0,1,0,0,0,0,0,6,0,0,19,5,2,1,0,0,0,0,5,5,0,1,1,2,12,23,0,0,0,3,22,0,2,0,6,2,9,0,0,2,38,6,2,1,0,22,0,0,1,0,0,22,6,0,1,0,2,0,0,3,2,3,0,12,0,0,0,0,20,0,1,3,3,7,0,18,0,0,0,0,15,0,1,0,0,2,0,17,11,0,0,0,0,1,1,0,6,2,10,0,1,5,0,0,0,16,0,0,1,0,0,0,11,4,0,0,0,20,0,14,24,0,2,18,14,15,11,3,0,0,0,11,1
7,2,1,1,3,11,1,5,0,5,1,0,5,4,8,1,4,0,6,4,1,0,0,3,1,7,2,1,6,3,7,3,7,1,0,0,1,0,2,1,3,3,7,8,1,0,8,5,8,16,3,0,2,2,7,0,3,3,0,1,0,2,9,5,2,0,0,4,3,2,0,5,5,2,4,18,0,5,2,1,7,6,0,0,6,3,4,15,8,0,4,2,7,7,14,4,2,3,7,4,1,1,3,3,7,4,0,4,7,5,3,1,0,0,1,4,2,9,2,4,5,6,9,1,5,4,16,3,0,2,3,1,2,0,1,13,1,4,5,5,1,1,0,4,0,10,3,1,2,0,2,0,0,2,9,0,1,3,7,3
1,2,0,3,2,0,10,7,17,2,1,0,5,3,2,1,6,0,31,5,31,0,0,0,0,24,1,2,7,0,2,1,7,0,4,1,1,14,4,5,4,0,6,3,3,23,9,2,1,3,6,6,4,1,1,1,1,33,3,5,0,1,2,3,1,2,4,29,21,2,1,1,9,0,3,2,2,1,14,21,2,0,0,4,1,4,2,4,4,1,18,4,1,3,1,30,0,3,7,5,35,0,5,5,1,1,0,12,3,3,1,2,2,0,2,5,1,6,0,2,6,1,4,12,0,20,5,2,4,0,2,0,21,0,2,5,0,0,2,9,17,2,0,1,8,1,17,20,18,2,0,23,34,13,0,0,0,0,11,3
4,0,0,0,3,0,6,0,13,1,0,0,1,4,2,0,2,0,14,1,9,0,0,6,0,14,0,0,1,0,2,0,1,0,5,0,0,11,1,1,3,0,0,0,12,34,10,4,0,0,2,12,13,1,0,1,3,7,1,0,0,13,1,1,0,2,7,18,22,1,0,1,24,0,1,1,0,0,9,17,1,0,0,4,0,0,10,0,5,0,4,2,0,0,3,13,0,0,8,7,9,0,11,0,0,0,0,11,0,1,0,2,3,0,10,7,0,4,0,0,2,0,0,7,0,6,0,2,13,0,1,0,6,0,0,1,0,1,0,12,11,0,0,0,6,0,22,11,14,0,23,0,9,29,1,0,0,1,10,3
0,0,0,0,14,0,3,1,10,0,0,0,7,2,0,0,4,0,21,10,12,0,0,0,0,34,0,0,1,0,0,0,2,0,7,0,0,41,1,0,4,0,0,0,7,5,11,6,0,0,0,12,30,0,0,0,0,25,0,1,0,16,1,7,0,0,1,30,7,1,2,0,15,0,0,3,1,1,11,16,0,0,0,10,0,0,3,0,5,0,2,0,0,0,1,12,0,1,3,1,2,0,22,1,0,2,0,13,1,1,0,0,1,0,8,10,0,0,1,3,0,0,5,6,1,6,7,0,0,0,1,0,9,0,0,6,0,0,2,27,3,0,0,2,14,0,10,24,15,0,34,9,0,6,2,0,0,0,15,0
2,0,0,15,3,2,6,2,14,7,0,0,5,4,1,5,7,0,10,19,21,0,0,25,0,24,0,2,4,0,0,0,8,0,7,0,1,5,5,8,4,2,15,3,9,35,15,4,12,0,2,10,17,0,2,1,2,18,1,3,4,22,3,1,3,1,4,19,14,3,4,5,34,0,0,16,5,0,9,17,0,0,0,11,0,0,5,4,16,2,8,2,1,0,1,26,1,2,13,9,11,0,9,0,2,8,1,14,6,0,1,2,3,0,9,21,1,3,1,11,4,1,1,7,0,3,8,0,7,3,4,1,6,0,1,3,0,0,3,6,3,3,0,0,9,8,22,4,11,2,13,29,6,0,5,1,0,3,11,2
8,1,6,6,6,0,0,13,0,4,8,1,5,1,13,1,5,7,2,0,0,2,4,0,5,4,7,0,17,0,10,0,5,5,0,4,3,2,1,11,4,0,6,6,2,5,1,4,0,0,2,0,5,3,7,0,4,1,2,0,0,1,23,3,0,2,1,0,1,7,4,2,6,1,8,17,1,0,2,1,7,7,0,1,0,2,19,1,6,3,1,6,0,25,7,4,2,15,6,8,0,3,1,16,4,17,2,0,4,2,4,0,2,5,0,1,7,2,2,4,0,1,1,1,10,2,1,1,0,11,0,1,0,14,0,1,1,1,7,0,3,2,2,0,3,0,0,1,3,9,0,1,2,5,0,5,7,2,6,15
2,8,10,2,3,4,0,6,0,0,4,24,3,2,11,1,0,15,0,0,1,5,10,4,7,0,12,1,9,1,13,2,0,0,0,11,9,0,0,9,0,5,1,9,2,3,0,0,0,0,1,1,1,0,1,0,8,0,4,0,0,0,6,0,1,1,0,1,2,14,1,5,1,3,0,0,2,5,0,1,1,2,17,0,10,0,1,0,0,11,0,2,0,4,10,1,24,1,2,16,0,7,0,1,2,4,15,0,0,2,4,0,0,6,0,0,15,0,3,2,0,12,0,1,22,0,0,1,0,5,6,5,0,4,3,0,2,4,1,1,1,22,5,12,0,5,0,0,0,0,0,0,0,1,5,0,11,3,0,13
2,9,5,9,3,20,0,7,2,8,7,17,0,1,1,6,1,6,0,1,0,5,7,0,9,0,15,8,2,0,15,6,0,6,0,7,1,0,3,3,0,12,3,17,0,0,0,2,0,0,1,0,0,1,4,0,2,0,6,0,0,0,3,2,2,1,0,1,0,3,0,5,0,14,1,0,0,11,0,0,9,3,11,0,4,7,0,2,0,10,0,4,1,2,12,1,7,2,3,16,0,10,0,4,7,2,11,0,1,5,19,1,4,11,0,0,15,1,11,3,8,3,1,0,30,1,6,7,0,11,0,5,0,4,25,0,3,15,5,1,3,16,21,7,0,0,0,0,0,1,0,0,0,0,7,11,0,5,0,3
0,0,6,1,2,2,1,11,0,22,6,2,2,4,3,9,0,6,3,1,0,1,2,4,12,0,4,10,10,0,3,4,1,1,0,0,9,0,3,10,0,3,4,11,1,1,1,3,0,0,7,0,2,1,2,2,5,1,1,0,0,0,7,16,2,6,3,0,3,17,5,6,2,13,3,8,3,0,1,0,8,8,0,0,2,10,5,3,0,7,2,16,8,8,9,0,1,6,1,18,1,4,0,2,4,2,0,0,3,3,0,2,6,5,0,1,1,6,5,2,4,12,2,1,26,0,2,4,1,11,0,1,0,10,3,1,3,0,1,0,0,3,2,4,1,11,0,0,0,3,0,1,0,3,2,3,5,0,1,1
2,0,1,10,12,0,14,12,7,4,1,0,19,10,0,6,9,0,35,33,21,0,0,8,1,13,5,3,5,0,2,1,11,0,7,0,0,7,3,5,22,0,8,6,5,10,7,11,5,13,7,13,15,0,0,4,5,23,3,17,2,25,1,2,1,2,9,16,12,2,1,0,4,2,2,13,1,0,29,6,1,0,0,2,0,0,12,2,38,1,3,4,2,3,0,11,0,4,5,12,12,0,12,6,1,6,1,8,7,14,0,1,2,3,9,15,0,2,1,11,0,0,21,11,0,4,7,2,12,0,3,1,10,2,5,4,0,0,1,23,23,0,0,4,11,1,6,19,11,7,11,10,15,11,6,0,0,1,0,5
2,3,0,4,3,7,0,11,1,29,6,1,1,4,12,2,2,13,5,0,0,3,0,10,2,0,14,9,10,8,17,1,9,1,0,4,5,1,0,1,8,1,11,6,1,2,3,8,0,0,0,0,3,11,23,0,22,3,5,4,0,1,21,7,14,13,4,1,3,15,3,5,6,3,5,18,4,19,0,1,3,16,0,2,0,12,9,13,0,7,4,3,10,17,20,2,3,6,6,13,1,1,0,8,3,6,5,8,15,2,0,0,11,7,0,6,8,1,0,15,7,11,3,3,17,2,5,11,9,5,1,7,3,12,5,4,2,1,21,3,7,0,0,8,8,7,0,1,1,3,3,3,0,2,15,13,3,1,5,0
