Ant260,Ant5,Ant52,Ant65,Ant244,Ant540,Ant2,Ant6,Ant7,Ant14,Ant15,Ant19,Ant26,Ant30,Ant38,Ant60,Ant72,Ant76,Ant99,Ant102,Ant148,Ant158,Ant161,Ant191,Ant202,Ant209,Ant227,Ant237,Ant252,Ant268,Ant278,Ant311,Ant329,Ant518,Ant604,Ant673,Ant0,Ant12,Ant20,Ant32,Ant35,Ant40,Ant43,Ant44,Ant50,Ant55,Ant62,Ant63,Ant68,Ant80,Ant91,Ant96,Ant97,Ant98,Ant100,Ant105,Ant109,Ant112,Ant114,Ant126,Ant137,Ant140,Ant142,Ant144,Ant147,Ant169,Ant170,Ant172,Ant174,Ant176,Ant178,Ant195,Ant206,Ant207,Ant210,Ant212,Ant215,Ant217,Ant219,Ant220,Ant232,Ant243,Ant256,Ant257,Ant262,Ant264,Ant265,Ant289,Ant294,Ant296,Ant298,Ant299,Ant301,Ant305,Ant313,Ant318,Ant324,Ant332,Ant342,Ant356,Ant394,Ant395,Ant398,Ant400,Ant433,Ant437,Ant458,Ant476,Ant492,Ant502,Ant507,Ant509,Ant527,Ant552,Ant556,Ant560,Ant564,Ant575,Ant580,Ant592,Ant593,Ant599,Ant607,Ant610,Ant621,Ant632,Ant635,Ant638,Ant647,Ant650,Ant665
0,16,9,1,15,40,8,7,10,3,8,21,11,8,12,11,0,14,6,15,6,0,17,14,0,30,2,20,12,1,5,24,4,12,6,10,20,5,1,10,4,2,0,44,0,3,6,5,4,12,2,2,8,10,1,5,3,26,25,7,11,8,23,24,9,16,19,0,14,12,1,6,12,17,20,0,0,0,3,1,9,2,4,2,14,3,6,13,0,4,20,18,9,8,8,14,4,17,13,24,12,6,0,6,4,7,2,11,8,10,3,19,8,16,14,4,3,2,9,16,16,8,6,13,10,0,25,1,1,27,9
16,0,14,4,12,32,23,7,1,1,22,1,7,13,10,31,5,12,24,31,17,0,15,21,0,29,7,7,17,1,7,31,3,0,2,2,37,0,0,6,8,8,0,9,20,6,0,13,2,26,4,11,7,10,2,13,0,7,4,0,16,3,7,12,10,8,45,0,24,2,0,1,7,11,16,1,0,0,9,0,0,2,0,1,4,5,0,4,0,9,22,10,31,28,12,14,8,44,0,38,10,8,2,33,44,23,0,25,22,2,5,19,3,22,11,6,1,2,5,28,7,4,0,2,12,2,40,0,3,47,21
9,14,0,1,1,8,0,7,1,0,6,0,1,7,2,3,0,4,1,17,4,0,1,0,0,30,2,2,3,0,0,6,4,2,1,18,12,0,0,19,2,0,0,22,27,3,22,6,0,5,0,5,7,27,0,11,0,1,4,0,1,1,2,11,0,2,1,0,11,0,0,0,46,4,4,1,1,0,15,0,0,0,0,11,2,4,3,4,0,0,11,12,18,1,4,15,14,3,9,11,2,2,0,2,9,0,1,16,3,1,4,3,0,7,10,5,0,3,0,15,3,2,0,4,11,0,2,1,5,25,18
1,4,1,0,3,43,2,1,21,1,0,0,1,0,6,0,2,3,3,0,0,0,0,5,0,6,14,0,2,11,8,5,13,8,6,0,4,7,1,2,1,1,0,4,0,2,0,0,4,0,12,1,0,1,13,1,2,3,3,3,1,16,1,1,4,10,0,0,7,4,0,2,0,7,3,0,1,0,1,3,4,1,6,1,4,9,7,11,0,0,1,0,1,0,3,1,0,0,0,2,4,4,5,2,1,3,2,0,0,0,1,6,2,0,3,4,9,16,20,0,8,11,14,0,4,4,1,6,0,3,0
15,12,1,3,0,21,1,6,1,1,1,9,15,10,7,2,2,8,12,6,2,0,3,21,2,1,18,7,7,3,6,5,4,8,2,7,17,2,8,8,9,7,1,5,0,4,3,0,9,4,2,15,2,2,1,1,11,9,6,3,6,12,0,8,5,11,16,1,5,5,4,3,2,11,3,3,0,0,2,7,18,1,11,6,2,24,3,7,3,9,13,7,7,9,0,0,2,0,0,2,41,17,0,20,9,7,0,6,8,7,12,5,6,5,0,12,9,8,18,1,10,1,15,0,9,1,7,4,4,1,0
40,32,8,43,21,0,15,23,42,21,22,17,13,21,56,13,31,22,24,21,28,0,22,20,10,36,27,29,22,15,12,35,36,26,46,11,39,11,24,35,14,18,25,36,15,22,12,26,26,19,34,15,15,25,24,23,19,13,5,22,15,38,11,28,38,27,25,24,16,19,28,17,17,34,13,24,23,0,24,28,38,4,38,7,22,21,31,34,8,20,19,20,49,27,13,26,14,24,14,23,21,18,14,45,26,23,12,24,27,12,31,27,28,17,22,12,38,44,29,41,49,25,12,19,48,8,16,33,9,38,13
8,23,0,2,1,15,0,13,11,2,24,7,8,8,7,32,2,7,17,18,16,0,4,9,0,20,3,19,20,3,3,18,6,12,4,7,40,1,0,1,3,3,0,20,5,11,4,8,1,18,0,24,12,8,0,22,7,5,7,5,22,12,6,26,16,9,33,0,18,7,0,7,2,5,23,0,0,0,4,1,13,0,3,0,6,4,2,3,1,3,19,20,13,3,18,19,4,24,2,15,4,3,1,14,7,16,5,5,10,1,0,29,2,23,2,5,3,5,14,42,12,3,4,0,19,0,6,2,11,17,8
7,7,7,1,6,23,13,0,1,0,9,4,0,1,9,13,2,18,2,1,0,0,3,15,0,13,0,5,0,0,4,11,0,0,3,5,23,0,4,0,0,1,3,9,4,13,2,13,3,30,1,6,14,18,0,15,5,15,4,3,12,5,0,17,8,9,37,2,22,3,0,4,3,26,20,2,0,0,4,1,18,0,1,2,2,6,1,1,0,3,9,6,14,11,2,8,13,12,2,7,7,0,5,11,8,12,3,8,21,3,2,5,1,22,3,10,2,5,2,57,7,6,1,0,18,0,0,0,7,44,2
10,1,1,21,1,42,11,1,0,1,2,1,0,10,2,2,3,1,4,0,3,0,2,17,0,3,15,1,10,0,8,19,9,15,6,0,7,10,6,0,6,3,2,1,0,4,0,1,3,0,10,1,1,0,8,3,8,3,6,8,0,7,0,1,4,9,2,2,1,11,0,9,0,2,1,0,0,0,0,5,16,0,12,0,8,7,24,26,0,2,0,4,0,6,7,1,1,1,0,0,16,9,6,6,0,21,4,0,0,5,1,6,19,3,0,3,9,4,30,0,10,6,19,0,5,1,2,0,1,4,0
3,1,0,1,1,21,2,0,1,0,0,7,0,0,10,0,20,0,5,3,1,37,1,10,22,0,1,0,4,25,2,1,14,7,31,0,4,4,48,0,3,11,14,0,0,10,1,1,12,1,0,2,0,0,25,0,20,10,0,13,0,10,1,3,2,13,0,6,2,16,35,5,0,1,2,2,16,24,2,10,10,9,37,0,5,8,9,28,12,4,2,1,1,1,1,0,0,0,1,0,6,3,15,0,0,2,6,0,0,1,2,1,5,0,2,6,53,1,7,2,16,1,17,1,24,27,3,14,0,4,1
8,22,6,0,1,22,24,9,2,0,0,13,7,6,2,3,0,9,8,6,16,0,4,8,0,22,7,5,11,0,0,10,4,2,0,14,5,0,0,3,0,1,0,41,16,5,12,3,1,4,1,10,17,19,2,10,4,8,0,2,1,0,7,12,12,3,8,1,16,5,0,7,10,20,8,2,0,0,9,4,7,0,4,0,6,7,0,2,0,17,20,8,16,1,5,14,14,17,4,6,10,9,7,35,2,8,1,9,5,2,0,8,4,3,9,2,8,10,2,5,9,27,0,1,20,0,4,3,12,57,2
21,1,0,0,9,17,7,4,1,7,13,0,3,9,6,0,11,6,3,0,0,0,4,5,0,4,5,1,0,1,4,0,10,2,1,2,7,2,6,7,0,19,6,9,5,9,4,0,16,0,0,4,0,0,6,5,23,7,1,15,0,5,0,3,0,9,12,3,0,19,15,2,5,1,5,11,10,0,3,6,5,13,5,4,4,11,0,5,10,21,0,0,3,1,0,0,2,1,3,0,2,1,3,16,6,0,3,3,1,15,3,1,2,2,8,4,7,1,5,0,3,10,12,1,0,4,6,11,1,3,0
11,7,1,1,15,13,8,0,0,0,7,3,0,1,8,1,0,18,2,6,6,0,3,6,0,18,6,2,8,0,6,7,0,4,0,1,20,0,0,0,4,4,0,9,2,3,5,0,0,11,3,9,0,4,0,29,2,1,2,0,1,4,10,19,2,1,3,6,12,4,0,0,4,0,13,0,0,0,4,1,8,0,0,1,1,0,1,0,0,1,4,9,3,3,1,6,4,6,3,4,3,3,0,0,0,0,3,5,13,1,0,5,1,1,1,1,3,1,3,2,2,2,3,1,1,0,2,3,0,13,0
8,13,7,0,10,21,8,1,10,0,6,9,1,0,9,17,5,6,6,7,25,0,5,6,2,14,5,7,9,3,9,12,7,2,5,7,18,0,9,8,7,5,2,22,13,5,6,15,0,3,1,3,18,7,5,8,3,7,6,9,7,3,1,2,7,6,17,0,9,2,2,2,11,4,16,2,0,0,17,2,15,0,5,7,6,3,6,3,1,5,28,17,32,20,6,5,4,2,14,4,6,21,0,1,18,8,1,8,12,0,1,17,6,9,26,17,5,9,1,5,9,12,8,7,10,0,7,5,1,18,5
12,10,2,6,7,56,7,9,2,10,2,6,8,9,0,2,3,11,28,1,5,0,11,14,0,6,11,16,10,3,7,11,27,13,13,1,30,3,19,0,12,9,10,11,2,20,0,6,0,3,11,8,3,0,5,6,11,10,3,19,17,19,0,8,20,27,7,0,1,4,0,2,1,15,15,0,0,0,0,0,18,1,16,3,14,9,2,12,0,2,1,6,1,17,6,7,7,2,0,6,30,5,8,5,10,12,6,1,8,1,0,17,20,7,3,5,12,6,12,0,22,24,3,0,16,10,3,15,0,10,3
11,31,3,0,2,13,32,13,2,0,3,0,1,17,2,0,2,4,2,6,12,0,1,3,0,5,7,10,0,0,4,6,2,4,0,1,81,0,0,1,1,1,0,10,11,3,4,27,1,41,2,9,2,6,0,50,0,2,2,0,24,1,5,10,0,7,46,1,10,3,0,0,5,2,19,0,0,0,7,0,1,0,0,0,2,0,0,2,0,2,24,11,9,4,4,3,4,21,6,45,11,1,0,9,4,6,0,3,17,0,0,47,0,24,6,3,2,2,1,96,4,0,0,0,6,0,9,0,2,43,6
0,5,0,2,2,31,2,2,3,20,0,11,0,5,3,2,0,5,3,0,2,10,0,14,24,1,4,0,3,28,4,4,23,4,39,3,0,6,45,0,7,16,38,1,0,8,0,0,39,0,2,0,0,0,14,3,4,1,1,21,1,8,0,0,5,2,3,25,0,20,54,51,1,0,1,32,45,10,4,17,24,18,21,1,2,9,6,10,14,8,0,2,1,2,2,2,1,0,0,1,2,7,14,3,7,0,17,0,0,5,33,3,2,0,0,4,34,1,10,2,1,7,37,0,2,19,5,7,0,1,0
14,12,4,3,8,22,7,18,1,0,9,6,18,6,11,4,5,0,11,8,9,0,15,5,0,10,11,12,10,1,3,17,2,1,2,4,37,8,1,9,4,6,1,5,4,8,5,9,0,19,2,13,4,0,3,7,2,18,14,5,22,2,8,4,5,14,9,0,11,4,0,1,10,6,10,0,1,0,9,4,13,2,1,2,1,4,4,3,0,3,6,16,11,10,1,0,3,29,5,16,6,6,1,6,3,4,4,6,6,1,1,10,2,10,16,4,0,3,4,7,9,10,8,7,6,0,11,0,1,34,13
6,24,1,3,12,24,17,2,4,5,8,3,2,6,28,2,3,11,0,5,16,0,4,24,0,2,4,10,18,7,6,8,8,1,0,1,29,1,3,4,18,1,2,7,2,6,0,8,1,21,10,4,4,4,14,9,0,14,1,2,19,0,0,6,28,3,22,2,0,2,3,4,1,26,5,0,1,0,5,0,13,0,8,10,10,5,1,8,0,4,4,6,10,2,32,9,0,9,0,7,16,4,2,11,4,4,2,3,9,0,4,20,11,2,4,8,3,5,26,10,22,10,2,0,17,0,0,0,11,4,5
15,31,17,0,6,21,18,1,0,3,6,0,6,7,1,6,0,8,5,0,4,0,7,6,0,39,0,4,3,0,0,13,6,1,0,2,49,1,0,0,12,4,2,35,4,2,6,7,0,0,0,6,1,17,2,12,0,19,18,0,0,1,2,19,11,1,2,0,15,0,0,0,24,6,11,0,0,0,6,0,5,0,0,0,1,0,0,0,0,2,30,1,21,6,0,12,7,6,13,19,4,5,0,18,11,3,0,16,10,0,0,2,7,5,20,3,0,3,0,4,8,2,0,0,12,0,15,0,2,25,29
6,17,4,0,2,28,16,0,3,1,16,0,6,25,5,12,2,9,16,4,0,0,7,12,0,30,4,5,3,0,5,8,2,1,8,3,47,0,0,0,0,4,0,12,5,3,7,12,1,30,2,0,4,8,0,19,0,4,1,0,26,0,2,6,2,3,27,0,21,1,0,0,23,7,13,0,0,0,1,0,12,0,0,0,3,1,1,4,0,12,2,9,6,12,9,4,0,12,1,9,4,6,2,13,6,0,1,4,6,2,0,12,2,8,21,0,0,2,4,6,12,7,4,0,14,0,5,5,14,32,10
0,0,0,0,0,0,0,0,0,37,0,0,0,0,0,0,10,0,0,0,0,0,0,0,7,0,0,0,0,26,0,0,8,0,0,0,0,21,26,0,0,10,7,0,0,0,0,0,0,0,0,0,0,0,11,0,0,0,0,0,0,0,0,0,0,0,0,0,0,0,26,0,0,0,0,0,18,16,0,5,0,27,0,0,0,0,0,0,26,0,0,0,0,0,0,0,0,0,0,0,0,0,0,0,0,0,4,0,0,0,0,0,0,0,0,0,34,0,0,0,0,0,4,0,0,53,0,0,0,0,0
17,15,1,0,3,22,4,3,2,1,4,4,3,5,11,1,0,15,4,7,7,0,0,3,0,12,8,1,2,0,1,11,5,1,2,5,9,3,0,6,1,6,1,4,0,1,1,2,1,4,0,1,0,7,4,4,0,4,0,0,18,2,2,8,2,2,28,3,6,3,0,2,5,6,11,0,0,0,0,0,7,0,2,8,0,8,7,6,0,3,0,4,2,14,20,7,1,13,0,5,1,7,1,10,4,4,1,8,4,1,0,15,2,5,3,16,3,12,7,1,11,4,1,0,0,0,2,2,1,28,3
14,21,0,5,21,20,9,15,17,10,8,5,6,6,14,3,14,5,24,6,12,0,3,0,4,11,10,11,12,8,4,32,19,12,11,1,12,5,23,4,11,6,12,5,7,13,0,2,16,6,7,9,7,5,18,2,5,11,6,10,15,21,5,14,15,16,2,16,3,12,4,35,6,11,15,24,3,0,6,6,13,7,11,0,6,15,11,12,18,7,8,8,9,10,14,4,5,7,1,7,17,4,10,17,13,22,14,8,17,3,19,10,11,1,5,9,2,18,20,5,31,11,18,3,26,9,4,16,3,16,6
0,0,0,0,2,10,0,0,0,22,0,0,0,2,0,0,24,0,0,0,0,7,0,4,0,1,1,0,0,4,0,0,1,0,18,0,1,26,13,0,0,0,12,0,0,9,0,0,3,0,0,0,0,0,4,0,0,0,0,0,0,11,0,0,0,0,0,5,0,14,35,1,0,0,0,1,14,1,0,13,0,34,2,1,0,3,0,2,25,3,0,0,0,0,0,0,0,0,2,0,0,0,0,0,0,0,15,0,0,2,3,0,0,0,0,0,10,0,1,0,0,1,7,0,0,26,0,0,0,0,0
30,29,30,6,1,36,20,13,3,0,22,4,18,14,6,5,1,10,2,39,30,0,12,11,1,0,11,9,2,4,4,11,5,4,0,4,17,1,2,4,4,3,1,52,4,11,4,12,2,8,2,0,19,24,2,67,0,6,19,4,9,3,6,9,5,17,19,2,17,0,2,3,43,11,39,1,1,0,9,1,12,0,6,0,6,4,2,2,0,5,14,17,17,8,4,6,32,20,22,22,7,9,3,6,17,13,1,26,25,2,1,17,5,6,21,3,5,4,3,8,11,5,6,1,9,0,10,3,3,52,12
2,7,2,14,18,27,3,0,15,1,7,5,6,5,11,7,4,11,4,0,4,0,8,10,1,11,0,2,11,7,10,10,12,9,8,0,9,0,4,2,6,9,2,12,0,13,1,2,8,0,4,2,1,6,4,7,10,13,4,4,1,18,3,9,32,6,6,4,8,3,6,20,1,3,11,4,0,0,0,9,15,3,8,1,1,5,13,17,3,1,4,1,1,6,13,6,2,4,4,7,13,27,15,17,2,11,4,4,7,5,7,8,11,4,1,4,3,8,27,4,12,4,11,1,7,0,4,5,4,5,4
20,7,2,0,7,29,19,5,1,0,5,1,2,7,16,10,0,12,10,4,5,0,1,11,0,9,2,0,3,1,4,13,3,1,0,1,30,0,0,0,1,0,0,18,7,0,14,12,0,4,1,3,10,5,1,28,4,21,1,7,10,5,18,13,4,3,5,1,17,2,0,1,2,12,22,0,0,0,6,0,4,0,1,0,10,1,0,0,0,1,32,2,12,1,1,4,8,19,1,17,6,2,0,4,6,13,0,8,12,9,0,6,2,18,7,3,1,1,6,13,13,1,6,0,4,0,9,0,8,4,1
12,17,3,2,7,22,20,0,10,4,11,0,8,9,10,0,3,10,18,3,3,0,2,12,0,2,11,3,0,0,3,6,6,4,4,0,25,6,1,0,3,1,1,7,0,11,0,4,0,17,7,4,2,2,0,14,7,10,5,2,10,14,2,3,14,5,12,0,27,3,0,6,0,9,20,7,0,0,7,2,7,1,3,0,3,3,18,21,0,6,13,10,4,8,19,7,0,1,0,1,14,18,12,12,22,8,4,0,3,2,0,19,5,8,1,4,8,11,7,4,4,6,2,0,12,0,1,0,4,0,4
1,1,0,11,3,15,3,0,0,25,0,1,0,3,3,0,28,1,7,0,0,26,0,8,4,4,7,1,0,0,3,0,11,0,6,1,1,15,27,3,8,13,13,4,2,3,0,0,11,0,0,0,0,0,19,0,15,1,0,12,2,9,0,1,0,4,0,1,0,3,6,1,2,2,3,9,7,16,0,14,1,7,11,0,0,11,0,12,6,3,0,0,0,3,0,0,0,0,0,0,2,6,2,0,2,0,21,0,0,11,0,0,0,1,0,0,35,2,7,0,2,1,37,0,3,30,0,4,0,0,0
5,7,0,8,6,12,3,4,8,2,0,4,6,9,7,4,4,3,6,0,5,0,1,4,0,4,10,4,3,3,0,7,14,13,3,4,6,1,17,0,0,5,7,2,0,1,0,3,2,5,1,3,2,3,3,3,10,7,1,2,3,5,0,5,0,3,0,1,4,5,0,5,4,11,10,0,1,0,0,0,12,0,14,0,2,3,1,5,0,3,2,1,2,3,10,1,0,0,0,1,4,0,3,19,0,4,3,1,1,0,3,3,1,2,3,4,7,12,5,1,20,7,10,0,1,0,5,1,1,3,2
24,31,6,5,5,35,18,11,19,1,10,0,7,12,11,6,4,17,8,13,8,0,11,32,0,11,10,13,6,0,7,0,8,5,9,6,22,15,2,1,14,5,3,23,1,6,5,6,2,16,6,8,3,13,2,10,9,17,2,3,3,18,3,24,14,16,26,4,11,20,0,14,6,22,23,2,2,0,16,6,13,0,7,2,6,10,7,14,0,0,11,7,3,19,5,14,6,10,4,16,26,10,8,17,11,12,14,5,14,14,0,24,9,9,9,14,7,8,24,7,18,4,14,0,17,0,4,8,4,24,3
4,3,4,13,4,36,6,0,9,14,4,10,0,7,27,2,23,2,8,6,2,8,5,19,1,5,12,3,6,11,14,8,0,12,35,1,6,22,30,0,15,14,8,3,3,14,0,0,9,2,3,7,0,1,21,5,18,12,1,30,5,19,3,6,24,17,0,8,8,13,16,38,0,3,4,4,4,1,0,9,31,3,33,2,15,8,13,21,8,10,2,0,0,7,26,1,0,2,2,2,39,8,10,14,2,7,10,3,3,8,8,12,8,5,2,9,39,17,11,0,26,12,18,0,29,9,1,13,3,5,2
12,0,2,8,8,26,12,0,15,7,2,2,4,2,13,4,4,1,1,1,1,0,1,12,0,4,9,1,4,0,13,5,12,0,8,0,7,12,8,6,0,10,2,3,0,11,0,3,3,3,9,7,4,5,4,0,9,5,4,9,2,9,1,3,7,12,3,3,15,23,0,14,0,7,14,2,2,0,0,2,12,1,14,0,7,13,12,18,2,11,0,6,3,4,10,2,0,4,1,2,9,11,15,7,0,3,6,1,1,6,9,3,3,0,6,0,11,10,9,0,12,11,16,0,32,1,5,6,1,11,6
6,2,1,6,2,46,4,3,6,31,0,1,0,5,13,0,39,2,0,0,8,0,2,11,18,0,8,0,4,6,3,9,35,8,0,0,0,28,30,1,31,9,67,0,0,14,0,1,10,0,12,0,0,1,33,0,15,3,0,27,0,47,1,13,2,8,0,22,0,10,79,51,4,9,5,6,3,0,5,10,42,14,14,1,0,12,10,14,6,13,0,5,0,7,4,2,0,2,0,1,11,0,11,19,6,2,17,0,0,12,10,9,5,2,0,1,16,14,4,0,9,16,34,0,46,31,1,17,0,1,0
10,2,18,0,7,11,7,5,0,0,14,2,1,7,1,1,3,4,1,2,3,0,5,1,0,4,0,1,0,1,4,6,1,0,0,0,1,0,1,12,3,1,2,30,34,2,20,7,0,6,0,1,11,17,0,1,2,1,1,1,1,0,5,6,2,3,4,1,6,1,0,0,28,7,2,0,0,0,5,0,0,0,4,6,1,1,0,2,0,10,7,1,13,3,4,12,1,2,1,3,1,5,0,1,5,2,0,31,9,0,0,0,0,4,11,8,0,0,1,2,4,0,1,11,1,0,2,0,3,9,2
20,37,12,4,17,39,40,23,7,4,5,7,20,18,30,81,0,37,29,49,47,0,9,12,1,17,9,30,25,1,6,22,6,7,0,1,0,0,1,0,8,3,1,48,31,11,2,50,4,28,3,16,26,14,2,90,2,18,6,9,54,6,10,17,10,6,54,2,39,2,0,4,8,10,86,0,4,0,10,4,16,1,6,3,15,4,5,8,0,2,23,43,65,16,7,26,5,38,2,28,10,16,5,12,19,15,6,16,51,12,3,40,13,18,20,10,6,5,15,102,15,10,3,3,48,2,6,6,27,30,12
5,0,0,7,2,11,1,0,10,4,0,2,0,0,3,0,6,8,1,1,0,21,3,5,26,1,0,0,6,15,1,15,22,12,28,0,0,0,7,0,6,10,5,0,0,0,0,4,9,0,9,0,0,0,10,0,0,0,0,5,0,4,1,4,0,0,0,2,0,51,36,2,0,3,0,6,6,77,2,14,1,15,10,0,0,3,3,20,9,1,0,1,0,0,0,6,0,5,0,2,1,0,11,4,0,1,9,4,0,4,3,1,0,3,2,0,18,9,11,2,5,8,16,0,14,95,0,2,0,0,6
1,0,0,1,8,24,0,4,6,48,0,6,0,9,19,0,45,1,3,0,0,26,0,23,13,2,4,0,1,27,17,2,30,8,30,1,1,7,0,3,2,8,29,0,0,11,0,0,11,0,4,0,1,5,16,0,26,1,6,39,0,11,1,3,5,10,0,38,5,12,31,14,2,0,8,19,26,16,0,30,23,13,15,4,5,10,9,8,26,7,0,0,0,1,5,1,3,2,1,2,8,4,11,3,1,2,20,1,0,7,23,4,7,0,7,2,35,1,5,0,1,9,16,0,10,29,3,13,0,0,0
10,6,19,2,8,35,1,0,0,0,3,7,0,8,0,1,0,9,4,0,0,0,6,4,0,4,2,0,0,3,0,1,0,6,1,12,0,0,3,0,0,1,1,5,5,8,12,3,0,0,2,12,9,17,1,2,0,1,11,1,0,1,4,1,0,1,1,8,1,0,0,0,25,7,10,0,0,0,8,0,12,0,0,10,0,2,1,0,0,18,13,5,28,2,5,12,5,4,14,6,4,8,0,0,2,0,0,0,1,0,12,0,3,4,8,0,0,0,2,0,1,0,0,24,1,0,10,1,5,6,6
4,8,2,1,9,14,3,0,6,3,0,0,4,7,12,1,7,4,18,12,0,0,1,11,0,4,6,1,3,8,0,14,15,0,31,3,8,6,2,0,0,2,2,2,0,9,0,0,3,0,6,5,0,1,7,2,8,1,3,2,4,26,0,6,2,6,3,0,2,3,0,23,0,5,7,0,0,0,2,2,8,0,4,4,2,5,5,12,2,0,2,2,2,2,3,2,1,3,1,2,13,9,9,3,1,2,8,3,4,5,8,2,9,2,0,7,29,18,4,0,8,8,11,0,18,2,0,2,1,9,8
2,8,0,1,7,18,3,1,3,11,1,19,4,5,9,1,16,6,1,4,4,10,6,6,0,3,9,0,1,13,5,5,14,10,9,1,3,10,8,1,2,0,10,16,1,4,1,0,4,3,7,4,0,10,22,3,2,9,0,7,2,3,0,1,4,13,2,2,1,9,15,1,5,6,1,8,14,10,0,6,7,4,8,0,4,7,0,6,5,13,2,1,1,0,2,0,0,4,2,0,2,6,7,4,1,0,3,0,0,8,4,1,9,0,1,9,11,0,1,0,4,22,12,0,4,13,2,16,1,6,0
0,0,0,0,1,25,0,3,2,14,0,6,0,2,10,0,38,1,2,2,0,7,1,12,12,1,2,0,1,13,7,3,8,2,67,2,1,5,29,1,2,10,0,4,1,8,0,1,11,0,0,0,0,3,21,1,19,4,0,32,1,10,0,1,0,0,1,18,0,12,59,31,0,0,3,11,24,10,1,23,11,13,19,2,2,15,0,9,6,7,1,0,0,1,4,1,0,0,0,0,11,2,24,13,0,0,20,0,1,9,27,0,4,0,1,3,23,6,2,0,3,33,29,2,1,8,3,11,1,2,0
44,9,22,4,5,36,20,9,1,0,41,9,9,22,11,10,1,5,7,35,12,0,4,5,0,52,12,18,7,4,2,23,3,3,0,30,48,0,0,5,2,16,4,0,39,8,12,18,0,12,0,6,9,46,0,12,1,16,11,6,22,4,13,8,16,15,15,3,36,3,1,2,27,15,24,0,0,0,2,0,6,0,7,0,3,9,4,3,0,13,43,16,25,5,12,15,10,14,13,10,5,15,2,5,13,6,4,27,25,0,0,16,5,14,7,11,1,6,4,18,16,8,4,2,6,0,11,2,4,65,6
0,20,27,0,0,15,5,4,0,0,16,5,2,13,2,11,0,4,2,4,5,0,0,7,0,4,0,7,0,2,0,1,3,0,0,34,31,0,0,5,0,1,1,39,0,2,13,5,0,2,0,5,10,23,0,17,1,1,3,1,3,3,2,8,0,3,7,1,6,0,0,1,9,1,11,0,0,0,9,0,4,0,3,3,2,1,0,1,0,2,8,9,6,4,1,15,8,8,13,5,3,0,0,3,2,1,0,16,10,0,0,13,2,4,4,2,0,0,1,2,8,1,1,11,2,0,7,2,9,28,6
3,6,3,2,4,22,11,13,4,10,5,9,3,5,20,3,8,8,6,2,3,0,1,13,9,11,13,0,11,3,1,6,14,11,14,2,11,0,11,8,9,4,8,8,2,0,3,1,10,6,2,9,0,6,14,5,38,9,6,18,12,23,1,1,42,16,6,31,12,14,13,17,4,6,4,6,2,0,6,14,13,6,11,8,16,3,8,14,11,11,2,6,3,6,15,5,10,6,2,0,32,12,12,4,4,17,8,1,0,7,22,6,5,3,1,0,6,11,8,0,3,19,10,0,28,11,0,8,1,15,1
6,0,22,0,3,12,4,2,0,1,12,4,5,6,0,4,0,5,0,6,7,0,1,0,0,4,1,14,0,0,0,5,0,0,0,20,2,0,0,12,0,1,0,12,13,3,0,12,0,1,0,0,13,12,1,4,0,2,4,0,0,1,8,4,0,0,1,1,2,0,0,0,18,1,7,0,0,0,26,0,2,0,0,7,0,1,3,0,0,1,9,0,7,1,0,5,7,1,5,17,2,3,0,3,4,1,0,19,2,0,1,4,1,9,2,6,0,0,0,3,0,0,0,7,0,0,5,0,8,10,15
5,13,6,0,0,26,8,13,1,1,3,0,0,15,6,27,0,9,8,7,12,0,2,2,0,12,2,12,4,0,3,6,0,3,1,7,50,4,0,3,0,0,1,18,5,1,12,0,0,11,1,11,0,32,1,34,0,1,3,0,10,2,1,6,1,2,17,0,17,0,0,0,10,1,15,0,0,0,14,0,12,0,1,0,5,2,0,2,0,3,28,6,48,4,4,1,4,11,11,9,4,1,0,1,5,4,0,11,28,0,0,23,1,9,15,6,1,1,1,45,1,3,2,0,6,0,16,0,8,21,5
4,2,0,4,9,26,1,3,3,12,1,16,0,0,0,1,39,0,1,0,1,0,1,16,3,2,8,0,0,11,2,2,9,3,10,0,4,9,11,0,3,4,11,0,0,10,0,0,0,2,4,0,0,0,15,1,8,7,0,24,0,2,0,0,2,3,0,4,0,19,7,11,0,4,1,33,18,0,1,12,27,4,19,0,0,6,1,5,6,4,0,1,1,4,3,0,0,2,0,0,8,5,17,5,0,0,2,1,0,6,20,1,5,0,0,0,13,1,3,0,0,1,29,0,5,4,2,4,0,1,0
12,26,5,0,4,19,18,30,0,1,4,0,11,3,3,41,0,19,21,0,30,0,4,6,0,8,0,4,17,0,5,16,2,3,0,6,28,0,0,0,0,3,0,12,2,6,1,11,2,0,0,3,0,6,2,35,5,11,1,1,21,0,0,4,0,6,36,1,17,0,0,1,1,4,27,0,0,0,3,0,2,0,0,0,7,1,1,3,0,4,2,25,9,4,2,18,3,8,3,9,3,5,1,5,9,13,2,9,16,2,1,33,2,10,18,6,1,6,7,51,11,7,1,0,4,0,2,0,2,3,1
2,4,0,12,2,34,0,1,10,0,1,0,3,1,11,2,2,2,10,0,2,0,0,7,0,2,4,1,7,0,1,6,3,9,12,0,3,9,4,2,6,7,0,0,0,2,0,1,4,0,0,0,0,0,0,1,4,8,0,9,1,6,0,1,4,5,0,0,1,1,1,3,0,2,3,0,1,0,0,3,4,2,10,0,1,2,3,8,0,0,0,2,0,1,2,4,0,0,0,0,6,2,6,4,3,3,5,0,0,0,3,1,0,1,1,3,5,13,11,0,7,6,14,0,2,1,1,2,0,1,0
2,11,5,1,15,15,24,6,1,2,10,4,9,3,8,9,0,13,4,6,0,0,1,9,0,0,2,3,4,0,3,8,7,7,0,1,16,0,0,12,5,4,0,6,5,9,0,11,0,3,0,0,2,5,5,23,3,2,9,0,4,8,0,1,2,9,19,15,3,0,5,2,0,2,9,2,0,0,4,2,7,0,5,0,6,14,0,2,0,9,1,15,18,0,0,8,2,0,12,0,10,1,1,13,2,4,0,8,4,1,4,16,4,4,1,4,3,0,2,3,2,3,5,21,22,0,4,1,19,17,1
8,7,7,0,2,15,12,14,1,0,17,0,0,18,3,2,0,4,4,1,4,0,0,7,0,19,1,10,2,0,2,3,0,4,0,11,26,0,1,9,0,0,0,9,10,0,13,0,0,0,0,2,0,18,0,10,0,5,1,1,8,0,3,15,0,3,10,4,22,0,0,0,1,14,5,0,0,0,5,1,3,1,2,12,2,0,0,0,2,1,22,1,25,2,1,27,1,40,11,1,8,2,0,3,12,2,1,16,1,0,0,20,1,11,12,0,0,0,1,2,2,3,0,0,1,0,2,0,12,14,4
10,10,27,1,2,25,8,18,0,0,19,0,4,7,0,6,0,0,4,17,8,0,7,5,0,24,6,5,2,0,3,13,1,5,1,17,14,0,5,17,1,10,3,46,23,6,12,32,0,6,0,5,18,0,1,16,2,3,4,1,6,1,6,9,2,5,2,1,16,0,0,0,28,19,9,0,0,0,8,3,3,0,0,4,0,3,0,1,0,10,7,8,8,6,7,13,11,31,19,9,4,0,0,8,5,10,0,20,4,0,4,8,2,2,26,10,0,1,0,5,3,5,0,0,14,0,21,1,15,29,6
1,2,0,13,1,24,0,0,8,25,2,6,0,5,5,0,14,3,14,2,0,11,4,18,4,2,4,1,0,19,3,2,21,4,33,0,2,10,16,1,7,22,21,0,0,14,1,1,15,2,0,5,0,1,0,0,22,7,0,17,1,4,1,1,8,13,0,36,0,16,19,12,0,6,8,28,24,1,0,10,5,9,12,0,3,3,13,9,16,2,0,5,0,4,3,0,0,1,1,3,4,3,14,11,1,2,10,0,0,9,19,0,4,2,1,2,28,2,9,0,8,2,23,0,14,5,1,11,0,0,0
5,13,11,1,1,23,22,15,3,0,10,5,29,8,6,50,3,7,9,12,19,0,4,2,0,67,7,28,14,0,3,10,5,0,0,1,90,0,0,2,2,3,1,12,17,5,4,34,1,35,1,23,10,16,0,0,1,5,10,2,45,2,16,18,13,3,33,1,34,1,0,5,16,4,15,0,0,0,10,0,17,0,2,0,1,0,0,5,0,3,9,13,22,2,9,26,10,15,7,31,8,4,2,1,6,9,0,33,18,2,3,20,0,6,7,3,0,4,4,181,5,5,2,13,6,0,32,4,27,39,12
3,0,0,2,11,19,7,5,8,20,4,23,2,3,11,0,4,2,0,0,0,0,0,5,0,0,10,4,7,15,10,9,18,9,15,2,2,0,26,0,8,2,19,1,1,38,0,0,8,5,4,3,0,2,22,1,0,5,0,38,0,12,6,0,9,7,2,7,0,15,0,13,4,1,7,8,0,0,1,9,10,0,24,1,5,7,1,12,20,7,2,0,1,11,6,0,0,5,1,0,18,8,19,5,1,1,8,0,1,9,10,2,3,4,0,1,25,2,19,0,3,0,31,0,0,5,9,12,12,1,0
26,7,1,3,9,13,5,15,3,10,8,7,1,7,10,2,1,18,14,19,4,0,4,11,0,6,13,21,10,1,7,17,12,5,3,1,18,0,1,1,1,9,4,16,1,9,2,1,7,11,8,2,5,3,7,5,5,0,2,3,2,5,0,16,7,2,10,4,12,3,0,5,3,13,13,1,0,0,0,6,5,0,1,1,7,16,1,8,1,1,4,21,7,16,3,5,0,10,2,3,6,5,1,15,3,9,2,1,6,6,5,4,7,6,11,7,4,13,22,2,11,6,5,0,15,1,13,4,5,5,0
25,4,4,3,6,5,7,4,6,0,0,1,2,6,3,2,1,14,1,18,1,0,0,6,0,19,4,1,5,0,1,2,1,4,0,1,6,0,6,11,3,0,0,11,3,6,4,3,0,1,0,9,1,4,0,10,0,2,0,0,2,2,20,3,5,1,4,2,6,3,0,0,19,8,14,0,0,0,2,0,6,0,0,10,2,7,0,9,0,2,13,2,10,9,1,6,8,5,2,4,2,1,0,0,9,4,0,5,1,3,0,10,0,9,11,8,0,1,3,7,1,0,1,4,1,1,6,0,7,20,3
7,0,0,3,3,22,5,3,8,13,2,15,0,9,19,0,21,5,2,0,0,0,0,10,0,4,4,7,2,12,2,3,30,9,27,1,9,5,39,1,2,7,32,6,1,18,0,0,24,1,9,0,1,1,17,2,38,3,0,0,0,30,0,1,4,4,2,7,0,17,1,11,0,3,8,4,3,0,0,13,12,5,22,0,7,24,7,11,13,17,0,1,0,1,5,0,0,0,0,0,11,5,14,5,5,5,12,0,1,2,13,8,19,1,1,6,25,3,7,0,8,8,28,0,18,4,14,13,0,2,0
11,16,1,1,6,15,22,12,0,0,1,0,1,7,17,24,1,22,19,0,26,0,18,15,0,9,1,10,10,2,3,3,5,2,0,1,54,0,0,0,4,2,1,22,3,12,0,10,0,21,1,4,8,6,1,45,0,2,2,0,0,2,7,10,9,11,46,0,5,1,0,1,8,9,43,1,0,0,18,0,5,1,1,0,5,1,1,4,0,0,15,19,6,7,18,7,2,14,1,13,10,17,0,4,10,3,1,6,9,2,2,40,5,9,14,1,9,1,3,27,17,9,0,0,14,1,2,0,0,34,8
8,3,1,16,12,38,12,5,7,10,0,5,4,3,19,1,8,2,0,1,0,0,2,21,11,3,18,5,14,9,5,18,19,9,47,0,6,4,11,1,26,3,10,4,3,23,1,2,2,0,6,8,0,1,4,2,12,5,2,30,2,0,0,5,4,17,3,7,1,8,4,30,2,30,9,9,3,2,2,11,24,9,20,3,15,11,13,22,3,0,4,6,1,18,6,0,3,0,3,6,9,26,10,8,2,4,15,3,1,6,8,3,22,1,1,3,13,7,22,0,26,17,19,2,37,4,0,13,1,2,6
23,7,2,1,0,11,6,0,0,1,7,0,10,1,0,5,0,8,0,2,2,0,2,5,0,6,3,18,2,0,0,3,3,1,1,5,10,1,1,4,0,0,0,13,2,1,8,1,0,0,0,0,3,6,1,16,6,0,20,0,7,0,0,4,0,0,12,1,0,0,0,0,7,4,2,1,0,0,7,0,12,0,2,13,0,0,0,2,0,0,4,3,10,1,5,5,2,5,2,2,0,10,0,0,3,2,2,8,16,0,1,5,0,9,4,4,0,0,1,21,2,0,0,6,0,0,14,0,1,9,0
24,12,11,1,8,28,26,17,1,3,12,3,19,2,8,10,0,4,6,19,6,0,8,14,0,9,9,13,3,1,5,24,6,3,13,6,17,4,3,1,6,1,1,8,8,1,4,6,0,4,1,1,15,9,1,18,0,16,3,1,10,5,4,0,15,7,12,0,4,8,0,2,11,14,14,0,1,0,12,2,5,1,0,1,1,0,6,1,0,1,28,6,3,5,13,19,1,12,10,11,5,1,2,16,7,7,1,23,15,2,1,21,5,15,2,5,2,5,7,16,12,3,1,2,7,0,18,0,0,23,2
9,10,0,4,5,38,16,8,4,2,12,0,2,7,20,0,5,5,28,11,2,0,2,15,0,5,32,4,14,0,0,14,24,7,2,2,10,0,5,0,2,4,0,16,0,42,0,1,2,0,4,2,0,2,8,13,9,7,5,4,9,4,0,15,0,15,12,6,17,4,0,1,4,4,30,4,0,0,6,9,13,2,9,1,3,19,2,9,0,0,7,3,6,8,15,13,2,20,0,9,15,1,0,14,10,10,8,0,10,5,4,11,10,2,2,0,3,23,22,4,16,1,1,0,4,0,5,3,0,10,3
16,8,2,10,11,27,9,9,9,13,3,9,1,6,27,7,2,14,3,1,3,0,2,16,0,17,6,3,5,4,3,16,17,12,8,3,6,0,10,1,6,13,0,15,3,16,0,2,3,6,5,9,3,5,13,3,7,2,1,4,11,17,0,7,15,0,6,15,3,7,0,6,2,13,20,0,0,0,6,0,13,0,21,4,7,14,1,14,0,3,1,6,9,5,12,12,7,3,0,5,17,1,5,8,6,9,8,4,0,1,0,6,5,2,2,8,8,27,2,1,3,9,5,0,11,5,5,17,0,20,3
19,45,1,0,16,25,33,37,2,0,8,12,3,17,7,46,3,9,22,2,27,0,28,2,0,19,6,5,12,0,0,26,0,3,0,4,54,0,0,1,3,2,1,15,7,6,1,17,0,36,0,19,10,2,0,33,2,10,4,2,46,3,12,12,12,6,0,2,26,0,0,2,21,11,42,0,2,0,22,0,18,0,0,0,11,2,2,9,0,6,16,14,35,2,5,10,3,27,0,23,22,14,1,11,13,14,0,4,12,1,0,27,3,26,9,12,2,2,11,91,11,3,1,0,11,0,8,1,2,62,7
0,0,0,0,1,24,0,2,2,6,1,3,6,0,0,1,25,0,2,0,0,0,3,16,5,2,4,1,0,1,1,4,8,3,22,1,2,2,38,8,0,2,18,3,1,31,1,0,4,1,0,15,4,1,36,1,7,4,2,7,0,7,1,0,6,15,2,0,0,9,10,24,1,3,0,10,37,0,1,14,14,22,8,4,1,10,0,7,29,6,0,0,0,0,0,4,2,0,1,1,1,9,21,4,3,0,1,1,1,5,40,0,4,0,0,1,7,1,7,0,1,7,10,0,0,5,0,1,0,2,1
14,24,11,7,5,16,18,22,1,2,16,0,12,9,1,10,0,11,0,15,21,0,6,3,0,17,8,17,27,0,4,11,8,15,0,6,39,0,5,1,2,1,0,36,6,12,2,17,0,17,1,3,22,16,0,34,0,12,6,0,5,1,0,4,17,3,26,0,0,1,0,12,17,1,24,0,0,0,1,0,7,0,3,1,5,6,2,4,0,8,10,21,18,14,26,9,3,20,4,14,3,3,0,12,10,1,0,1,21,3,0,14,5,6,5,2,1,4,1,25,4,0,2,0,4,1,12,5,7,31,19
12,2,0,4,5,19,7,3,11,16,5,19,4,2,4,3,20,4,2,0,1,0,3,12,14,0,3,2,3,3,5,20,13,23,10,1,2,51,12,0,3,9,12,3,0,14,0,0,19,0,1,0,0,0,16,1,15,3,3,17,1,8,0,8,4,7,0,9,1,0,13,6,0,8,2,11,18,2,8,14,27,10,14,1,6,3,7,11,4,16,1,9,0,0,7,5,2,2,1,0,7,6,6,10,5,3,10,1,0,2,20,5,4,1,4,3,23,4,5,1,8,21,8,0,8,4,5,7,2,2,0
1,0,0,0,4,28,0,0,0,35,0,15,0,2,0,0,54,0,3,0,0,26,0,4,35,2,6,0,0,6,0,0,16,0,79,0,0,36,31,0,0,15,59,1,0,13,0,0,7,0,1,5,0,0,19,0,0,0,0,1,0,4,0,0,0,0,0,10,0,13,0,21,0,0,0,3,29,11,0,22,1,14,9,0,1,1,0,21,21,1,0,0,0,0,0,0,0,0,2,0,0,0,12,6,0,0,11,0,1,17,5,0,0,0,0,0,34,0,2,0,1,2,20,0,0,110,0,0,0,0,0
6,1,0,2,3,17,7,4,9,5,7,2,0,2,2,0,51,1,4,0,0,0,2,35,1,3,20,1,6,1,5,14,38,14,51,0,4,2,14,0,23,1,31,2,1,17,0,0,11,1,3,2,0,0,12,5,13,5,0,11,1,30,0,2,1,6,2,24,12,6,21,0,0,3,10,22,8,12,1,5,11,8,32,0,4,9,12,31,1,0,3,4,0,2,19,5,0,0,1,0,12,19,30,21,0,2,26,0,3,3,6,15,9,2,0,5,14,2,29,0,20,5,33,0,21,43,0,7,0,0,0
12,7,46,0,2,17,2,3,0,0,10,5,4,11,1,5,1,10,1,24,23,0,5,6,0,43,1,2,0,2,4,6,0,0,4,28,8,0,2,25,0,5,0,27,9,4,18,10,0,1,0,0,1,28,0,16,4,3,19,0,8,2,7,11,4,2,21,1,17,0,0,0,0,5,4,0,0,0,22,0,1,0,0,3,0,0,0,2,0,7,12,15,25,1,1,15,5,8,10,9,2,3,0,0,3,4,0,6,11,1,0,0,0,12,6,4,0,3,5,8,12,1,0,27,5,0,5,1,14,31,23
17,11,4,7,11,34,5,26,2,1,20,1,0,4,15,2,0,6,26,6,7,0,6,11,0,11,3,12,9,2,11,22,3,7,9,7,10,3,0,7,5,6,0,15,1,6,1,1,4,4,2,2,14,19,6,4,1,13,8,3,9,30,4,14,4,13,11,3,1,8,0,3,5,0,24,0,0,0,8,2,9,1,5,1,2,14,0,11,0,10,29,10,7,3,12,21,7,13,4,7,29,1,17,7,8,9,1,12,22,7,8,6,7,7,12,7,3,15,16,4,22,2,4,0,26,0,3,3,1,13,16
20,16,4,3,3,13,23,20,1,2,8,5,13,16,15,19,1,10,5,11,13,0,11,15,0,39,11,22,20,3,10,23,4,14,5,2,86,0,8,10,7,1,3,24,11,4,7,15,1,27,3,9,5,9,8,15,7,13,14,8,43,9,2,14,30,20,42,0,24,2,0,10,4,24,0,0,0,0,8,0,7,0,1,1,6,3,10,7,0,15,20,35,10,7,12,9,3,16,7,13,15,4,1,7,10,22,2,7,22,0,0,35,17,10,15,19,3,16,7,36,17,15,5,2,16,1,19,5,8,32,13
0,1,1,0,3,24,0,2,0,2,2,11,0,2,0,0,32,0,0,0,0,0,0,24,1,1,4,0,7,9,0,2,4,2,6,0,0,6,19,0,0,8,11,0,0,6,0,0,33,0,0,2,0,0,28,0,8,1,0,4,1,9,1,0,4,0,0,10,0,11,3,22,0,0,0,0,20,0,0,25,4,31,7,3,0,9,9,4,10,4,0,0,1,0,0,0,0,1,0,0,3,1,22,0,0,0,6,0,0,2,39,0,7,0,0,10,6,0,7,0,0,3,12,0,0,10,2,0,0,3,1
0,0,1,1,0,23,0,0,0,16,0,10,0,0,0,0,45,1,1,0,0,18,0,3,14,1,0,0,0,7,1,2,4,2,3,0,4,6,26,0,0,14,24,0,0,2,0,0,18,0,1,0,0,0,24,0,0,0,0,3,0,3,0,1,0,0,2,37,0,18,29,8,0,0,0,20,0,15,1,12,7,28,9,0,2,5,14,7,18,6,0,0,1,0,0,1,0,0,0,1,0,2,3,0,0,0,21,0,0,1,6,0,0,0,0,1,20,2,1,0,3,2,22,0,0,29,4,0,0,0,0
0,0,0,0,0,0,0,0,0,24,0,0,0,0,0,0,10,0,0,0,0,16,0,0,1,0,0,0,0,16,0,0,1,0,0,0,0,77,16,0,0,10,10,0,0,0,0,0,0,0,0,0,0,0,1,0,0,0,0,0,0,2,0,0,0,0,0,0,0,2,11,12,0,0,0,0,15,0,0,2,0,22,1,0,0,0,0,0,12,0,0,0,0,0,0,0,0,0,0,0,0,0,4,0,0,0,5,0,0,0,0,0,0,0,0,0,18,0,0,0,0,0,6,0,0,108,0,0,0,0,0
3,9,15,1,2,24,4,4,0,2,9,3,4,17,0,7,4,9,5,6,1,0,0,6,0,9,0,6,7,0,0,16,0,0,5,5,10,2,0,8,2,0,1,2,9,6,26,14,1,3,0,4,5,8,0,10,1,0,2,0,18,2,7,12,6,6,22,1,1,8,0,1,22,8,8,0,1,0,0,0,2,2,1,4,0,1,0,4,0,0,19,12,2,2,6,6,0,15,10,14,4,10,1,2,19,4,1,13,3,0,1,11,2,13,3,9,1,0,2,2,3,0,0,1,0,0,8,1,7,0,2
1,0,0,3,7,28,1,1,5,10,4,6,1,2,0,0,17,4,0,0,0,5,0,6,13,1,9,0,2,14,0,6,9,2,10,0,4,14,30,0,2,6,23,0,0,14,0,0,12,0,3,2,1,3,10,0,9,6,0,13,0,11,0,2,9,0,0,14,0,14,22,5,0,2,0,25,12,2,0,0,5,7,13,0,3,2,6,2,5,7,0,1,2,0,4,1,0,0,0,0,10,2,15,2,1,1,16,0,0,0,18,0,0,0,0,1,21,0,1,0,2,9,8,0,2,16,1,6,0,2,0
9,0,0,4,18,38,13,18,16,10,7,5,8,15,18,1,24,13,13,5,12,0,7,13,0,12,15,4,7,1,12,13,31,12,42,0,16,1,23,12,8,7,11,6,4,13,2,12,27,2,4,7,3,3,5,17,10,5,6,12,5,24,12,5,13,13,18,14,7,27,1,11,1,9,7,4,7,0,2,5,0,3,41,0,17,20,11,12,1,15,4,9,11,7,21,12,2,8,1,0,15,31,7,12,3,8,11,2,3,11,19,11,14,2,17,16,14,18,26,4,16,8,25,0,35,10,0,10,7,29,0
2,2,0,1,1,4,0,0,0,9,0,13,0,0,1,0,18,2,0,0,0,27,0,7,34,0,3,0,1,7,0,0,3,1,14,0,1,15,13,0,0,4,13,0,0,6,0,0,4,0,2,0,1,0,9,0,0,0,0,5,1,9,0,1,2,0,0,22,0,10,14,8,0,1,0,31,28,22,2,7,3,0,10,0,0,1,5,14,10,8,0,0,1,0,0,3,0,0,0,0,2,4,9,0,0,1,1,0,0,3,18,0,0,0,0,0,27,1,4,1,0,3,6,0,1,27,0,0,0,0,0
4,0,0,6,11,38,3,1,12,37,4,5,0,5,16,0,21,1,8,0,0,0,2,11,2,6,8,1,3,11,14,7,33,14,14,4,6,10,15,0,4,8,19,7,3,11,0,1,19,0,10,5,2,0,12,2,24,1,0,22,1,20,2,0,9,21,0,8,3,14,9,32,0,5,1,7,9,1,1,13,41,10,0,0,6,9,1,19,12,10,1,0,0,4,7,1,0,0,0,0,7,13,14,4,1,2,8,0,0,8,9,4,4,5,1,8,24,11,14,0,9,7,14,1,7,13,1,8,3,1,0
2,1,11,1,6,7,0,2,0,0,0,4,1,7,3,0,1,2,10,0,0,0,8,0,1,0,1,0,0,0,0,2,2,0,1,6,3,0,4,10,4,0,2,0,3,8,7,0,0,0,0,0,12,4,0,0,1,1,10,0,0,3,13,1,1,4,0,4,1,1,0,0,3,1,1,3,0,0,4,0,0,0,0,0,0,0,0,4,0,0,0,1,6,0,1,9,2,4,12,9,0,1,0,0,1,0,0,5,0,1,0,5,0,1,11,4,1,0,0,5,0,6,0,21,0,0,3,0,0,0,0
14,4,2,4,2,22,6,2,8,5,6,4,1,6,14,2,2,1,10,1,3,0,0,6,0,6,1,10,3,0,2,6,15,7,0,1,15,0,5,0,2,4,2,3,2,16,0,5,0,7,1,6,2,0,3,1,5,7,2,7,5,15,0,1,3,7,11,1,5,6,1,4,0,2,6,0,2,0,0,3,17,0,6,0,0,0,4,8,0,2,3,4,3,5,1,1,6,4,0,1,4,4,5,11,4,4,3,0,1,7,0,6,1,11,3,4,7,6,7,0,9,4,14,0,7,0,0,0,0,6,1
3,5,4,9,24,21,4,6,7,8,7,11,0,3,9,0,9,4,5,0,1,0,8,15,3,4,5,1,3,11,3,10,8,13,12,1,4,3,10,2,5,7,15,9,1,3,1,2,6,1,2,14,0,3,3,0,7,16,7,24,1,11,0,0,19,14,2,10,6,3,1,9,0,14,3,9,5,0,1,2,20,1,9,0,0,0,3,21,14,4,0,6,4,2,8,2,1,0,0,3,30,11,35,8,2,4,2,3,0,5,12,7,4,2,0,6,11,4,18,0,5,4,12,2,6,1,12,6,4,7,0
6,0,3,7,3,31,2,1,24,9,0,0,1,6,2,0,6,4,1,0,1,0,7,11,0,2,13,0,18,0,1,7,13,12,10,0,5,3,9,1,5,0,0,4,0,8,3,0,1,1,3,0,0,0,13,0,1,1,0,7,1,13,0,6,2,1,2,0,2,7,0,12,0,0,10,9,14,0,0,6,11,5,1,0,4,3,0,21,0,0,3,0,0,2,8,0,1,0,0,2,11,33,10,1,5,2,5,1,3,6,9,15,15,7,0,3,13,40,23,0,6,3,8,0,3,1,0,1,1,13,1
13,4,4,11,7,34,3,1,26,28,2,5,0,3,12,2,10,3,8,0,4,0,6,12,2,2,17,0,21,12,5,14,21,18,14,2,8,20,8,0,12,6,9,3,1,14,0,2,5,3,8,2,0,1,9,5,12,8,9,11,4,22,2,1,9,14,9,7,4,11,21,31,2,11,7,4,7,0,4,2,12,14,19,4,8,21,21,0,5,2,2,6,1,7,12,2,0,5,0,4,19,25,11,9,9,13,5,4,7,8,17,15,5,2,7,12,5,16,19,0,10,21,50,0,18,8,0,14,2,6,1
0,0,0,0,3,8,1,0,0,12,0,10,0,1,0,0,14,0,0,0,0,26,0,18,25,0,3,0,0,6,0,0,8,2,6,0,0,9,26,0,2,5,6,0,0,11,0,0,6,0,0,0,2,0,16,0,20,1,0,13,0,3,0,0,0,0,0,29,0,4,21,1,0,0,0,10,18,12,0,5,1,10,12,0,0,14,0,5,0,0,0,0,1,0,1,0,0,0,1,0,0,2,14,0,0,0,3,0,0,1,51,0,3,0,0,2,25,0,5,0,0,4,7,0,0,14,4,0,0,0,0
4,9,0,0,9,20,3,3,2,4,17,21,1,5,2,2,8,3,4,2,12,0,3,7,3,5,1,1,6,3,3,0,10,11,13,10,2,1,7,18,0,13,7,13,2,11,1,3,4,4,0,9,1,10,2,3,7,1,2,17,0,0,0,1,0,3,6,6,8,16,1,0,7,10,15,4,6,0,0,7,15,8,10,0,2,4,0,2,0,0,0,6,12,4,8,14,3,5,9,4,1,9,1,3,1,14,5,6,1,3,19,9,1,7,4,8,3,0,6,0,2,1,2,0,4,0,0,2,2,10,3
20,22,11,1,13,19,19,9,0,2,20,0,4,28,1,24,0,6,4,30,2,0,0,8,0,14,4,32,13,0,2,11,2,0,0,7,23,0,0,13,2,2,1,43,8,2,9,28,0,2,0,1,22,7,0,9,2,4,13,0,15,4,4,28,7,1,16,0,10,1,0,3,12,29,20,0,0,0,19,0,4,0,1,0,3,0,3,2,0,0,0,6,66,14,0,9,8,29,0,21,0,2,1,11,36,8,5,2,27,0,0,4,1,17,18,2,0,1,4,8,4,10,0,0,4,0,24,2,12,8,28
18,10,12,0,7,20,20,6,4,1,8,0,9,17,6,11,2,16,6,1,9,0,4,8,0,17,1,2,10,0,1,7,0,6,5,1,43,1,0,5,2,1,0,16,9,6,0,6,1,25,2,15,1,8,5,13,0,21,2,1,19,6,3,6,3,6,14,0,21,9,0,4,15,10,35,0,0,0,12,1,9,0,0,1,4,6,0,6,0,6,6,0,17,0,4,4,9,7,2,16,10,0,5,2,8,3,0,10,5,2,0,28,1,2,3,9,1,5,12,7,8,7,5,0,11,0,0,1,3,28,0
9,31,18,1,7,49,13,14,0,1,16,3,3,32,1,9,1,11,10,21,6,0,2,9,0,17,1,12,4,0,2,3,0,3,0,13,65,0,0,28,2,1,0,25,6,3,7,48,1,9,0,18,25,8,0,22,1,7,10,0,6,1,10,3,6,9,35,0,18,0,0,0,25,7,10,1,1,0,2,2,11,1,0,6,3,4,0,1,1,12,66,17,0,6,0,17,3,16,0,17,4,0,1,1,3,4,1,8,18,0,4,5,2,1,8,9,0,0,4,47,6,2,0,26,3,0,13,2,12,26,18
8,28,1,0,9,27,3,11,6,1,1,1,3,20,17,4,2,10,2,6,12,0,14,10,0,8,6,1,8,3,3,19,7,4,7,3,16,0,1,2,2,0,1,5,4,6,1,4,4,4,1,0,2,6,4,2,11,16,9,1,7,18,1,5,8,5,2,0,14,0,0,2,1,3,7,0,0,0,2,0,7,0,4,0,5,2,2,7,0,4,14,0,6,0,9,1,2,6,2,2,6,13,7,8,6,3,4,14,1,1,0,8,9,12,8,4,4,4,10,6,11,5,4,0,23,1,9,0,10,13,1
8,12,4,3,0,13,18,2,7,1,5,0,1,6,6,4,2,1,32,0,9,0,20,14,0,4,13,1,19,0,10,5,26,10,4,4,7,0,5,5,3,2,4,12,1,15,0,4,3,2,2,0,1,7,3,9,6,3,1,5,18,6,5,13,15,12,5,0,26,7,0,19,1,12,12,0,0,0,6,4,21,0,7,1,1,8,8,12,1,8,0,4,0,9,0,8,5,3,1,4,18,5,7,6,6,9,4,2,5,2,6,28,10,2,6,8,4,16,20,16,13,9,8,0,15,0,0,7,2,13,4
14,14,15,1,0,26,19,8,1,0,14,0,6,5,7,3,2,0,9,12,4,0,7,4,0,6,6,4,7,0,1,14,1,2,2,12,26,6,1,12,2,0,1,15,15,5,5,1,0,18,4,8,27,13,0,26,0,5,6,0,7,0,5,19,13,12,10,4,9,5,0,5,15,21,9,0,1,0,6,1,12,3,1,9,1,2,0,2,0,14,9,4,17,1,8,0,10,14,16,19,19,1,0,4,7,7,2,2,0,2,1,7,5,0,2,1,2,4,4,4,5,16,2,34,16,1,5,4,27,5,9
4,8,14,0,2,14,4,13,1,0,14,2,4,4,7,4,1,3,0,7,0,0,1,5,0,32,2,8,0,0,0,6,0,0,0,1,5,0,3,5,1,0,0,10,8,10,7,4,0,3,0,2,1,11,0,10,0,0,8,0,2,3,2,1,2,7,3,2,3,2,0,0,5,7,3,0,0,0,0,0,2,0,0,2,6,1,1,0,0,3,8,9,3,2,5,10,0,4,0,1,3,4,0,4,7,0,1,4,0,0,2,0,0,3,2,0,4,1,4,6,10,6,1,9,9,0,1,0,7,21,4
17,44,3,0,0,24,24,12,1,0,17,1,6,2,2,21,0,29,9,6,12,0,13,7,0,20,4,19,1,0,0,10,2,4,2,2,38,5,2,4,3,4,0,14,8,6,1,11,2,8,0,0,40,31,1,15,5,10,5,0,14,0,5,12,20,3,27,0,20,2,0,0,8,13,16,1,0,0,15,0,8,0,0,4,4,0,0,5,0,5,29,7,16,6,3,14,4,0,8,18,0,4,2,8,8,3,0,9,14,0,0,12,2,16,13,2,1,2,1,20,14,1,2,0,7,0,6,5,16,28,5
13,0,9,0,0,14,2,2,0,1,4,3,3,14,0,6,0,5,0,13,1,0,0,1,2,22,4,1,0,0,0,4,2,1,0,1,2,0,1,14,1,2,0,13,13,2,5,11,0,3,0,12,11,19,1,7,1,2,2,0,1,3,2,10,0,0,0,1,4,1,2,1,10,4,7,0,0,0,10,0,1,0,0,12,0,0,0,0,1,9,0,2,0,2,1,16,0,8,0,1,0,0,0,3,1,0,0,8,1,0,0,0,2,2,3,1,0,1,1,3,0,3,0,21,5,0,2,0,3,1,3
24,38,11,2,2,23,15,7,0,0,6,0,4,4,6,45,1,16,7,19,9,0,5,7,0,22,7,17,1,0,1,16,2,2,1,3,28,2,2,6,2,0,0,10,5,0,17,9,0,9,0,0,1,9,3,31,0,3,4,0,13,6,2,11,9,5,23,1,14,0,0,0,9,7,13,0,1,0,14,0,0,0,0,9,1,3,2,4,0,4,21,16,17,2,4,19,1,18,1,0,5,1,0,0,4,3,2,13,2,1,0,27,0,14,10,3,1,7,7,59,11,0,0,0,7,0,10,0,6,37,1
12,10,2,4,41,21,4,7,16,6,10,2,3,6,30,11,2,6,16,4,4,0,1,17,0,7,13,6,14,2,4,26,39,9,11,1,10,1,8,4,13,2,11,5,3,32,2,4,8,3,6,10,8,4,4,8,18,6,2,11,10,9,0,5,15,17,22,1,3,7,0,12,2,29,15,3,0,0,4,10,15,2,7,0,4,30,11,19,0,1,0,10,4,6,18,19,3,0,0,5,0,0,12,6,10,3,10,7,10,12,4,22,4,10,0,6,3,6,10,1,27,3,13,0,35,5,0,2,2,9,4
6,8,2,4,17,18,3,0,9,3,9,1,3,21,5,1,7,6,4,5,6,0,7,4,0,9,27,2,18,6,0,10,8,11,0,5,16,0,4,8,9,6,2,15,0,12,3,1,5,5,2,1,2,0,3,4,8,5,1,5,17,26,10,1,1,1,14,9,3,6,0,19,3,1,4,1,2,0,10,2,31,4,13,1,4,11,33,25,2,9,2,0,0,13,5,1,4,4,0,1,0,0,13,2,4,9,1,3,12,2,3,13,13,14,4,11,1,0,14,1,13,1,16,0,1,0,17,0,4,12,1
0,2,0,5,0,14,1,5,6,15,7,3,0,0,8,0,14,1,2,0,2,0,1,10,0,3,15,0,12,2,3,8,10,15,11,0,5,11,11,0,9,7,24,2,0,12,0,0,17,1,6,1,0,0,14,2,19,1,0,14,0,10,0,2,0,5,1,21,0,6,12,30,0,17,1,22,3,4,1,15,7,9,14,0,5,35,10,11,14,1,1,5,1,7,7,0,0,2,0,0,12,13,0,7,3,6,5,0,3,3,11,4,22,1,1,2,10,9,11,0,11,16,15,0,7,5,0,5,0,0,0
6,33,2,2,20,45,14,11,6,0,35,16,0,1,5,9,3,6,11,18,13,0,10,17,0,6,17,4,12,0,19,17,14,7,19,1,12,4,3,0,3,4,13,5,3,4,3,1,5,5,4,13,3,8,11,1,5,15,0,5,4,8,0,16,14,8,11,4,12,10,6,21,0,7,7,0,0,0,2,2,12,0,4,0,11,8,1,9,0,3,11,2,1,8,6,4,4,8,3,0,6,2,7,0,1,3,7,2,1,2,3,12,8,7,4,1,7,16,5,3,5,12,13,0,33,0,7,4,4,19,4
4,44,9,1,9,26,7,8,0,0,2,6,0,18,10,4,7,3,4,11,6,0,4,13,0,17,2,6,22,2,0,11,2,0,6,5,19,0,1,2,1,1,0,13,2,4,4,5,0,9,3,2,12,5,1,6,1,3,9,5,10,2,3,7,10,6,13,3,10,5,0,0,3,8,10,0,0,0,19,1,3,0,1,1,4,2,5,9,0,1,36,8,3,6,6,7,7,8,1,4,10,4,3,1,0,13,4,12,9,2,0,13,1,7,7,1,5,3,2,2,6,1,2,0,12,1,9,0,2,26,5
7,23,0,3,7,23,16,12,21,2,8,0,0,8,12,6,0,4,4,3,0,0,4,22,0,13,11,13,8,0,4,12,7,3,2,2,15,1,2,0,2,0,0,6,1,17,1,4,0,13,3,4,2,10,2,9,1,9,4,5,3,4,2,7,10,9,14,0,1,3,0,2,4,9,22,0,0,0,4,1,8,1,2,0,4,4,2,13,0,14,8,3,4,3,9,7,0,3,0,3,3,9,6,3,13,0,3,6,8,2,0,16,2,9,6,1,1,5,13,6,16,0,4,0,6,1,0,2,2,25,1
2,0,1,2,0,12,5,3,4,6,1,3,3,1,6,0,17,4,2,0,1,4,1,14,15,1,4,0,4,21,3,14,10,6,17,0,6,9,20,0,8,3,20,4,0,8,0,0,2,2,5,0,1,0,10,0,8,2,0,12,1,15,2,1,8,8,0,1,0,10,11,26,0,1,2,6,21,5,1,16,11,1,8,0,3,2,5,5,3,5,5,0,1,4,4,2,1,0,0,2,10,1,5,7,4,3,0,0,0,2,9,3,2,1,3,3,22,5,7,0,8,12,16,0,4,7,1,5,0,1,3
11,25,16,0,6,24,5,8,0,0,9,3,5,8,1,3,0,6,3,16,4,0,8,8,0,26,4,8,0,0,1,5,3,1,0,31,16,4,1,0,3,0,0,27,16,1,19,11,1,9,0,8,16,20,0,33,0,1,5,0,6,3,8,23,0,4,4,1,1,1,0,0,6,12,7,0,0,0,13,0,2,0,0,5,0,3,1,4,0,6,2,10,8,14,2,2,4,9,8,13,7,3,0,2,12,6,0,0,17,1,1,7,6,9,17,4,0,1,2,7,1,2,2,7,5,0,8,0,7,5,17
8,22,3,0,8,27,10,21,0,0,5,1,13,12,8,17,0,6,9,10,6,0,4,17,0,25,7,12,3,0,1,14,3,1,0,9,51,0,0,1,4,0,1,25,10,0,2,28,0,16,0,4,1,4,0,18,1,6,1,1,9,1,16,15,10,0,12,1,21,0,1,3,11,22,22,0,0,0,3,0,3,0,0,0,1,0,3,7,0,1,27,5,18,1,5,0,0,14,1,2,10,12,3,1,9,8,0,17,0,2,0,19,0,5,2,5,2,2,2,50,10,0,1,0,5,0,1,0,9,15,0
10,2,1,0,7,12,1,3,5,1,2,15,1,0,1,0,5,1,0,0,2,0,1,3,2,2,5,9,2,11,0,14,8,6,12,0,12,4,7,0,5,8,9,0,0,7,0,0,6,2,0,1,0,0,9,2,9,6,3,2,2,6,0,2,5,1,1,5,3,2,17,3,1,7,0,2,1,0,0,0,11,3,8,1,7,5,6,8,1,3,0,2,0,1,2,2,0,0,0,1,12,2,3,2,2,2,2,1,2,0,0,6,7,2,0,6,5,5,4,0,12,9,13,0,7,3,2,6,1,6,0
3,5,4,1,12,31,0,2,1,2,0,3,0,1,0,0,33,1,4,0,0,0,0,19,3,1,7,0,0,0,3,0,8,9,10,0,3,3,23,12,8,4,27,0,0,22,1,0,20,1,3,4,0,4,19,3,10,5,0,13,2,8,1,1,4,0,0,40,0,20,5,6,0,8,0,39,6,0,1,18,19,18,9,0,0,12,9,17,51,19,0,0,4,0,6,1,2,0,0,0,4,3,11,3,0,0,9,1,0,0,0,2,7,2,2,1,7,0,0,0,0,7,17,6,0,8,1,0,2,1,1
19,19,3,6,5,27,29,5,6,1,8,1,5,17,17,47,3,10,20,2,12,0,15,10,0,17,8,6,19,0,3,24,12,3,9,0,40,1,4,0,2,1,0,16,13,6,4,23,1,33,1,16,20,8,0,20,2,4,10,8,40,3,5,21,11,6,27,0,14,5,0,15,0,6,35,0,0,0,11,0,11,0,4,5,6,7,15,15,0,9,4,28,5,8,28,7,0,12,0,27,22,13,4,12,13,16,3,7,19,6,2,0,9,15,7,12,0,15,13,45,14,10,7,1,2,1,6,3,7,24,10
8,3,0,2,6,28,2,1,19,5,4,2,1,6,20,0,2,2,11,7,2,0,2,11,0,5,11,2,5,0,1,9,8,3,5,0,13,0,7,3,9,9,4,5,2,5,1,1,5,2,0,4,1,2,4,0,3,7,0,19,5,22,0,5,10,5,3,4,5,4,0,9,0,7,17,7,0,0,2,0,14,0,4,0,1,4,15,5,3,1,1,1,2,9,10,5,0,2,2,0,4,13,22,8,1,2,2,6,0,7,7,9,0,3,2,1,5,6,21,0,14,3,2,0,25,0,1,1,0,7,0
16,22,7,0,5,17,23,22,3,0,3,2,1,9,7,24,0,10,2,5,8,0,5,1,0,6,4,18,8,1,2,9,5,0,2,4,18,3,0,4,2,0,0,14,4,3,9,9,0,10,1,4,11,2,2,6,4,6,9,1,9,1,9,15,2,2,26,0,6,1,0,2,12,7,10,0,0,0,13,0,2,0,5,1,11,2,7,2,0,7,17,2,1,12,2,0,3,16,2,14,10,14,1,7,7,9,1,9,5,2,2,15,3,0,2,6,2,2,3,15,9,3,2,11,4,1,5,0,8,34,0
14,11,10,3,0,22,2,3,0,2,9,8,1,26,3,6,0,16,4,20,21,0,3,5,0,21,1,7,1,0,3,9,2,6,0,11,20,2,7,8,0,1,1,7,4,1,2,15,0,18,1,1,12,26,1,7,0,11,11,1,14,1,4,2,2,2,9,0,5,4,0,0,6,12,15,0,0,0,3,0,17,0,1,11,3,0,0,7,0,4,18,3,8,8,6,2,2,13,3,10,0,4,1,4,7,6,3,17,2,0,2,7,2,2,0,5,2,3,0,0,6,5,0,0,4,1,7,0,2,23,8
4,6,5,4,12,12,5,10,3,6,2,4,1,17,5,3,4,4,8,3,0,0,16,9,0,3,4,3,4,0,4,14,9,0,1,8,10,0,2,0,7,9,3,11,2,0,6,6,0,6,3,4,0,10,2,3,1,7,8,6,1,3,4,5,0,8,12,1,2,3,0,5,4,7,19,10,1,0,9,1,16,0,8,4,4,6,3,12,2,8,2,9,9,4,8,1,0,2,1,3,6,11,2,1,1,1,3,4,5,6,1,12,1,6,5,0,3,4,9,0,14,0,4,1,10,0,3,0,4,8,0
3,1,0,9,9,38,3,2,9,53,8,7,3,5,12,2,34,0,3,0,0,34,3,2,10,5,3,1,8,35,7,7,39,11,16,0,6,18,35,0,29,11,23,1,0,6,0,1,13,1,5,3,0,0,28,0,25,4,0,25,9,13,0,2,3,8,2,7,1,23,34,14,0,3,3,6,20,18,1,21,14,27,24,1,7,11,13,5,25,3,0,1,0,4,4,2,4,1,0,1,3,1,10,7,5,1,22,0,2,5,7,0,5,2,2,3,0,5,6,0,15,9,36,5,24,49,1,22,2,3,0
2,2,3,16,8,44,5,5,4,1,10,1,1,9,6,2,1,3,5,3,2,0,12,18,0,4,8,1,11,2,12,8,17,10,14,0,5,9,1,0,18,0,6,6,0,11,0,1,1,6,13,0,0,1,2,4,2,13,1,3,1,7,0,5,23,27,2,1,4,4,0,2,3,15,16,0,2,0,0,0,18,1,11,0,6,4,40,16,0,0,1,5,0,4,16,4,1,2,1,7,6,0,9,16,3,5,5,1,2,5,0,15,6,2,3,4,5,0,9,0,43,15,6,0,1,1,1,6,0,0,0
9,5,0,20,18,29,14,2,30,7,2,5,3,1,12,1,10,4,26,0,4,0,7,20,1,3,27,6,7,7,5,24,11,9,4,1,15,11,5,2,4,1,2,4,1,8,0,1,3,7,11,2,1,0,9,4,19,22,3,7,3,22,1,7,22,2,11,7,1,5,2,29,5,16,7,7,1,0,2,1,26,4,14,0,7,18,23,19,5,6,4,12,4,10,20,4,4,1,1,7,10,14,11,5,2,13,7,2,2,4,0,13,21,3,0,9,6,9,0,8,21,12,38,0,16,1,3,4,2,6,3
16,28,15,0,1,41,42,57,0,2,5,0,2,5,0,96,2,7,10,4,6,0,1,5,0,8,4,13,4,0,1,7,0,0,0,2,102,2,0,0,0,0,0,18,2,0,3,45,0,51,0,3,2,5,0,181,0,2,7,0,27,0,21,16,4,1,91,0,25,1,0,0,8,4,36,0,0,0,2,0,4,1,0,5,0,0,0,0,0,0,8,7,47,6,16,4,6,20,3,59,1,1,0,3,2,6,0,7,50,0,0,45,0,15,0,0,0,0,8,0,2,1,0,0,3,0,20,0,4,44,1
16,7,3,8,10,49,12,7,10,16,9,3,2,9,22,4,1,9,22,8,12,0,11,31,0,11,12,13,4,2,20,18,26,12,9,4,15,5,1,1,8,4,3,16,8,3,0,1,0,11,7,2,2,3,8,5,3,11,1,8,17,26,2,12,16,3,11,1,4,8,1,20,12,22,17,0,3,0,3,2,16,0,9,0,9,5,6,10,0,2,4,8,6,11,13,5,10,14,0,11,27,13,11,5,6,16,8,1,10,12,0,14,14,9,6,14,15,43,21,2,0,9,6,0,25,0,1,6,4,20,11
8,4,2,11,1,25,3,6,6,1,27,10,2,12,24,0,7,10,10,2,7,0,4,11,1,5,4,1,6,1,7,4,12,11,16,0,10,8,9,0,8,22,33,8,1,19,0,3,1,7,6,3,3,5,2,5,0,6,0,8,9,17,0,3,1,9,3,7,0,21,2,5,1,2,15,3,2,0,0,9,8,3,7,6,4,4,3,21,4,1,10,7,2,5,9,16,6,1,3,0,3,1,16,12,1,0,12,2,0,9,7,10,3,3,5,0,9,15,12,1,9,0,13,3,4,5,1,7,5,7,1
6,0,0,14,15,12,4,1,19,17,0,12,3,8,3,0,37,8,2,0,4,4,1,18,7,6,11,6,2,37,10,14,18,16,34,1,3,16,16,0,11,12,29,4,1,10,0,2,29,1,14,5,0,0,23,2,31,5,1,28,0,19,0,1,1,5,1,10,2,8,20,33,0,4,5,12,22,6,0,8,25,6,14,0,14,12,8,50,7,2,0,5,0,4,8,2,1,2,0,0,13,16,15,13,2,4,16,2,1,13,17,7,2,2,0,4,36,6,38,0,6,13,0,1,11,17,0,9,2,3,1
13,2,4,0,0,19,0,0,0,1,1,1,1,7,0,0,0,7,0,0,0,0,0,3,0,1,1,0,0,0,0,0,0,0,0,11,3,0,0,24,0,0,2,2,11,0,7,0,0,0,0,21,0,0,0,13,0,0,4,0,0,2,6,2,0,0,0,0,0,0,0,0,27,0,2,0,0,0,1,0,0,0,1,21,0,2,0,0,0,0,0,0,26,0,0,34,9,0,21,0,0,0,0,0,0,0,0,7,0,0,6,1,0,11,0,1,5,0,0,0,0,3,1,0,0,0,3,0,7,2,0
10,12,11,4,9,48,19,18,5,24,20,0,1,10,16,6,2,6,17,12,14,0,0,26,0,9,7,4,12,3,1,17,29,32,46,1,48,14,10,1,18,4,1,6,2,28,0,6,5,4,2,22,1,14,14,6,0,15,1,18,14,37,0,7,4,11,11,0,4,8,0,21,5,26,16,0,0,0,0,2,35,1,7,0,7,6,3,18,0,4,4,11,3,23,15,16,9,7,5,7,35,1,7,33,12,6,4,5,5,7,0,2,25,4,4,10,24,1,16,3,25,4,11,0,0,3,3,4,4,11,1
0,2,0,4,1,8,0,0,1,27,0,4,0,0,10,0,19,0,0,0,0,53,0,9,26,0,0,0,0,30,0,0,9,1,31,0,2,95,29,0,2,13,8,0,0,11,0,0,4,0,1,0,0,0,5,0,5,1,1,4,1,4,0,0,0,5,0,5,1,4,110,43,0,0,1,10,29,108,0,16,10,27,13,0,0,1,1,8,14,0,0,0,0,1,0,1,0,0,0,0,5,0,5,0,1,1,7,0,0,3,8,1,0,1,1,0,49,1,1,0,0,5,17,0,3,0,0,4,0,1,0
25,40,2,1,7,16,6,0,2,3,4,6,2,7,3,9,5,11,0,15,5,0,2,4,0,10,4,9,1,0,5,4,1,5,1,2,6,0,3,10,0,2,3,11,7,0,5,16,2,2,1,4,2,21,1,32,9,13,6,14,2,0,14,18,5,5,8,0,12,5,0,0,5,3,19,2,4,0,8,1,0,0,1,3,0,12,0,0,4,0,24,0,13,9,0,5,1,6,2,10,0,17,0,7,9,0,1,8,1,2,1,6,1,5,7,3,1,1,3,20,1,1,0,3,3,0,0,3,5,1,0
1,0,1,6,4,33,2,0,0,14,3,11,3,5,15,0,7,0,0,0,5,0,2,16,0,3,5,0,0,4,1,8,13,6,17,0,6,2,13,1,2,16,11,2,2,8,0,0,4,0,2,1,0,1,11,4,12,4,0,13,0,13,0,0,3,17,1,1,5,7,0,7,1,3,5,0,0,0,1,6,10,0,8,0,0,6,1,14,0,2,2,1,2,0,7,4,0,5,0,0,2,0,5,4,0,2,5,0,0,6,0,3,1,0,0,0,22,6,4,0,6,7,9,0,4,4,3,0,0,1,0
1,3,5,0,4,9,11,7,1,0,12,1,0,1,0,2,0,1,11,2,14,0,1,3,0,3,4,8,4,0,1,4,3,1,0,3,27,0,0,5,1,1,1,4,9,1,8,8,0,2,0,19,12,15,0,27,12,5,7,0,0,1,1,0,0,0,2,0,7,2,0,0,14,1,8,0,0,0,7,0,7,0,3,0,0,4,1,2,0,2,12,3,12,10,2,27,7,16,3,6,2,4,0,4,2,2,0,7,9,1,2,7,0,8,2,4,2,0,2,4,4,5,2,7,4,0,5,0,0,2,6
27,47,25,3,1,38,17,44,4,4,57,3,13,18,10,43,1,34,4,25,32,0,28,16,0,52,5,4,0,0,3,24,5,11,1,9,30,0,0,6,9,6,2,65,28,15,10,21,1,3,1,17,14,29,0,39,1,5,20,2,34,2,9,23,10,20,62,2,31,2,0,0,31,13,32,3,0,0,0,2,29,0,1,0,6,7,13,6,0,10,8,28,26,13,13,5,21,28,1,37,9,12,0,19,26,25,1,5,15,6,1,24,7,34,23,8,3,0,6,44,20,7,3,2,11,1,1,1,2,0,23
9,21,18,0,0,13,8,2,0,1,2,0,0,5,3,6,0,13,5,29,10,0,3,6,0,12,4,1,4,0,2,3,2,6,0,2,12,6,0,6,8,0,0,6,6,1,15,5,0,1,0,1,4,6,0,12,0,0,3,0,8,6,0,2,3,3,7,1,19,0,0,0,23,16,13,1,0,0,2,0,0,0,0,0,1,0,1,1,0,3,28,0,18,1,4,9,4,5,3,1,4,1,0,4,5,1,3,17,0,0,1,10,0,0,8,0,0,0,3,1,11,1,1,0,1,0,0,0,6,23,0
