Ant4,Ant57,Ant260,Ant5,Ant52,Ant59,Ant65,Ant244,Ant540,Ant929,Ant2,Ant6,Ant24,Ant25,Ant26,Ant30,Ant38,Ant73,Ant74,Ant99,Ant102,Ant148,Ant158,Ant191,Ant196,Ant202,Ant209,Ant245,Ant268,Ant278,Ant308,Ant604,Ant620,Ant646,Ant673,Ant838,Ant1,Ant12,Ant13,Ant20,Ant27,Ant28,Ant29,Ant32,Ant40,Ant42,Ant43,Ant44,Ant50,Ant55,Ant62,Ant66,Ant68,Ant70,Ant71,Ant80,Ant81,Ant82,Ant85,Ant91,Ant96,Ant97,Ant100,Ant105,Ant111,Ant112,Ant113,Ant114,Ant117,Ant126,Ant135,Ant137,Ant139,Ant142,Ant144,Ant147,Ant149,Ant153,Ant156,Ant159,Ant169,Ant170,Ant173,Ant174,Ant176,Ant178,Ant186,Ant195,Ant198,Ant207,Ant212,Ant217,Ant218,Ant219,Ant220,Ant221,Ant226,Ant229,Ant232,Ant238,Ant242,Ant243,Ant250,Ant255,Ant256,Ant257,Ant261,Ant263,Ant265,Ant294,Ant299,Ant301,Ant305,Ant318,Ant320,Ant332,Ant334,Ant342,Ant347,Ant353,Ant356,Ant376,Ant387,Ant390,Ant391,Ant394,Ant395,Ant398,Ant433,Ant437,Ant475,Ant492,Ant501,Ant527,Ant549,Ant552,Ant556,Ant575,Ant580,Ant592,Ant593,Ant600,Ant607,Ant610,Ant614,Ant621,Ant632,Ant635,Ant638,Ant650,Ant663,Ant665
0,7,10,1,0,14,13,0,12,5,3,0,0,6,22,4,1,0,13,1,1,3,3,18,3,3,9,0,0,15,1,0,2,6,4,1,0,0,3,9,5,3,13,10,7,11,7,4,14,2,0,11,25,5,10,0,1,0,1,12,2,0,0,2,2,0,37,3,14,14,0,0,4,4,3,2,0,4,0,10,37,8,10,7,13,2,5,0,0,0,15,0,26,0,9,4,22,0,35,5,1,7,0,15,0,0,1,1,3,1,0,0,18,0,3,0,19,2,2,3,5,3,0,8,1,1,0,3,0,0,0,2,0,0,16,0,0,17,0,3,0,2,4,7,3,1,0,43,8,2,0,10
7,0,0,5,7,0,0,8,0,2,0,7,1,5,3,2,9,10,1,17,6,7,2,5,9,8,8,0,2,3,5,4,12,0,6,4,4,14,9,13,0,2,1,0,1,0,6,2,3,1,5,2,3,10,0,2,7,16,15,0,4,45,6,1,20,2,3,19,1,1,21,29,8,2,0,1,11,1,1,5,0,5,1,1,5,2,7,17,12,15,0,5,6,5,0,7,0,7,0,11,0,5,14,1,14,5,9,2,10,1,8,9,2,8,6,8,0,9,7,0,4,0,5,34,3,6,0,0,2,12,13,7,0,2,1,5,18,2,4,31,0,2,1,4,15,4,24,0,6,18,19,1
10,0,0,2,0,7,23,1,10,2,22,0,0,0,1,4,0,0,0,1,0,7,6,4,0,2,3,10,0,13,0,9,0,55,6,0,0,3,1,5,13,0,9,4,18,0,0,3,9,0,0,14,15,1,50,0,2,0,0,26,0,0,12,1,3,0,10,0,31,26,0,8,33,16,4,0,0,2,0,29,35,13,5,4,7,2,4,3,9,0,9,0,13,0,4,0,10,0,23,9,12,2,11,4,8,5,0,1,0,8,3,0,5,0,11,8,2,9,3,7,1,24,0,1,3,0,4,5,0,12,0,12,3,5,30,0,0,25,2,7,0,24,7,5,0,0,0,18,0,9,3,0
1,5,2,0,1,6,4,8,4,19,22,1,0,12,3,15,7,1,11,5,1,7,0,18,3,0,22,16,1,18,10,0,4,0,17,2,0,4,3,4,1,0,5,0,9,2,6,3,9,0,22,31,9,0,2,0,12,0,4,4,1,11,23,13,9,0,2,7,3,5,3,8,4,1,10,0,2,8,0,3,0,8,6,17,7,0,1,3,1,15,13,0,15,1,5,13,15,3,4,18,8,7,10,8,0,0,15,4,1,3,0,0,11,2,6,5,2,1,0,7,11,8,5,1,11,1,1,7,0,3,0,3,1,7,2,0,2,4,19,2,0,3,8,8,4,9,3,3,18,5,1,38
0,7,0,1,0,1,0,12,8,18,0,0,0,10,0,11,14,0,6,4,2,0,3,5,6,4,3,3,12,25,3,2,6,0,8,8,0,7,10,27,3,1,0,3,6,2,0,1,22,0,16,5,0,3,0,0,12,0,6,0,1,1,13,2,5,0,1,5,5,5,0,11,11,1,10,2,5,7,0,1,0,1,4,2,0,1,1,11,1,29,8,1,1,0,4,1,0,1,7,16,7,14,4,9,2,0,8,4,1,9,0,7,8,3,2,5,5,5,1,1,13,6,4,2,7,1,10,5,0,11,0,15,0,2,4,10,2,3,3,8,0,0,2,7,5,0,2,0,6,6,5,3
14,0,7,6,1,0,14,3,14,10,7,2,0,26,4,6,3,0,21,1,1,1,0,15,4,0,6,19,2,14,4,1,0,6,15,4,0,4,14,15,2,0,21,6,0,5,5,1,18,1,17,7,14,0,4,0,3,0,6,98,0,0,21,17,2,0,3,0,17,31,1,0,4,7,2,0,2,2,0,0,37,12,5,4,10,0,2,8,3,4,23,0,4,0,1,0,5,1,15,10,5,10,0,6,0,0,2,1,1,15,0,1,1,0,2,6,8,1,0,10,6,4,0,1,6,0,0,8,0,1,1,1,0,9,6,0,2,10,20,2,0,3,12,5,4,14,0,42,15,12,2,20
13,0,23,4,0,14,0,1,6,2,21,1,0,7,5,0,0,0,16,2,2,2,5,5,3,2,4,22,4,13,0,2,0,20,9,3,0,0,7,2,1,2,30,20,8,0,0,1,14,0,4,4,21,0,10,0,13,0,0,27,0,0,6,2,5,0,2,0,12,41,1,4,4,10,25,1,0,4,0,5,26,7,6,5,29,1,7,1,0,0,20,0,4,0,6,12,5,0,27,52,12,17,1,9,0,2,0,3,1,30,0,5,12,0,11,4,0,3,0,39,12,4,2,0,0,0,4,10,0,8,1,0,1,8,4,0,0,18,2,1,1,10,11,17,2,5,0,23,7,8,2,2
0,8,1,8,12,3,1,0,13,11,1,6,0,2,3,4,5,6,4,6,2,12,10,3,1,1,2,7,9,3,1,13,2,0,3,9,0,9,1,3,10,0,0,2,0,24,3,10,10,0,5,2,3,2,3,0,6,4,6,0,3,9,8,0,4,6,0,7,2,1,5,6,7,8,7,0,8,4,0,6,0,4,6,0,3,2,5,1,8,18,0,3,1,4,0,5,1,11,0,11,9,1,2,5,2,1,9,4,2,3,1,3,11,12,5,6,0,7,0,0,7,6,8,1,6,3,2,0,1,7,5,12,0,19,1,0,0,0,6,5,0,18,11,4,4,3,17,2,7,14,1,0
12,0,10,4,8,14,6,13,0,6,2,1,0,14,7,10,7,2,7,0,1,3,1,3,5,0,7,0,1,5,4,0,3,37,10,4,0,2,4,3,3,6,11,14,12,3,8,12,3,0,19,3,4,1,3,1,13,0,2,0,0,0,24,4,4,0,6,0,12,4,1,6,4,0,13,0,0,3,0,8,1,2,12,18,17,0,2,14,1,7,6,0,6,1,1,3,5,0,9,8,1,1,2,9,0,0,8,8,1,16,1,0,0,1,9,7,0,10,3,0,10,0,8,0,3,0,3,1,0,10,1,9,0,5,8,3,4,18,17,7,0,0,2,4,0,1,1,0,0,7,3,0
5,2,2,19,18,10,2,11,6,0,2,4,2,9,0,10,9,2,16,4,5,0,1,2,9,2,0,8,1,17,7,0,7,0,16,1,1,10,21,2,6,1,4,1,5,8,4,5,32,0,9,6,19,5,4,1,15,4,10,2,2,4,12,2,10,2,1,14,6,2,1,10,1,3,2,0,4,2,0,0,11,3,2,2,2,3,2,23,5,20,0,0,6,0,2,2,14,4,0,29,2,21,4,5,1,3,16,9,0,17,0,2,2,2,2,16,1,5,0,1,41,5,12,6,15,3,2,6,0,18,4,23,0,17,3,11,2,3,10,10,0,3,2,0,4,4,6,0,1,6,6,10
3,0,22,22,0,7,21,1,2,2,0,0,0,1,3,9,1,1,11,0,3,3,0,11,2,2,43,14,0,13,10,0,0,5,22,2,0,1,6,9,7,0,5,13,2,0,4,0,12,0,4,4,19,0,1,0,4,0,0,32,1,1,6,17,0,4,2,0,4,21,2,2,4,7,5,1,0,19,0,0,9,2,1,3,4,0,0,0,3,1,15,0,8,1,5,3,1,2,7,11,9,5,1,1,2,4,0,11,0,19,0,0,24,1,3,1,13,3,0,6,27,12,0,0,3,1,3,8,0,4,1,3,0,1,12,2,0,8,12,1,4,0,0,9,0,0,0,8,16,10,0,20
0,7,0,1,0,2,1,6,1,4,0,0,0,4,19,0,6,14,0,4,2,2,2,0,1,4,0,0,2,3,6,8,5,0,0,6,11,6,4,1,0,6,0,1,0,4,6,2,4,2,0,1,1,4,2,6,1,24,2,0,12,9,1,1,29,16,7,16,0,5,11,12,8,5,2,1,5,0,16,4,0,1,7,0,0,4,17,2,35,21,0,12,5,21,0,0,0,3,0,2,2,1,8,0,5,12,1,0,1,0,12,14,1,3,1,9,0,6,7,0,3,0,1,16,4,14,11,0,5,14,16,3,0,9,4,3,5,3,3,6,5,3,7,9,20,0,3,0,2,21,8,1
0,1,0,0,0,0,0,0,0,2,0,0,0,0,1,0,2,10,1,2,2,0,13,0,7,33,0,0,2,1,0,5,3,0,2,0,36,0,0,0,0,25,0,0,0,2,0,4,2,13,0,0,0,0,0,25,0,7,0,0,7,0,0,0,6,7,1,6,0,1,2,7,8,0,0,51,1,0,34,0,0,3,12,0,0,34,25,0,3,0,1,14,0,11,0,3,0,0,0,0,0,0,0,1,18,13,2,1,11,0,21,22,0,4,3,0,0,5,16,0,0,1,0,1,0,10,9,0,17,0,2,2,37,6,2,1,0,0,0,6,16,9,4,4,4,0,0,0,0,8,0,0
6,5,0,12,10,26,7,2,14,9,1,4,0,0,3,11,8,0,19,9,1,7,4,4,11,0,1,4,4,14,10,10,8,1,10,10,0,2,12,13,4,0,7,17,0,11,6,10,15,2,10,1,1,1,24,1,20,4,18,0,1,6,16,14,17,4,4,8,16,1,6,20,13,0,3,1,10,3,2,1,3,6,4,9,8,13,1,21,9,13,3,5,21,2,5,0,6,7,3,18,2,3,4,8,2,2,2,6,6,5,2,7,5,4,5,7,2,8,2,4,11,5,7,5,4,0,16,2,2,12,3,11,0,16,28,2,5,5,18,4,1,6,13,10,11,9,10,17,11,22,5,15
22,3,1,3,0,4,5,3,7,0,3,19,1,3,0,5,3,13,0,4,15,1,18,0,7,18,7,8,22,5,5,18,0,5,5,1,5,2,0,2,1,11,0,3,3,23,0,4,13,4,1,1,0,2,3,6,4,6,11,0,14,3,1,0,20,7,5,15,8,0,3,23,5,1,2,28,3,1,10,2,18,3,23,5,3,10,17,7,7,8,4,10,4,6,1,6,3,4,9,5,3,1,13,0,17,10,7,9,6,7,13,6,0,2,5,2,0,18,9,2,3,0,0,3,4,10,0,8,0,2,8,5,8,18,21,4,5,5,0,18,4,15,1,29,6,11,1,2,3,35,15,0
4,2,4,15,11,6,0,4,10,10,9,0,0,11,5,0,12,2,10,2,0,6,1,4,2,0,0,4,1,14,10,4,6,1,7,1,0,3,5,3,6,0,3,6,2,1,0,3,10,2,6,4,1,1,1,0,11,2,4,24,1,3,4,10,1,0,2,6,4,2,0,3,5,0,7,1,4,0,0,3,1,7,9,12,6,1,1,4,0,7,4,1,7,1,1,6,5,1,2,10,14,7,2,5,0,5,5,3,0,5,0,1,2,1,6,0,1,1,0,4,2,5,9,1,11,1,2,4,0,11,2,3,0,4,8,0,2,4,17,1,0,1,9,3,9,4,4,7,5,11,1,12
1,9,0,7,14,3,0,5,7,9,1,6,2,8,3,12,0,13,6,14,17,7,0,2,21,3,1,2,20,9,4,1,9,0,3,6,4,21,4,12,0,0,2,1,3,6,3,4,11,1,2,1,2,2,0,5,9,10,9,0,6,6,13,3,11,2,0,7,13,1,4,15,4,2,0,4,4,1,4,1,0,3,5,1,7,6,0,38,1,43,4,1,15,6,1,4,1,0,0,8,1,7,4,1,10,4,3,1,2,16,20,0,0,6,4,33,1,12,1,0,4,1,10,12,5,1,0,0,0,19,10,20,0,13,3,16,4,4,11,13,0,4,13,6,8,9,8,0,6,10,3,5
0,10,0,1,0,0,0,6,2,2,1,14,10,0,13,2,13,0,1,7,1,3,8,0,12,12,1,2,1,3,3,3,7,0,3,5,20,2,0,6,0,3,2,0,4,0,0,2,3,5,1,0,1,3,0,1,1,24,11,0,10,9,3,3,15,16,0,6,1,1,7,10,2,3,0,14,10,2,14,0,0,0,9,0,2,16,4,8,6,3,0,14,7,13,0,0,1,2,0,11,0,1,3,1,2,20,5,1,6,2,8,12,0,1,3,5,1,12,13,0,3,0,4,12,0,9,8,1,4,11,9,6,15,1,0,13,7,2,2,23,10,5,4,1,14,9,3,0,3,23,1,0
13,1,0,11,6,21,16,4,7,16,11,0,1,19,0,10,6,1,0,6,0,5,1,16,4,0,11,5,1,18,5,16,3,7,16,2,0,2,5,12,4,1,5,3,0,1,2,3,10,0,13,11,19,4,15,0,12,0,5,18,0,3,13,22,19,1,3,0,3,26,2,8,0,5,7,0,1,6,0,6,4,2,7,14,7,0,1,29,2,9,8,0,4,0,18,4,5,0,7,4,13,7,0,5,0,1,7,4,1,2,1,0,14,0,7,31,6,1,0,16,30,9,1,2,8,2,4,2,0,3,0,2,0,7,9,1,0,10,23,3,0,2,13,4,1,4,4,18,16,1,1,15
1,17,1,5,4,1,2,6,0,4,0,4,2,9,4,2,14,7,6,0,4,4,7,4,3,4,0,3,1,18,4,8,14,9,1,5,4,10,6,8,1,8,0,0,15,4,2,28,8,4,2,6,4,1,3,5,1,16,6,0,13,10,4,0,11,15,5,17,9,1,8,19,23,5,2,0,11,0,5,18,0,3,10,2,1,10,8,26,9,7,2,4,10,2,0,2,0,4,4,4,4,5,4,5,12,19,8,0,6,3,1,3,0,2,11,10,6,4,11,10,5,0,2,17,2,10,12,0,1,16,10,3,4,1,4,1,4,2,7,17,0,4,11,2,13,6,12,0,12,15,11,3
1,6,0,1,2,1,2,2,1,5,3,2,2,1,15,0,17,1,0,4,0,4,2,0,4,1,3,11,2,9,5,1,3,0,2,0,1,2,6,3,0,1,0,1,2,4,4,23,3,0,8,2,0,6,0,0,2,6,5,0,1,2,4,2,14,9,0,4,2,7,3,10,8,2,0,7,5,0,0,6,0,2,8,2,2,6,2,4,5,12,2,3,10,11,2,10,0,10,2,4,0,1,9,6,5,0,5,0,2,10,0,4,1,8,0,5,0,5,2,3,7,1,3,3,5,3,11,0,1,4,8,3,3,8,1,0,1,5,2,11,0,1,1,3,5,5,5,3,1,7,14,2
3,7,7,7,0,1,2,12,3,0,3,2,0,7,1,6,7,3,5,4,4,0,0,7,14,0,5,11,1,5,4,0,4,0,10,14,1,3,6,4,11,0,2,6,8,4,8,12,2,0,1,1,1,0,12,1,12,5,2,12,1,10,3,1,8,2,1,1,3,9,0,11,0,1,2,0,4,1,2,2,1,10,4,4,2,0,0,18,5,7,3,0,4,0,1,3,6,1,0,16,14,4,2,6,1,0,13,1,1,5,0,0,4,0,5,1,0,0,0,1,10,7,1,2,4,0,3,4,1,4,0,14,0,3,0,0,2,2,9,8,0,0,5,5,4,13,2,13,12,14,1,2
3,2,6,0,3,0,5,10,1,1,0,2,13,4,18,1,0,8,1,7,2,0,0,0,13,21,0,8,3,5,1,13,6,7,4,9,5,2,0,7,1,14,0,0,0,9,0,18,15,11,2,2,0,0,11,4,9,2,1,4,5,0,1,4,10,1,5,12,0,1,7,9,25,7,1,35,3,1,0,1,9,3,17,1,0,17,31,4,3,9,1,9,3,4,0,16,1,1,3,7,3,0,0,4,8,14,1,3,1,2,13,18,3,1,10,2,5,9,9,5,2,0,0,4,3,7,10,0,2,0,7,0,16,2,10,7,2,2,0,7,1,11,8,22,5,7,1,2,1,21,10,1
18,5,4,18,5,15,5,3,3,2,11,0,0,4,0,4,2,0,16,4,0,7,0,0,2,0,12,25,2,22,3,0,1,3,4,0,1,5,2,9,2,0,23,2,8,1,3,0,7,0,17,17,4,1,7,0,2,0,3,21,0,0,17,5,3,0,8,6,11,12,0,6,3,0,3,0,0,11,0,0,4,8,6,30,9,0,0,3,3,2,12,0,5,0,8,17,4,1,2,13,14,17,6,8,0,0,5,7,1,0,0,0,7,0,2,13,12,5,0,22,13,8,2,3,8,2,2,10,0,10,0,5,0,2,11,3,3,6,14,3,0,3,10,0,5,11,3,10,32,3,0,22
3,9,0,3,6,4,3,1,5,9,2,1,7,11,7,2,21,12,4,3,4,14,13,2,0,11,6,2,9,18,2,5,17,0,2,6,4,19,6,19,19,0,0,0,2,2,4,8,14,0,6,3,0,2,14,2,6,8,5,0,3,9,8,7,5,0,1,1,3,0,6,21,6,0,0,4,4,0,1,6,6,4,2,3,0,2,3,9,6,3,1,4,10,0,3,6,1,1,8,2,4,8,6,1,10,4,2,1,3,10,9,8,3,3,16,35,1,1,1,0,5,11,1,7,2,8,9,0,0,26,11,6,7,5,9,4,5,0,22,10,0,3,15,0,0,3,2,0,10,26,0,20
3,8,2,0,4,0,2,1,0,2,2,4,33,0,18,0,3,12,0,4,1,0,21,0,11,0,7,2,0,3,8,2,2,1,0,1,13,3,0,1,2,13,3,0,1,1,0,11,4,16,0,0,0,4,0,44,0,9,1,0,12,6,3,0,27,16,0,1,3,4,2,9,15,0,0,53,1,0,8,4,3,2,9,0,0,5,38,8,9,5,0,22,3,24,0,7,3,5,1,2,2,0,1,2,17,25,4,4,24,1,42,2,0,3,8,0,5,18,41,0,1,0,1,11,0,34,2,0,20,8,37,4,22,18,1,2,17,1,0,18,12,7,2,1,14,6,6,0,3,25,9,2
9,8,3,22,3,6,4,2,7,0,43,0,0,1,7,0,1,1,11,0,3,5,0,12,6,7,0,1,4,15,14,0,8,2,8,2,0,5,4,4,0,0,0,2,8,0,7,9,4,0,3,3,0,2,0,0,2,3,7,0,1,6,8,4,0,0,5,8,1,1,1,4,7,0,6,6,2,2,0,8,8,12,15,9,7,0,0,4,2,11,7,0,3,1,4,6,3,3,11,3,2,3,2,11,4,0,7,4,1,8,7,0,3,3,2,5,0,9,3,1,4,1,2,0,3,0,2,4,1,8,2,8,0,0,1,1,1,9,8,2,0,1,15,0,5,3,4,0,1,10,1,3
0,0,10,16,3,19,22,7,0,8,14,0,0,4,8,4,2,2,5,3,11,11,8,25,2,2,1,0,3,16,4,2,0,3,21,5,1,1,3,2,0,1,14,21,13,2,6,3,23,0,15,14,19,2,10,2,11,2,2,8,0,9,7,5,5,0,16,3,4,2,0,9,2,9,8,1,4,4,0,7,22,7,4,7,14,0,3,2,0,19,12,0,19,0,4,5,2,0,29,11,16,12,2,0,2,3,8,11,0,5,0,2,15,1,1,2,7,1,0,21,4,8,13,0,7,0,0,10,1,4,6,1,0,8,9,1,2,3,8,4,0,6,16,4,7,13,2,5,8,6,7,16
0,2,0,1,12,2,4,9,1,1,0,2,2,4,22,1,20,1,1,1,2,1,3,2,9,0,4,3,0,1,0,4,6,0,6,4,1,7,11,16,1,16,1,0,3,10,3,3,4,0,3,0,0,1,7,5,6,6,1,0,10,13,0,6,9,0,0,0,1,0,1,4,6,0,1,0,3,0,0,2,1,7,30,0,1,3,3,20,3,10,8,5,8,0,1,5,2,3,0,3,1,3,7,0,0,3,2,0,3,2,0,3,2,2,4,9,5,2,1,1,6,1,24,11,0,8,5,1,0,4,4,6,0,0,17,0,10,0,2,5,0,0,21,1,2,5,3,0,1,2,7,8
15,3,13,18,25,14,13,3,5,17,13,3,1,14,5,14,9,3,18,18,9,5,5,22,18,3,15,16,1,0,15,12,3,3,11,0,1,5,21,12,14,0,14,20,9,6,19,10,7,0,36,6,10,3,10,0,17,1,4,66,2,16,24,11,6,1,14,9,28,46,2,14,5,5,3,1,6,9,0,2,26,10,10,12,7,2,1,10,4,10,28,1,19,1,11,30,12,6,15,39,6,20,9,12,2,6,32,15,0,8,2,3,13,2,7,19,10,1,3,15,13,6,4,4,17,0,8,19,0,17,1,12,2,9,15,4,5,11,27,4,1,3,11,4,7,14,2,23,15,4,1,19
1,5,0,10,3,4,0,1,4,7,10,6,0,10,5,10,4,3,5,4,5,4,1,3,2,8,14,4,0,15,0,0,3,3,11,3,7,11,6,16,3,0,0,1,4,10,9,14,16,0,12,5,0,1,2,1,3,5,6,0,0,2,14,0,8,4,9,6,5,0,0,15,5,8,3,0,0,4,1,1,0,6,2,3,0,11,6,3,19,17,0,2,3,1,0,4,14,3,0,4,1,0,5,5,1,0,2,12,2,3,0,0,11,4,6,15,0,3,0,0,3,3,0,2,0,1,5,9,0,7,9,12,0,6,2,0,3,0,7,2,3,1,5,1,6,0,1,0,6,9,3,8
0,4,9,0,2,1,2,13,0,0,0,8,5,10,18,4,1,3,16,8,1,0,13,0,5,2,0,2,4,12,0,0,4,25,15,16,8,3,5,9,0,2,1,6,0,6,0,6,13,2,2,3,5,8,3,11,4,10,1,0,9,1,4,1,3,4,19,9,11,3,14,21,12,11,4,7,3,1,11,15,2,2,35,9,2,6,8,1,1,2,5,4,2,2,1,11,1,0,0,14,0,10,22,0,5,25,3,3,3,4,2,10,12,0,2,9,0,24,1,10,6,4,20,0,1,0,21,3,0,2,7,1,3,48,55,2,1,6,3,27,0,38,5,28,7,3,0,4,18,26,1,0
2,12,0,4,6,0,0,2,3,7,0,5,3,8,0,6,9,7,3,14,3,4,6,1,17,2,8,0,6,3,3,4,0,0,2,2,4,20,5,9,0,15,0,9,11,27,8,14,8,1,1,0,0,7,0,0,2,9,5,0,10,23,9,0,12,0,3,16,0,0,7,12,11,2,0,1,15,1,1,3,0,1,7,0,0,0,4,9,16,5,4,7,7,2,0,4,0,5,0,4,18,2,3,1,2,3,23,4,3,2,5,1,1,3,6,3,1,23,1,0,18,5,2,10,18,8,5,0,5,12,9,21,6,3,0,21,9,0,8,25,0,2,7,3,5,5,24,0,1,14,9,2
6,0,55,0,0,6,20,0,37,0,5,0,0,1,5,1,0,0,7,9,0,0,7,3,0,1,2,3,0,3,3,25,0,0,2,4,0,0,7,2,10,0,13,13,8,0,0,4,18,0,0,1,5,4,5,4,0,0,0,0,1,0,5,0,1,0,14,2,8,7,0,9,11,16,6,8,0,0,4,19,12,0,4,4,18,3,7,1,1,0,7,3,3,1,0,0,1,0,16,5,2,3,7,9,1,7,0,0,0,8,1,0,2,0,6,0,7,1,1,5,3,0,0,0,0,1,0,0,0,0,2,0,3,7,16,0,0,24,0,3,5,11,10,2,4,0,0,6,0,2,0,0
4,6,6,17,8,15,9,3,10,16,22,0,2,10,5,7,3,3,16,1,2,10,4,4,2,0,8,21,6,11,11,15,2,2,0,0,0,2,6,9,3,1,2,13,11,15,6,3,25,4,9,11,15,2,9,0,4,3,6,45,4,4,28,9,4,0,3,6,3,13,7,11,1,8,19,3,10,4,5,5,5,4,12,8,14,3,2,6,1,9,6,2,14,3,16,13,10,4,3,22,3,12,5,7,2,1,15,2,1,3,0,3,9,0,4,19,2,0,0,5,7,10,4,2,6,1,2,15,2,1,2,9,1,11,21,2,3,2,11,5,0,3,3,10,5,2,6,17,15,9,3,34
1,4,0,2,8,4,3,9,4,1,2,6,0,10,1,1,6,5,2,5,0,14,9,0,6,1,2,5,4,0,3,16,2,4,0,0,9,10,1,7,1,4,0,0,1,6,6,12,18,0,1,2,0,10,5,5,5,5,3,0,8,2,9,1,7,3,0,4,2,1,8,8,3,1,0,11,0,1,3,3,0,2,10,3,2,9,12,3,0,18,1,7,1,13,1,6,2,3,1,1,0,1,2,0,4,17,3,2,2,4,0,2,4,3,8,4,0,5,1,1,3,2,0,7,0,18,4,3,1,4,2,2,13,0,5,1,4,0,10,2,0,19,2,6,6,5,0,4,1,15,12,0
0,4,0,0,0,0,0,0,0,1,0,11,36,0,5,0,4,20,0,4,1,1,5,1,4,13,0,1,1,1,7,8,4,0,0,9,0,1,1,2,0,16,0,0,0,3,6,6,2,37,0,0,1,2,1,22,7,12,2,0,13,1,4,0,5,6,2,1,0,0,7,8,12,0,0,32,1,1,33,2,0,0,7,0,0,38,30,2,5,1,0,14,0,21,0,1,0,1,0,1,0,1,0,1,7,29,0,0,16,1,21,24,0,0,1,1,1,10,29,0,0,0,0,24,2,30,3,0,26,1,20,0,33,0,4,2,11,0,0,3,41,15,0,0,43,1,2,0,0,19,4,1
0,14,3,4,7,4,0,9,2,10,1,6,0,2,2,3,21,2,2,10,2,3,2,5,19,3,5,1,7,5,11,3,20,0,2,10,1,0,13,5,2,2,1,4,3,5,7,9,10,1,5,0,0,17,1,0,5,21,9,2,2,14,11,3,3,2,1,18,4,0,8,9,8,1,0,0,5,0,2,11,0,13,4,0,3,3,0,9,29,4,2,8,8,3,0,2,2,5,0,23,0,2,7,2,5,2,14,2,3,5,2,5,0,8,14,24,0,11,7,0,16,4,3,36,7,2,1,0,3,15,11,7,0,5,1,11,2,6,7,18,0,8,0,1,9,4,2,2,5,17,0,3
3,9,1,3,10,14,7,1,4,21,6,4,0,12,0,5,4,0,5,6,6,6,0,2,6,0,4,3,11,21,6,5,5,7,6,1,1,13,0,19,3,1,4,1,1,7,2,3,13,0,4,9,2,4,6,1,5,4,10,24,1,7,22,6,8,1,3,2,1,6,1,7,2,6,1,0,2,6,2,2,3,10,4,1,7,0,2,11,7,5,1,1,2,0,4,2,0,3,0,16,1,7,22,3,1,1,6,1,2,10,2,2,4,6,6,3,0,4,0,4,6,0,3,12,7,5,4,0,0,21,2,5,0,6,3,2,3,4,23,13,0,0,7,3,7,7,3,5,0,8,0,11
9,13,5,4,27,15,2,3,3,2,9,1,0,13,2,3,12,6,12,8,3,4,7,9,19,1,4,2,16,12,16,9,9,2,9,7,2,5,19,0,2,2,1,0,12,1,8,29,9,3,6,12,2,4,9,1,13,4,4,7,6,12,13,3,7,3,2,16,0,12,9,14,11,3,6,4,13,5,0,9,3,11,2,3,3,4,5,10,6,6,12,2,12,1,4,6,6,3,3,8,6,4,3,2,2,7,12,0,5,8,3,5,1,3,5,27,5,22,3,3,13,3,4,7,4,7,10,7,0,32,2,17,4,6,20,2,3,4,13,8,2,4,9,2,12,12,8,5,14,8,3,6
5,0,13,1,3,2,1,10,3,6,7,0,0,4,1,6,0,0,4,1,0,11,1,2,19,2,0,0,1,14,3,0,0,10,3,1,0,2,3,2,0,0,1,3,2,2,0,0,12,1,10,2,11,3,13,2,21,1,0,61,0,0,8,2,6,0,1,1,4,12,1,3,11,5,1,0,0,11,5,12,1,8,5,1,2,0,3,4,0,8,4,2,0,1,2,4,1,5,1,7,6,0,2,8,1,0,0,2,0,2,3,2,5,0,1,0,5,1,0,4,7,11,2,0,12,0,1,7,0,2,2,3,1,5,3,0,1,1,6,3,0,1,2,9,2,0,1,17,2,3,1,23
3,2,0,0,1,0,2,0,6,1,0,6,25,0,11,0,0,3,1,8,1,0,14,0,0,13,0,1,16,0,0,2,15,0,1,4,16,2,1,2,0,0,0,1,4,0,0,6,4,36,0,0,0,0,0,12,2,10,1,0,2,0,0,0,4,22,20,3,0,0,3,7,6,2,0,49,7,0,5,1,4,4,15,0,0,17,26,0,2,0,0,12,0,20,0,0,0,0,2,1,0,0,4,0,17,10,2,0,11,4,28,4,0,5,1,2,2,6,17,0,1,0,1,4,1,21,8,0,8,1,14,4,27,2,1,2,24,1,4,11,15,4,2,2,26,6,1,1,0,11,9,1
13,1,9,5,0,21,30,0,11,4,5,0,0,7,0,3,2,2,5,0,0,2,0,23,0,3,0,14,1,14,0,1,0,13,2,0,0,1,4,1,1,0,0,32,2,2,0,1,18,0,0,0,8,0,8,0,0,0,1,58,1,0,4,7,3,0,7,0,8,18,0,0,2,6,12,0,0,4,0,8,14,3,2,37,11,0,0,3,0,0,7,0,1,1,3,0,6,0,29,2,5,2,1,4,0,1,0,3,0,1,0,0,4,0,0,2,9,0,1,12,7,14,0,1,4,0,0,16,0,0,0,1,0,2,3,0,1,9,10,1,0,1,8,10,0,0,2,17,15,1,0,17
10,0,4,0,3,6,20,2,14,1,13,1,0,17,3,6,1,0,3,0,1,6,0,2,0,0,2,21,0,20,1,6,9,13,13,0,0,4,1,0,3,1,32,0,1,2,0,2,8,0,1,2,24,1,17,0,11,1,1,42,0,0,2,0,0,1,5,0,25,18,1,7,0,2,7,1,2,2,0,0,15,2,3,3,25,0,0,4,0,2,2,0,3,0,5,9,26,0,14,4,7,3,1,3,1,2,27,1,0,13,1,0,8,2,2,1,4,1,1,17,17,8,1,0,17,2,2,16,0,3,0,0,0,7,10,0,2,4,6,1,0,1,3,9,4,3,1,29,5,9,0,4
7,1,18,9,6,0,8,0,12,5,2,0,0,0,3,2,3,4,0,15,2,8,0,8,2,1,8,13,3,9,4,0,11,8,11,1,0,3,1,12,2,4,2,1,0,0,8,3,8,1,6,0,1,12,9,0,4,2,4,3,0,1,1,3,1,0,15,4,3,5,1,2,0,4,3,2,3,0,0,9,1,4,1,0,8,4,0,3,10,4,2,1,8,1,1,5,20,6,3,14,14,7,3,4,6,0,22,2,7,3,1,0,1,1,6,13,8,3,0,0,25,7,1,4,4,0,4,3,0,26,0,4,1,7,2,3,0,22,4,3,0,1,1,0,9,9,2,3,9,6,3,5
11,0,0,2,2,5,0,24,3,8,0,4,2,11,23,1,6,0,1,4,4,4,9,1,2,1,0,2,10,6,10,6,27,0,15,6,3,5,7,1,2,0,2,2,0,0,9,4,12,0,1,0,2,20,9,1,1,1,2,0,4,5,7,0,10,3,5,23,4,2,7,3,4,0,1,0,10,3,5,0,2,6,12,0,2,1,6,4,4,5,0,3,0,0,1,2,1,2,1,18,1,0,25,0,0,0,8,0,1,4,1,4,3,3,11,2,0,2,1,2,6,0,4,6,10,0,3,1,1,6,4,13,0,13,8,8,1,3,4,3,0,10,6,13,6,2,8,1,5,11,3,1
7,6,0,6,0,5,0,3,8,4,4,6,0,6,0,0,3,0,2,2,4,8,0,3,4,0,7,6,3,19,9,0,8,0,6,6,6,7,2,8,0,0,0,0,8,9,0,3,12,0,8,1,2,1,2,2,2,3,3,0,3,4,12,0,7,0,0,13,9,1,0,15,1,3,1,0,2,1,0,0,0,5,0,3,2,9,3,2,2,7,1,3,2,2,5,2,9,0,0,4,2,6,3,5,0,0,14,5,2,3,3,0,1,4,1,2,0,0,2,0,6,2,4,1,11,0,11,1,0,2,1,3,0,0,2,1,0,2,6,3,0,0,4,1,10,3,1,0,6,10,0,1
4,2,3,3,1,1,1,10,12,5,0,2,4,10,4,3,4,2,3,28,23,12,18,0,8,11,9,3,3,10,14,6,14,4,3,12,6,9,3,29,0,6,1,2,3,4,3,0,8,0,2,4,2,11,2,8,5,5,6,0,2,4,1,1,12,7,4,3,6,1,3,8,14,1,3,9,3,6,2,6,0,4,21,1,1,0,3,2,7,15,1,3,5,4,1,3,4,6,3,6,0,19,9,2,4,2,2,0,8,15,1,9,2,0,0,6,0,11,5,1,6,2,1,8,5,23,6,12,0,4,8,1,6,1,7,14,4,3,1,2,0,2,6,7,7,22,8,3,5,14,3,0
14,3,9,9,22,18,14,10,3,32,12,4,2,15,13,10,11,3,10,8,3,2,15,7,14,4,4,23,4,7,16,13,8,18,25,18,2,10,13,9,12,4,18,8,8,12,12,8,0,6,10,18,14,10,14,1,17,7,2,34,11,5,15,3,9,3,30,16,19,15,6,19,13,18,2,10,7,11,3,19,26,7,12,7,7,18,21,21,9,25,6,3,15,2,5,21,12,9,17,15,8,12,9,6,8,3,9,14,1,18,0,5,10,4,7,10,14,5,5,6,6,5,9,7,19,10,15,7,0,39,6,33,0,28,20,1,1,16,16,4,0,5,8,16,9,10,10,5,13,17,6,20
2,1,0,0,0,1,0,0,0,0,0,2,13,2,4,2,1,5,0,4,0,0,11,0,0,16,0,0,0,0,0,2,1,0,4,0,37,1,0,3,1,36,0,0,1,0,0,0,6,0,0,0,0,1,0,20,0,36,4,0,1,3,0,0,2,34,6,0,0,0,5,17,5,1,1,58,1,0,12,0,0,2,1,0,0,23,42,0,1,0,0,25,0,13,0,0,0,3,1,1,0,1,9,3,0,18,1,0,9,2,30,12,0,0,4,1,1,7,20,0,0,0,1,3,1,9,1,1,17,0,15,5,76,3,3,1,12,2,1,4,16,10,3,1,14,0,0,0,0,25,0,0
0,5,0,22,16,17,4,5,19,9,4,0,0,10,1,6,2,1,13,2,8,1,2,17,6,0,3,15,3,36,12,2,1,0,9,1,0,5,4,6,10,0,0,1,6,1,8,2,10,0,0,20,1,1,6,1,3,3,2,0,1,5,13,11,11,1,7,5,7,5,4,14,5,0,5,0,5,25,0,0,0,4,3,10,1,2,0,8,4,12,8,0,15,1,3,1,5,2,6,11,8,9,4,14,1,0,11,12,0,1,1,3,16,2,8,3,4,1,0,5,17,5,12,1,18,0,4,4,0,3,0,2,0,12,2,0,2,0,18,2,0,0,4,4,6,5,4,4,21,6,2,10
11,2,14,31,5,7,4,2,3,6,4,1,0,1,1,4,1,0,11,6,2,1,2,17,3,0,3,14,0,6,5,3,0,1,11,2,0,0,9,12,2,0,0,2,0,0,1,4,18,0,20,0,3,1,2,0,12,1,2,9,1,2,15,3,5,0,11,1,6,1,2,9,2,1,3,1,0,5,1,1,2,4,1,14,7,0,1,4,2,7,3,0,2,1,1,17,5,0,3,5,2,7,1,9,0,1,16,2,0,1,1,0,9,0,1,7,5,1,3,11,2,5,3,0,2,1,9,0,0,1,2,0,0,6,16,0,1,0,12,0,0,1,3,12,0,2,1,4,6,5,0,4
25,3,15,9,0,14,21,3,4,19,19,1,0,1,0,1,2,1,19,4,0,1,0,4,0,0,0,19,0,10,0,5,0,5,15,0,1,0,2,2,11,0,8,24,1,2,2,2,14,0,1,3,0,0,14,0,21,0,0,28,0,1,7,12,2,0,2,2,9,21,0,0,2,9,9,0,2,1,0,0,6,1,5,5,4,3,0,1,2,4,16,0,0,0,9,1,7,2,8,8,3,0,1,4,0,1,2,6,0,3,0,0,24,0,0,0,9,0,0,10,8,6,6,2,13,0,0,33,0,2,0,6,0,2,3,0,0,14,2,3,0,0,1,4,0,5,1,15,9,3,0,7
5,10,1,0,3,0,0,2,1,5,0,4,0,1,2,1,2,3,4,1,6,0,0,1,2,4,2,2,1,3,1,8,7,4,2,10,2,17,4,4,3,0,0,1,12,20,1,11,10,1,1,1,0,0,6,3,3,8,12,0,2,8,12,0,11,6,4,12,4,1,8,7,3,4,0,0,7,2,7,26,0,0,3,0,0,12,8,11,3,2,1,0,2,1,1,1,6,2,0,9,0,1,15,2,1,7,6,5,3,1,2,2,0,7,2,10,0,8,2,0,3,1,12,5,6,1,3,1,0,4,4,7,0,7,4,2,3,1,1,13,0,3,5,8,5,0,1,0,2,8,5,4
10,0,50,2,0,4,10,3,3,4,1,2,0,24,3,1,0,0,15,3,0,12,11,7,14,0,0,10,7,10,2,3,0,5,9,5,1,1,6,9,13,0,8,17,9,9,2,2,14,0,6,2,14,6,0,1,3,4,5,59,1,7,12,4,8,0,12,11,7,18,1,7,9,15,13,3,0,23,16,23,39,1,19,5,14,6,2,3,1,7,7,1,8,0,8,14,34,2,31,23,13,8,3,5,2,2,1,2,1,9,0,0,13,1,13,1,11,0,0,5,7,13,8,3,14,0,13,14,0,2,4,1,0,27,22,0,0,19,2,7,0,4,12,5,7,5,1,37,1,4,0,1
0,2,0,0,0,0,0,0,1,1,0,6,25,1,6,0,5,1,0,5,0,1,4,0,2,44,0,2,5,0,1,11,0,4,0,5,22,0,1,1,2,12,0,0,0,1,2,8,1,20,1,0,0,3,1,0,0,16,3,0,4,5,4,0,11,23,1,5,3,0,15,5,6,4,0,53,3,1,25,2,0,0,3,0,0,12,29,6,2,1,0,22,3,15,0,1,0,1,0,0,0,0,1,2,9,24,2,0,19,2,10,11,0,0,3,1,2,5,11,2,1,0,0,2,1,18,1,3,12,0,29,5,31,2,6,4,24,3,0,14,45,16,3,1,38,0,0,0,1,23,8,0
1,7,2,12,12,3,13,6,13,15,4,1,0,20,4,11,9,1,12,1,2,12,9,2,6,0,2,11,6,17,3,4,2,0,4,5,7,5,5,13,21,2,0,11,4,1,2,5,17,0,3,12,21,3,3,0,0,1,3,8,2,12,14,5,5,0,9,10,14,8,10,5,5,5,21,3,4,6,0,1,3,7,2,5,5,2,0,6,1,21,8,3,18,1,5,10,1,0,2,13,11,23,0,5,3,3,9,1,1,5,1,3,6,2,1,9,5,2,1,7,7,7,9,0,10,2,3,0,0,6,4,18,1,5,9,14,2,0,23,5,0,0,11,4,5,7,5,15,9,6,0,3
0,16,0,0,0,0,0,4,0,4,0,24,7,4,6,2,10,24,0,16,6,5,2,0,8,9,3,2,6,1,5,10,9,0,3,5,12,21,4,4,1,10,0,1,2,1,3,5,7,36,3,1,0,8,4,16,1,0,9,0,23,17,9,1,27,41,5,14,1,1,19,23,18,0,0,7,13,0,9,4,0,3,20,2,1,16,12,7,34,23,1,27,5,24,0,2,0,1,0,5,1,4,19,0,24,19,6,1,20,3,26,9,1,6,3,11,5,10,15,0,9,3,1,18,1,21,4,2,15,15,14,4,12,18,4,13,6,0,1,14,6,7,2,1,32,5,5,0,5,32,5,3
1,15,0,4,6,6,0,6,2,10,0,2,0,18,11,4,9,11,5,6,5,2,1,3,5,1,7,2,1,4,6,1,5,0,6,3,2,9,10,4,0,1,1,1,4,2,3,6,2,4,2,2,0,12,5,3,3,9,0,0,7,12,5,1,40,4,0,2,3,0,5,6,7,2,1,0,2,2,3,1,0,1,5,1,0,1,4,3,6,11,4,6,6,0,5,1,5,2,0,3,0,2,12,1,0,6,3,0,4,2,9,8,3,9,3,7,1,11,0,0,4,0,0,13,7,6,12,0,0,8,17,4,3,2,3,5,3,4,11,22,3,0,0,0,4,3,12,1,3,7,1,19
12,0,26,4,0,98,27,0,0,2,32,0,0,0,0,24,0,0,18,0,0,12,4,21,0,0,0,8,0,66,0,0,0,0,45,0,0,2,24,7,61,0,58,42,3,0,0,0,34,0,0,9,28,0,59,0,8,0,0,0,0,0,9,6,0,0,2,0,62,250,0,3,0,11,23,0,0,5,0,0,39,5,1,40,53,0,0,6,4,0,52,0,0,0,0,0,8,0,52,17,44,1,0,1,0,0,0,4,0,7,0,0,11,0,2,1,0,0,0,25,0,25,0,0,41,0,0,50,0,12,8,0,0,0,0,0,0,7,0,4,0,1,0,3,0,0,0,31,8,21,4,11
2,4,0,1,1,0,0,3,0,2,1,12,7,1,14,1,6,10,0,13,1,1,5,0,3,12,1,0,10,2,0,9,10,1,4,8,13,2,1,6,0,2,1,0,0,4,3,2,11,1,1,1,0,2,1,4,2,23,7,0,0,12,4,1,19,5,7,16,7,0,7,9,16,14,1,0,11,0,9,7,0,1,27,0,0,14,36,5,9,8,0,10,2,10,1,1,1,7,0,10,2,3,4,0,20,28,14,0,10,2,6,8,0,2,10,4,0,4,14,3,1,0,2,12,2,6,7,1,2,5,21,6,4,11,10,3,10,1,2,15,0,18,1,5,23,1,18,0,5,10,0,4
0,45,0,11,1,0,0,9,0,4,1,9,0,6,3,3,6,9,3,10,2,10,0,0,9,6,6,9,13,16,2,1,23,0,4,2,1,14,7,12,0,0,0,0,1,5,4,4,5,3,5,2,1,8,7,5,12,17,12,0,12,0,12,0,22,0,0,14,6,0,20,29,8,12,0,0,11,1,3,5,0,6,4,0,3,10,3,8,13,13,2,4,5,0,1,0,3,4,0,12,0,5,10,2,3,4,7,2,4,3,6,9,0,6,16,4,0,6,8,0,7,0,7,21,10,6,1,0,2,10,12,12,1,5,2,19,9,0,9,13,1,6,6,4,2,3,71,1,7,15,6,7
0,6,12,23,13,21,6,8,24,12,6,1,0,16,1,4,13,3,13,4,4,3,1,17,8,3,8,7,0,24,14,4,9,5,28,9,4,11,22,13,8,0,4,2,1,7,12,1,15,0,13,15,7,12,12,4,14,9,5,9,4,12,0,2,16,1,1,14,3,10,3,20,7,8,1,0,2,9,1,10,0,12,10,2,3,2,11,6,6,21,12,2,4,5,6,10,33,12,2,18,5,13,11,20,3,10,16,12,9,6,4,2,0,3,3,26,10,4,2,0,12,3,10,4,26,2,9,3,0,12,16,7,0,12,9,3,14,4,15,3,1,14,7,10,8,8,23,11,8,6,2,12
2,1,1,13,2,17,2,0,4,2,17,1,0,14,0,10,3,3,22,0,2,1,4,5,7,0,4,5,6,11,0,1,0,0,9,1,0,3,6,3,2,0,7,0,3,0,0,1,3,0,11,3,12,0,4,0,5,1,1,6,1,0,2,0,3,0,0,2,9,20,0,9,5,1,9,0,2,7,0,4,3,0,1,17,16,0,2,7,3,9,3,0,3,0,7,0,4,1,19,4,1,2,3,0,0,4,1,0,0,7,0,2,16,0,0,8,4,7,0,21,11,6,0,0,6,0,2,5,0,5,1,1,0,1,2,1,3,10,3,0,0,2,5,3,0,4,4,9,17,11,0,20
2,20,3,9,5,2,5,4,4,10,0,29,6,17,20,1,11,15,19,11,14,8,10,3,5,27,0,5,9,6,8,3,12,1,4,7,5,3,8,7,6,4,3,0,1,10,7,12,9,2,11,5,2,11,8,11,5,27,40,0,19,22,16,3,0,19,4,23,12,11,27,17,24,3,1,1,12,0,2,7,0,11,28,2,4,19,23,18,16,27,1,17,3,7,1,13,7,7,5,3,2,2,4,10,26,8,10,2,21,9,11,17,1,7,11,12,1,27,14,0,6,2,4,18,13,15,8,1,18,6,11,10,3,7,6,2,11,5,9,30,5,3,7,17,39,14,63,1,10,28,14,1
0,2,0,0,0,0,0,6,0,2,4,16,7,4,7,0,2,16,1,15,9,2,1,0,0,16,0,0,0,1,4,4,0,0,0,3,6,2,1,3,0,22,0,1,0,3,0,7,3,34,1,0,0,6,0,23,0,41,4,0,5,0,1,0,19,0,1,1,1,2,9,18,10,10,0,31,0,0,9,2,0,2,10,0,0,11,22,1,7,1,0,34,0,17,0,0,0,6,0,2,0,0,0,0,12,16,4,0,9,1,31,18,0,1,0,1,0,22,29,0,5,0,0,10,1,39,0,1,22,3,28,6,32,3,0,3,14,1,1,21,11,22,0,5,30,4,3,2,2,74,13,1
37,3,10,2,1,3,2,0,6,1,2,7,1,4,5,2,0,0,3,5,0,1,5,8,1,0,5,16,0,14,9,19,3,14,3,0,2,1,3,2,1,20,7,5,15,5,0,4,30,6,7,11,2,4,12,1,9,5,0,2,7,0,1,0,4,1,0,5,21,3,10,31,12,2,8,4,6,1,0,7,34,1,7,0,8,7,26,3,0,1,1,4,4,3,2,1,1,0,15,4,0,11,0,9,9,21,0,2,0,4,3,1,0,0,10,2,8,3,9,0,16,11,0,1,3,1,7,4,0,7,2,1,0,16,31,0,3,36,2,4,0,10,3,7,3,1,0,0,2,9,0,9
3,19,0,7,5,0,0,7,0,14,0,16,6,8,15,6,7,6,0,17,4,1,12,6,1,1,8,3,0,9,6,9,16,2,6,4,1,18,2,16,1,3,0,0,4,23,13,3,16,0,5,1,2,12,11,5,10,14,2,0,16,14,14,2,23,1,5,0,10,2,2,10,18,1,0,2,16,5,17,6,1,6,17,1,5,12,2,9,16,8,4,9,9,10,1,0,5,5,0,15,2,3,3,2,8,3,16,0,7,2,2,6,1,11,4,4,0,1,6,5,8,0,12,16,4,9,6,0,3,9,15,16,0,9,6,1,5,0,6,16,0,23,1,5,4,1,53,4,5,17,20,1
14,1,31,3,5,17,12,2,12,6,4,0,0,16,8,4,13,1,3,9,2,3,0,11,3,3,1,4,1,28,5,11,0,8,3,2,0,4,1,0,4,0,8,25,3,4,9,6,19,0,7,6,9,4,7,3,14,1,3,62,7,6,3,9,12,1,21,10,0,28,3,5,1,4,9,0,5,2,1,10,40,10,18,6,8,6,2,14,4,2,11,0,17,0,14,10,8,2,17,8,9,8,6,8,2,7,3,3,0,6,1,0,3,0,2,13,7,8,1,18,5,0,2,7,11,1,0,4,0,10,1,7,0,5,28,3,1,8,2,13,0,5,6,11,5,2,3,30,15,7,1,8
14,1,26,5,5,31,41,1,4,2,21,5,1,1,0,2,1,1,26,1,7,9,1,12,0,4,1,2,0,46,0,3,0,7,13,1,0,0,6,12,12,0,18,18,5,2,1,1,15,0,5,1,21,1,18,0,8,1,0,250,0,0,10,20,11,2,3,2,28,0,1,8,0,9,12,0,0,5,0,1,32,6,0,38,6,0,3,5,6,1,26,1,6,4,5,7,11,0,26,14,18,10,7,3,2,1,4,1,1,5,0,1,30,0,3,1,8,1,3,7,15,6,5,1,33,0,4,9,0,0,2,6,0,10,6,1,5,7,12,2,0,3,14,6,4,1,1,20,9,11,3,23
0,21,0,3,0,1,1,5,1,1,2,11,2,6,3,0,4,7,2,8,3,0,7,0,6,2,1,0,1,2,0,14,7,0,7,8,7,8,1,9,1,3,0,1,1,7,0,3,6,5,4,2,0,8,1,15,10,19,5,0,7,20,3,0,27,9,10,2,3,1,0,25,12,2,0,0,6,0,5,2,0,2,1,4,2,12,15,12,18,6,0,12,7,27,0,0,0,5,0,4,0,3,1,3,7,6,2,3,17,4,15,14,2,6,13,14,0,21,7,2,4,1,6,8,1,21,1,0,3,3,19,11,1,17,2,15,16,8,3,28,0,4,1,12,10,3,4,1,4,38,7,2
0,29,8,8,11,0,4,6,6,10,2,12,7,20,23,3,15,10,8,19,10,11,9,6,21,9,4,9,4,14,15,21,12,9,11,8,8,9,7,14,3,7,0,7,2,3,15,8,19,17,14,9,0,7,7,5,5,23,6,3,9,29,20,9,17,18,31,10,5,8,25,0,15,13,1,25,14,10,11,7,6,9,14,7,6,21,17,14,12,23,4,6,13,10,3,17,9,11,1,12,2,9,8,7,27,21,33,5,20,9,15,18,7,4,17,5,8,18,13,5,5,4,6,11,7,15,26,4,4,15,12,10,9,13,28,10,12,2,9,22,3,19,13,11,27,15,1,12,19,28,14,10
4,8,33,4,11,4,4,7,4,1,4,8,8,13,5,5,4,2,0,23,8,0,25,3,6,15,7,2,6,5,5,12,11,11,1,3,12,8,2,11,11,6,2,0,0,4,1,14,13,5,5,2,2,3,9,6,5,18,7,0,16,8,7,5,24,10,12,18,1,0,12,15,0,17,4,19,17,2,4,13,0,1,27,1,4,13,29,5,7,15,1,10,0,13,0,4,0,13,3,5,0,0,15,5,17,21,6,6,18,3,11,11,3,15,7,3,0,9,3,7,5,3,3,18,2,11,8,9,6,3,19,5,8,17,22,4,16,1,2,16,2,21,3,10,19,11,1,7,2,6,9,3
4,2,16,1,1,7,10,8,0,3,7,5,0,0,1,0,2,3,5,5,2,1,7,0,0,0,0,9,0,5,8,11,2,16,8,1,0,1,6,3,5,2,6,2,4,0,3,1,18,1,0,1,9,4,15,4,5,0,2,11,14,12,8,1,3,10,2,1,4,9,2,13,17,0,5,1,3,0,1,3,22,4,2,1,7,0,8,0,6,3,16,2,3,3,0,2,7,2,15,8,1,3,11,0,9,11,9,1,0,7,1,1,1,1,7,23,2,2,3,1,6,13,0,6,3,1,1,0,0,3,3,2,0,32,25,10,6,9,3,4,3,11,10,16,7,1,2,9,8,2,7,7
3,0,4,10,10,2,25,7,13,2,5,2,0,3,2,7,0,0,7,2,0,2,1,3,0,0,6,8,1,3,3,4,0,6,19,0,0,0,1,6,1,0,12,7,3,1,1,3,2,1,5,3,9,0,13,0,21,0,1,23,1,0,1,9,1,0,8,0,9,12,0,1,4,5,0,0,0,9,0,3,6,1,0,16,16,0,0,2,0,0,4,1,12,0,6,5,17,0,14,17,8,0,1,32,5,0,0,9,0,13,2,0,24,0,1,2,4,1,0,3,7,2,0,0,5,0,2,35,0,1,0,0,0,3,0,0,0,17,5,0,0,2,2,28,1,1,3,14,21,13,2,2
2,1,0,0,2,0,1,0,0,0,1,1,51,1,28,1,4,14,0,0,7,0,35,0,4,53,6,1,0,1,0,7,1,8,3,11,32,0,0,4,0,49,0,1,2,0,0,9,10,58,0,1,0,0,3,53,3,7,0,0,0,0,0,0,1,31,4,2,0,0,0,25,19,1,0,0,4,0,20,1,0,4,9,0,2,34,33,2,3,0,2,26,1,7,0,3,0,0,2,3,0,0,3,4,27,21,10,4,15,2,45,31,0,1,0,0,5,30,41,0,1,0,3,1,0,23,0,2,22,3,25,2,66,16,15,0,11,12,1,1,33,28,4,12,17,3,0,3,1,17,17,0
0,11,0,2,5,2,0,8,0,4,0,5,1,10,3,4,4,10,1,11,5,4,3,0,4,1,2,4,3,6,0,3,15,0,10,0,1,5,2,13,0,7,0,2,3,10,2,3,7,1,5,0,2,7,0,3,4,13,2,0,11,11,2,2,12,0,6,16,5,0,6,14,17,3,0,4,0,0,4,1,0,1,11,1,1,0,11,11,1,5,3,1,5,0,3,0,0,3,1,12,0,5,3,0,4,2,5,0,2,2,0,16,0,8,6,9,0,8,4,0,1,0,7,12,4,16,6,1,1,2,4,5,3,15,16,1,5,2,3,13,0,7,8,3,0,4,10,3,1,20,8,0
4,1,2,8,7,2,4,4,3,2,19,0,0,3,1,0,1,2,6,0,0,1,1,11,0,0,2,4,0,9,4,1,1,0,4,1,1,0,6,5,11,0,4,2,0,3,1,6,11,0,25,5,1,2,23,1,6,0,2,5,0,1,9,7,0,0,1,5,2,5,0,10,2,0,9,0,0,0,1,0,2,7,9,8,44,3,2,0,0,11,9,0,4,0,6,10,0,0,3,2,5,4,0,21,3,3,1,7,1,3,0,0,30,1,1,6,4,0,0,5,4,2,3,0,4,0,1,4,0,0,1,0,0,1,6,1,1,2,0,0,0,0,0,2,1,1,2,2,10,8,4,3
0,1,0,0,0,0,0,0,0,0,0,16,34,2,10,0,4,14,0,5,0,2,0,0,1,8,0,0,0,0,1,11,1,4,5,3,33,2,2,0,5,5,0,0,0,5,0,2,3,12,0,1,0,7,16,25,0,9,3,0,9,3,1,0,2,9,0,17,1,0,5,11,4,1,0,20,4,1,0,18,1,0,0,0,2,29,10,1,2,0,1,6,0,45,0,0,1,0,0,0,0,1,3,0,4,10,1,0,4,1,11,30,0,1,0,1,0,6,7,2,1,1,2,5,3,52,2,0,12,1,8,0,4,10,14,1,20,1,1,2,22,10,0,5,10,0,1,2,1,7,2,1
10,5,29,3,1,0,5,6,8,0,0,4,0,1,2,3,1,0,6,18,6,2,1,0,6,4,8,7,2,2,1,15,3,19,5,3,2,11,2,9,12,1,8,0,9,0,0,6,19,0,0,1,0,26,23,2,1,4,1,0,7,5,10,4,7,2,7,6,10,1,2,7,13,3,3,1,1,0,18,0,2,3,3,0,1,3,4,6,8,1,0,1,3,3,2,2,0,2,4,11,0,2,9,8,4,19,1,0,2,0,3,3,0,1,13,5,0,2,7,0,4,2,0,2,0,1,1,1,2,13,5,0,1,5,20,8,9,16,7,10,0,15,11,2,7,2,4,0,10,8,2,3
37,0,35,0,0,37,26,0,1,11,9,0,0,3,18,1,0,0,4,0,0,1,9,4,6,3,8,22,1,26,0,2,0,12,5,0,0,0,3,3,1,4,14,15,1,2,0,0,26,0,0,2,6,0,39,0,3,0,0,39,0,0,0,3,0,0,34,1,40,32,0,6,0,22,6,0,0,2,1,2,0,17,0,4,8,0,2,4,0,0,15,1,2,0,4,20,18,0,46,11,15,9,0,15,4,1,1,5,0,43,2,0,2,0,5,0,0,1,1,19,7,4,0,0,5,0,8,13,0,4,1,2,0,29,23,0,0,46,3,8,0,4,6,10,0,0,0,45,1,5,1,5
8,5,13,8,1,12,7,4,2,3,2,1,3,6,3,7,3,0,2,3,2,10,3,8,4,2,12,7,7,10,6,2,1,0,4,2,0,13,10,11,8,4,3,2,4,6,5,4,7,2,4,4,1,0,1,0,7,3,1,5,1,6,12,0,11,2,1,6,10,6,2,9,1,4,1,4,1,7,0,3,17,0,6,2,6,2,1,10,4,3,1,1,6,2,0,10,6,0,7,3,1,6,1,0,6,1,9,1,1,3,1,1,3,0,5,4,4,3,1,3,8,4,4,3,6,0,4,1,0,10,0,5,1,8,0,5,2,8,10,3,0,0,3,1,1,3,1,3,6,3,3,12
10,1,5,6,4,5,6,6,12,2,1,7,12,4,23,9,5,9,7,10,8,4,17,6,2,9,15,4,30,10,2,35,7,4,12,10,7,4,4,2,5,15,2,3,1,12,0,21,12,1,3,1,5,3,19,3,2,20,5,1,27,4,10,1,28,10,7,17,18,0,1,14,27,2,0,9,11,9,0,3,0,6,0,1,6,2,36,8,13,10,4,0,5,13,0,18,1,1,5,7,1,5,19,11,12,18,14,1,11,15,1,8,12,3,1,4,2,9,9,0,2,10,4,2,3,8,18,4,11,6,10,2,6,12,19,4,5,5,2,4,0,29,7,2,8,37,3,17,10,14,8,5
7,1,4,17,2,4,5,0,18,2,3,0,0,9,5,12,1,0,14,2,2,4,1,30,3,0,9,7,0,12,3,9,0,4,8,3,0,0,1,3,1,0,37,3,0,0,3,1,7,0,10,14,5,0,5,0,5,2,1,40,0,0,2,17,2,0,0,1,6,38,4,7,1,1,16,0,1,8,0,0,4,2,1,0,33,1,0,5,2,3,6,0,21,0,8,0,1,2,5,8,21,10,0,2,0,4,1,1,0,0,2,0,24,1,1,3,3,0,1,19,8,10,5,0,4,2,0,14,0,5,0,0,0,4,2,0,2,9,4,0,0,1,8,23,2,6,1,19,13,6,0,19
13,5,7,7,0,10,29,3,17,2,4,0,0,8,3,6,7,2,7,1,2,2,0,9,0,0,7,14,1,7,0,2,0,18,14,2,0,3,7,3,2,0,11,25,8,2,2,1,7,0,1,7,4,0,14,0,5,1,0,53,0,3,3,16,4,0,8,5,8,6,2,6,4,7,16,2,1,44,2,1,8,6,6,33,0,0,6,9,2,6,3,0,10,0,13,2,6,2,14,13,5,8,0,23,0,0,6,3,0,5,1,1,22,0,2,1,1,1,0,17,9,9,2,3,0,2,1,17,0,0,1,0,0,13,5,1,0,15,10,4,0,2,7,15,5,5,12,20,8,4,0,9
2,2,2,0,1,0,1,2,0,3,0,4,34,13,10,1,6,16,0,10,6,0,17,0,2,5,0,0,3,2,11,6,0,3,3,9,38,3,0,4,0,17,0,0,4,1,9,0,18,23,2,0,3,12,6,12,2,16,1,0,14,10,2,0,19,11,7,12,6,0,12,21,13,0,0,34,0,3,29,3,0,2,2,1,0,0,14,1,10,13,0,31,0,45,0,0,0,4,0,0,0,1,1,0,6,19,0,1,8,1,11,2,1,3,3,4,0,4,7,0,0,2,3,7,5,35,0,0,10,3,22,8,11,5,1,1,7,3,2,8,37,8,3,1,24,6,2,0,3,27,26,0
5,7,4,1,1,2,7,5,2,2,0,17,25,1,17,1,0,4,1,8,2,0,31,0,3,38,0,3,3,1,6,8,4,7,2,12,30,0,2,5,3,26,0,0,0,6,3,3,21,42,0,1,0,8,2,29,0,12,4,0,36,3,11,2,23,22,26,2,2,3,15,17,29,8,0,33,11,2,10,4,2,1,36,0,6,14,0,5,16,1,0,25,0,13,1,0,0,4,1,7,0,0,6,3,37,49,4,2,26,3,10,12,0,3,1,3,0,28,13,4,3,1,1,6,1,8,0,2,8,7,30,3,29,14,24,2,14,10,0,26,4,38,5,10,18,2,1,2,5,25,6,1
0,17,3,3,11,8,1,1,14,23,0,2,0,21,7,4,38,8,29,26,4,18,4,3,9,8,4,2,20,10,3,1,9,1,6,3,2,9,11,10,4,0,3,4,3,4,2,2,21,0,8,4,1,11,3,6,6,7,3,6,5,8,6,7,18,1,3,9,14,5,12,14,5,0,2,2,11,0,1,6,4,10,8,5,9,1,5,0,12,13,6,3,8,0,2,3,4,3,1,5,6,2,8,4,2,7,19,5,7,6,2,1,5,2,10,40,1,8,2,5,5,3,2,17,9,6,10,0,1,53,11,10,0,1,5,14,5,14,4,11,0,0,21,6,9,7,10,0,21,15,1,11
0,12,9,1,1,3,0,8,1,5,3,35,3,9,7,0,1,6,2,9,5,5,3,3,6,9,2,0,3,4,19,1,16,1,1,0,5,29,7,6,0,2,0,0,10,4,2,7,9,1,4,2,2,3,1,2,1,34,6,4,9,13,6,3,16,7,0,16,4,6,18,12,7,6,0,3,1,0,2,8,0,4,13,2,2,10,16,12,0,5,0,8,4,14,2,2,1,6,0,16,2,4,18,1,6,9,5,1,11,4,4,3,0,18,10,6,0,8,16,0,5,3,1,26,8,9,2,0,0,22,14,10,1,8,2,9,7,0,2,12,0,1,3,2,17,2,6,1,5,10,4,6
0,15,0,15,29,4,0,18,7,20,1,21,0,13,8,7,43,3,9,7,12,7,9,2,3,5,11,19,10,10,17,2,5,0,9,18,1,4,5,6,8,0,0,2,4,5,7,15,25,0,12,7,4,2,7,1,21,23,11,0,8,13,21,9,27,1,1,8,2,1,6,23,15,3,0,0,5,11,0,1,0,3,10,3,6,13,1,13,5,0,4,5,5,2,9,0,3,6,5,10,3,4,23,4,17,2,8,12,2,11,2,6,3,6,2,14,0,21,8,1,21,2,13,3,6,4,21,0,1,12,4,14,0,13,5,4,1,1,17,22,0,11,7,14,11,12,23,6,13,30,8,3
15,0,9,13,8,23,20,0,6,0,15,0,1,3,4,4,4,0,8,2,2,3,1,12,1,0,7,12,8,28,0,5,4,7,6,1,0,2,1,12,4,0,7,2,2,0,1,1,6,0,8,3,16,1,7,0,8,1,4,52,0,2,12,3,1,0,1,4,11,26,0,4,1,16,4,2,3,9,1,0,15,1,4,6,3,0,0,6,0,4,0,0,2,0,2,4,0,1,19,12,19,10,3,4,0,0,10,11,0,6,0,1,9,0,6,0,10,1,0,17,1,4,12,2,10,0,5,2,0,4,0,5,0,0,0,5,1,0,3,4,0,7,8,7,9,3,1,8,17,2,5,2
0,5,0,0,1,0,0,3,0,0,0,12,14,5,10,1,1,14,0,4,3,0,9,0,4,22,0,0,5,1,2,4,7,3,2,7,14,8,1,2,2,12,0,0,1,3,3,3,3,25,0,0,0,0,1,22,3,27,6,0,10,4,2,0,17,34,4,9,0,1,12,6,10,2,1,26,1,0,6,1,1,1,0,0,0,31,25,3,8,5,0,0,0,44,0,0,1,0,0,2,0,1,6,2,11,12,1,0,8,0,18,16,0,1,1,6,0,19,16,0,0,1,1,11,2,12,0,4,9,3,30,0,14,4,1,2,14,0,0,17,93,2,1,1,65,0,3,0,1,29,14,3
26,6,13,15,1,4,4,1,6,6,8,5,0,21,4,7,15,7,4,10,10,4,3,5,10,3,3,19,8,19,3,2,7,3,14,1,0,8,2,12,0,0,1,3,8,0,2,5,15,0,15,2,0,2,8,3,18,5,6,0,2,5,4,3,3,0,4,9,17,6,7,13,0,3,12,1,5,4,0,3,2,6,5,21,10,0,0,8,4,5,2,0,0,8,11,7,7,6,10,22,4,7,1,6,1,0,5,5,0,9,1,2,19,3,2,38,15,3,0,4,17,9,14,4,6,0,5,4,0,8,11,21,2,8,7,7,2,1,9,9,0,4,10,0,0,4,8,1,16,8,0,12
0,5,0,1,0,0,0,4,1,0,1,21,11,2,6,1,6,13,0,2,11,0,4,0,0,24,1,0,0,1,1,2,2,1,3,13,21,3,0,1,1,20,1,0,1,0,2,4,2,13,1,1,0,1,0,15,1,24,0,0,10,0,5,0,7,17,3,10,0,4,27,10,13,3,0,7,0,0,45,3,0,2,13,0,0,45,13,0,14,2,0,44,8,0,0,2,0,0,1,0,0,2,1,1,14,16,5,0,9,3,5,11,0,4,0,5,0,17,19,0,0,1,1,20,1,24,6,0,23,2,17,1,17,10,2,4,15,4,0,5,14,7,1,2,28,3,1,0,3,15,4,2
9,0,4,5,4,1,6,0,1,2,5,0,0,5,1,1,1,0,18,0,2,1,0,8,3,0,4,4,1,11,0,1,0,0,16,1,0,0,4,4,2,0,3,5,1,1,5,1,5,0,3,1,9,1,8,0,5,0,5,0,1,1,6,7,1,0,2,1,14,5,0,3,0,0,6,0,3,6,0,2,4,0,0,8,13,0,1,2,2,9,2,0,11,0,0,6,6,0,18,1,17,11,3,3,0,0,2,4,0,2,0,0,34,1,1,1,13,0,0,1,8,3,6,2,5,0,4,4,2,1,0,1,0,0,5,0,3,2,11,7,0,0,0,3,5,3,2,0,2,1,0,0
4,7,0,13,1,0,12,5,3,2,3,0,3,0,6,6,4,0,4,2,10,3,16,17,6,7,6,5,5,30,4,11,4,0,13,6,1,2,2,6,4,0,0,9,5,2,2,3,21,0,1,17,1,1,14,1,10,2,1,0,1,0,10,0,13,0,1,0,10,7,0,17,4,2,5,3,0,10,0,2,20,10,18,0,2,0,0,3,2,0,4,0,7,2,6,0,10,0,9,20,6,11,0,17,5,1,6,10,1,6,1,0,19,0,3,1,28,0,0,6,0,3,2,1,6,0,5,0,0,0,1,6,5,10,5,6,2,17,9,4,0,1,15,9,0,8,0,11,6,22,0,1
22,0,10,15,0,5,5,1,5,14,1,0,0,6,3,5,1,1,5,0,0,6,1,4,1,3,3,2,2,12,14,1,0,1,10,2,0,2,0,6,1,0,6,26,20,1,9,4,12,0,5,5,7,6,34,0,1,0,5,8,1,3,33,4,7,0,1,5,8,11,0,9,0,7,17,0,0,0,1,0,18,6,1,1,6,0,0,4,1,3,0,1,7,0,6,10,0,1,12,8,0,15,6,1,4,1,7,7,1,4,0,1,4,1,2,7,13,0,0,2,22,7,4,2,3,0,4,2,0,1,2,5,0,12,2,0,0,0,3,2,0,0,7,0,0,0,4,12,5,0,0,10
0,7,0,3,1,1,0,11,0,4,2,3,0,7,4,1,0,2,0,4,10,1,1,1,1,5,3,0,3,6,3,0,5,0,4,3,1,5,3,3,5,0,0,0,6,2,0,6,9,3,2,0,2,2,2,1,0,1,2,0,7,4,12,1,7,6,0,5,2,0,5,11,13,2,0,0,3,0,0,2,0,0,1,2,2,4,4,3,6,6,1,0,6,0,0,0,1,0,0,8,0,1,12,1,0,0,7,7,0,6,6,5,1,0,2,3,6,11,3,0,6,6,2,6,3,10,1,0,0,12,6,4,1,15,0,2,7,0,6,5,3,2,6,0,2,16,1,4,4,13,5,9
35,0,23,4,7,15,27,0,9,0,7,0,0,3,9,2,0,0,7,4,2,0,3,2,8,1,11,29,0,15,0,0,0,16,3,1,0,0,0,3,1,2,29,14,3,1,0,3,17,1,6,3,8,0,31,0,2,0,0,52,0,0,2,19,5,0,15,0,17,26,0,1,3,15,14,2,1,3,0,4,46,7,5,5,14,0,1,1,0,5,19,0,10,1,18,9,12,0,0,21,14,2,0,13,6,0,0,3,1,2,0,0,21,0,7,0,1,3,0,8,4,19,0,0,14,0,2,23,0,0,2,3,3,6,26,0,2,14,7,0,0,1,16,2,1,1,0,18,5,10,0,5
5,11,9,18,16,10,52,11,8,29,11,2,0,18,5,10,8,11,4,4,4,16,7,13,2,2,3,11,3,39,4,14,4,5,22,1,1,23,16,8,7,1,2,4,14,18,4,6,15,1,11,5,8,9,23,0,13,5,3,17,10,12,18,4,3,2,4,15,8,14,4,12,5,8,17,3,12,2,0,11,11,3,7,8,13,0,7,5,16,10,12,2,22,0,1,20,8,8,21,0,9,4,8,4,1,2,16,7,0,8,0,3,20,16,10,9,8,7,3,1,20,16,5,10,14,1,3,9,1,36,3,8,0,18,14,2,0,5,7,18,0,5,16,7,4,24,10,11,2,14,1,26
1,0,12,8,7,5,12,9,1,2,9,2,0,2,3,14,1,0,13,4,0,14,3,14,4,2,2,16,1,6,1,0,18,2,3,0,0,0,1,6,6,0,5,7,14,1,2,0,8,0,8,2,3,0,13,0,11,1,0,44,2,0,5,1,2,0,0,2,9,18,0,2,0,1,8,0,0,5,0,0,15,1,1,21,5,0,0,6,2,3,19,0,4,0,17,6,0,0,14,9,0,5,0,3,0,0,1,4,1,9,0,0,15,1,0,0,4,1,0,7,12,9,4,0,2,0,7,7,0,4,0,0,0,0,5,0,1,3,9,2,0,0,6,1,0,7,2,3,2,5,0,10
7,5,2,7,14,10,17,1,1,21,5,1,0,3,1,7,7,1,7,5,1,4,0,17,8,0,3,12,3,20,0,10,2,3,12,1,1,2,7,4,0,0,2,3,7,0,6,19,12,1,9,7,0,1,8,0,23,4,2,1,3,5,13,2,2,0,11,3,8,10,3,9,0,3,0,0,5,4,1,2,9,6,5,10,8,1,0,2,4,4,10,1,7,2,11,11,15,1,2,4,5,0,3,8,3,1,5,4,2,9,3,1,13,2,5,7,9,2,0,4,6,2,8,0,5,0,4,5,0,2,3,0,3,3,20,2,4,11,3,5,0,0,7,11,3,5,1,3,3,4,0,3
0,14,11,10,4,0,1,2,2,4,1,8,0,4,13,2,4,3,0,4,9,2,0,6,6,1,2,2,7,9,5,22,3,7,5,2,0,7,22,3,2,4,1,1,3,25,3,9,9,9,4,1,1,15,3,1,0,19,12,0,4,10,11,3,4,0,0,3,6,7,1,8,15,11,1,3,3,0,3,9,0,1,19,0,0,1,6,8,18,23,3,6,1,1,3,0,6,12,0,8,0,3,0,1,1,8,1,0,1,5,2,4,0,3,12,6,0,2,5,2,6,0,2,22,4,1,0,5,4,21,8,5,0,30,1,4,6,8,5,8,15,19,2,7,3,8,0,0,6,10,3,6
15,1,4,8,9,6,9,5,9,5,1,0,1,8,0,5,1,1,5,5,6,6,4,8,1,2,11,0,0,12,5,0,1,9,7,0,1,2,3,2,8,0,4,3,4,0,5,2,6,3,14,9,4,2,5,2,5,0,1,1,0,2,20,0,10,0,9,2,8,3,3,7,5,0,32,4,0,21,0,8,15,0,11,2,23,0,3,4,1,4,4,2,6,1,3,17,1,1,13,4,3,8,1,0,1,0,2,8,0,7,2,0,15,1,5,1,0,10,0,0,11,0,7,0,4,0,2,19,0,2,1,6,2,5,4,0,0,19,6,5,0,3,3,3,6,3,4,5,17,7,2,7
0,14,8,0,2,0,0,2,0,1,2,5,18,2,17,0,10,2,0,12,5,1,8,0,10,17,4,2,0,2,1,5,2,1,2,4,7,5,1,2,1,17,0,1,6,0,0,4,8,0,1,0,0,1,2,9,3,24,0,0,20,3,3,0,26,12,9,8,2,2,7,27,17,9,5,27,4,3,4,4,4,6,12,0,0,6,37,2,6,17,0,11,1,14,0,5,4,0,6,1,0,3,1,1,0,29,4,0,11,2,20,8,1,2,3,4,1,20,15,2,1,0,4,16,0,5,2,2,0,10,17,6,10,3,5,3,3,4,3,13,0,13,3,6,25,9,3,1,2,16,6,2
0,5,5,0,0,0,2,1,0,3,4,12,13,2,10,5,4,20,1,19,0,0,14,0,4,25,0,3,3,6,0,25,3,7,1,17,29,2,1,7,0,10,1,2,0,0,0,2,3,18,0,1,1,7,2,24,3,19,6,0,28,4,10,4,8,16,21,3,7,1,6,21,21,11,0,21,2,3,10,19,1,1,18,4,0,19,49,7,9,2,0,12,0,16,0,1,1,0,0,2,0,1,8,0,29,0,1,1,12,2,9,4,0,5,3,4,10,23,25,1,0,4,0,26,0,4,3,2,7,0,39,3,24,15,7,10,13,2,2,16,2,30,0,6,48,14,0,1,2,31,9,7
1,9,0,15,8,2,0,9,8,16,0,1,2,2,7,5,3,5,7,8,5,13,1,5,2,4,7,8,2,32,2,3,23,0,15,3,0,14,6,12,0,2,0,27,22,8,14,2,9,1,11,16,2,6,1,2,9,6,3,0,14,7,16,1,10,4,0,16,3,4,2,33,6,9,0,10,5,1,1,1,1,9,14,1,6,0,4,19,5,8,10,1,5,5,2,6,7,7,0,16,1,5,1,2,4,1,0,2,2,17,1,1,9,11,5,23,3,0,1,3,5,1,10,2,25,1,8,2,2,25,3,16,2,12,2,0,4,0,15,9,0,1,5,2,3,3,4,6,10,9,0,6
1,2,1,4,4,1,3,4,8,9,11,0,1,6,9,3,1,1,4,0,0,1,3,7,1,4,4,11,0,15,12,3,4,0,2,2,0,2,1,0,2,0,3,1,2,0,5,0,14,0,12,2,6,5,2,0,1,1,0,4,0,2,12,0,2,0,2,0,3,1,3,5,6,1,9,4,0,7,0,0,5,1,1,1,3,1,2,5,1,12,11,0,5,0,4,10,7,7,3,7,4,4,0,8,0,1,2,0,0,2,0,0,19,1,0,4,6,2,0,2,3,1,1,0,7,0,4,2,2,2,1,4,2,3,1,1,2,10,4,1,0,2,5,10,0,1,4,3,6,10,0,1
3,10,0,1,1,1,1,2,1,0,0,1,11,6,6,0,2,6,1,6,2,1,1,1,3,24,1,0,3,0,2,3,3,0,1,2,16,3,2,5,0,11,0,0,7,1,2,8,1,9,0,0,0,3,1,19,1,20,4,0,10,4,9,0,21,9,0,7,0,1,17,20,18,0,0,15,2,1,4,2,0,1,11,0,0,8,26,7,11,2,0,8,0,9,0,1,1,0,1,0,1,2,1,0,11,12,2,0,0,1,11,3,0,5,0,0,2,15,7,0,7,1,1,11,0,6,9,1,3,15,28,3,7,12,1,4,15,2,1,22,0,7,0,1,5,0,1,0,0,26,4,2
1,1,8,3,9,15,30,3,16,17,19,0,0,5,7,5,16,2,2,3,10,5,2,0,10,1,8,5,2,8,3,4,2,8,3,4,1,5,10,8,2,4,1,13,3,4,3,15,18,2,1,1,3,1,9,2,5,3,2,7,2,3,6,7,9,1,4,2,6,5,4,9,3,7,13,2,2,3,1,0,43,3,15,0,5,1,3,6,4,11,6,0,9,3,2,6,4,6,2,8,9,9,5,7,2,2,17,2,1,0,2,0,1,2,2,9,3,1,0,5,8,2,0,3,5,2,6,1,0,8,2,14,2,4,1,5,0,7,6,4,0,3,2,5,10,18,2,8,3,9,1,20
0,8,3,0,0,0,0,1,1,0,0,12,21,2,13,0,20,8,1,1,0,0,13,0,9,42,7,0,0,2,0,2,5,1,0,0,21,2,2,3,3,28,0,1,1,1,3,1,0,30,1,1,0,2,0,10,1,26,9,0,6,6,4,0,11,31,3,2,1,0,15,15,11,1,2,45,0,0,11,3,2,1,1,2,1,11,10,2,4,2,0,18,1,5,0,1,0,6,0,0,0,3,2,2,20,9,1,0,11,2,0,10,0,4,4,0,2,17,19,0,2,0,3,9,0,11,2,0,20,2,37,6,17,3,0,5,17,4,0,13,49,13,4,5,21,5,7,0,1,8,3,0
0,9,0,0,7,1,5,3,0,2,0,14,22,7,6,1,0,12,0,3,4,0,18,0,8,2,0,2,3,3,0,10,1,0,3,2,24,5,2,5,2,4,0,0,0,4,0,9,5,12,3,0,0,2,0,11,3,9,8,0,8,9,2,2,17,18,1,6,0,1,14,18,11,1,0,31,16,0,30,3,0,1,8,0,1,2,12,1,3,6,1,16,2,11,0,0,1,5,0,3,0,1,4,0,8,4,1,0,3,0,10,0,1,2,2,2,0,5,8,0,1,0,8,4,0,12,0,0,10,1,14,0,24,5,1,4,4,1,2,7,35,10,2,3,6,8,1,1,0,20,8,2
18,2,5,11,8,1,12,11,0,2,24,1,0,5,0,2,0,0,14,0,1,4,3,7,3,0,3,15,2,13,11,12,1,2,9,4,0,0,4,1,5,0,4,8,1,3,1,2,10,0,16,9,24,0,13,0,6,1,3,11,0,0,0,16,1,0,0,1,3,30,2,7,3,1,24,0,0,30,0,0,2,3,12,24,22,1,0,5,0,3,9,0,19,0,34,19,4,1,21,20,15,13,0,15,1,0,9,19,0,1,0,1,0,0,1,1,12,0,0,22,9,11,4,0,2,2,0,6,0,2,0,0,0,9,2,3,1,6,5,1,0,0,4,2,0,3,0,0,15,11,1,2
0,8,0,2,3,0,0,12,1,2,1,3,4,4,2,1,6,1,0,2,8,0,1,0,3,3,3,1,2,2,4,0,3,0,0,3,0,8,6,3,0,5,0,2,1,3,4,0,4,0,2,0,0,7,1,0,2,6,9,0,2,6,3,0,7,1,0,11,0,0,6,4,15,1,0,1,8,1,1,1,0,0,3,1,0,3,3,2,18,6,0,1,3,4,1,0,1,0,0,16,1,2,3,1,2,5,11,1,5,2,4,2,0,0,5,3,1,9,1,0,4,0,3,7,5,11,4,0,0,9,9,1,0,3,0,7,12,1,7,16,0,0,10,4,4,1,8,0,1,5,3,4
3,6,11,6,2,2,11,5,9,2,3,1,3,5,5,6,4,3,7,11,0,5,10,2,16,8,2,1,4,7,6,2,6,6,4,8,1,14,6,5,1,1,0,2,6,11,1,0,7,4,8,1,0,2,13,3,1,3,3,2,10,16,3,0,11,0,10,4,2,3,13,17,7,7,1,0,6,1,0,13,5,5,1,1,2,3,1,10,10,2,6,1,2,0,1,3,2,2,7,10,0,5,12,5,3,3,5,0,0,2,4,2,1,5,0,19,4,8,0,1,7,1,1,21,5,0,8,3,0,11,3,7,1,3,6,3,12,10,11,6,0,0,1,1,8,1,3,0,5,12,3,0
0,8,8,5,5,6,4,6,7,16,1,9,0,7,2,0,33,5,31,10,5,1,2,13,35,0,5,2,9,19,15,9,3,0,19,4,1,24,3,27,0,2,2,1,13,2,2,6,10,1,3,7,0,10,1,1,9,11,7,1,4,4,26,8,12,1,2,4,13,1,14,5,3,23,2,0,9,6,1,5,0,4,4,3,1,4,3,40,6,14,0,6,38,5,1,1,7,3,0,9,0,7,6,1,4,4,23,4,0,9,0,2,1,3,19,0,0,11,2,1,12,11,5,1,4,5,3,0,0,20,6,16,0,30,4,8,4,4,9,12,0,15,9,1,2,8,6,1,4,14,4,20
19,0,2,2,5,8,0,0,0,1,13,0,0,2,0,1,1,1,6,6,0,0,5,12,1,5,0,7,5,10,0,0,1,7,2,0,1,0,0,5,5,2,9,4,8,0,0,0,14,1,4,5,9,0,11,2,5,5,1,0,0,0,10,4,1,0,8,0,7,8,0,8,0,2,4,5,0,4,0,0,0,4,2,3,1,0,0,1,0,0,10,0,15,0,13,28,13,6,1,8,4,9,0,0,1,10,3,6,2,3,2,0,12,1,4,0,0,1,0,1,3,2,2,1,5,1,6,14,0,0,1,8,2,0,14,1,0,11,9,11,0,2,1,7,2,0,0,12,7,4,2,11
2,9,9,1,5,1,3,7,10,5,3,6,5,8,18,1,12,12,1,4,5,0,9,5,1,18,9,1,2,1,3,24,23,1,0,5,10,11,4,22,1,6,0,1,3,2,0,11,5,7,1,1,0,8,0,5,2,10,11,0,4,6,4,7,27,22,3,1,8,1,21,18,9,2,1,30,8,0,6,2,1,3,9,0,1,4,28,8,8,21,1,19,3,17,0,0,0,11,3,7,1,2,2,10,20,23,0,2,15,1,17,5,0,9,8,11,1,0,7,0,7,1,0,20,0,26,1,0,5,12,27,3,14,3,1,11,22,19,5,24,0,14,1,10,18,6,1,1,2,23,13,3
2,7,3,0,1,0,0,0,3,0,0,7,16,2,9,0,1,13,0,11,2,0,9,0,1,41,3,0,1,3,0,1,1,1,0,1,29,7,0,3,0,17,1,1,0,1,2,5,5,20,0,3,0,2,0,11,1,15,0,0,14,8,2,0,14,29,9,6,1,3,7,13,3,3,0,41,4,0,7,7,1,1,9,1,0,7,13,2,16,8,0,16,0,19,0,0,0,3,0,3,0,0,5,0,15,25,1,0,7,0,19,8,0,1,0,2,0,7,0,0,3,0,1,23,3,24,2,2,9,1,17,1,26,1,4,4,21,0,2,3,3,13,4,3,25,7,4,0,0,13,9,0
3,0,7,7,1,10,39,0,0,1,6,0,0,4,2,4,0,0,16,10,3,1,5,22,0,0,1,21,1,15,0,10,0,5,5,1,0,0,4,3,4,0,12,17,0,2,0,1,6,0,5,11,10,0,5,2,7,0,0,25,3,0,0,21,0,0,0,5,18,7,2,5,7,1,3,0,0,5,2,0,19,3,0,19,17,0,4,5,0,1,17,0,4,0,1,6,2,0,8,1,7,4,2,0,2,1,3,2,0,5,0,0,22,0,1,1,1,0,0,0,2,3,6,0,5,0,0,1,0,2,0,0,1,1,0,0,0,4,3,3,0,0,2,8,0,4,0,15,24,6,0,21
5,4,1,11,13,6,12,7,10,41,27,3,0,11,3,2,4,3,30,5,7,10,2,13,5,1,4,4,6,13,3,6,18,3,7,3,0,16,6,13,7,1,7,17,25,6,6,6,6,0,17,2,8,3,7,1,7,9,4,0,1,7,12,11,6,5,16,8,5,15,4,5,5,6,7,1,1,4,1,4,7,8,2,8,9,0,3,5,5,21,1,0,17,0,8,0,22,6,4,20,12,6,6,11,1,0,5,3,7,8,2,1,9,4,7,12,3,7,3,2,0,29,14,2,22,6,1,4,0,13,2,18,2,9,4,4,7,1,3,11,0,2,1,2,6,4,5,10,21,20,3,42
3,0,24,8,6,4,4,6,0,5,12,0,1,5,0,5,1,0,9,0,1,7,0,8,11,0,1,8,1,6,3,4,5,0,10,2,0,4,0,3,11,0,14,8,7,0,2,2,5,0,5,5,6,1,13,0,7,3,0,25,0,0,3,6,2,0,11,0,0,6,1,4,3,13,2,0,0,2,1,2,4,4,10,10,9,2,1,3,3,2,4,1,9,1,3,3,7,6,19,16,9,2,0,0,0,4,1,1,1,2,0,0,11,0,1,11,2,1,0,3,29,0,4,1,5,1,0,6,0,12,0,3,0,5,1,0,2,4,4,1,0,1,1,2,0,2,2,4,13,2,1,9
0,5,0,5,4,0,2,8,8,12,0,1,0,7,0,9,10,4,1,2,3,1,0,2,1,1,2,13,24,4,0,20,2,0,4,0,0,3,3,4,2,1,0,1,1,4,4,1,9,1,12,3,6,12,8,0,9,1,0,0,2,7,10,0,4,0,0,12,2,5,6,6,3,0,0,3,7,3,2,0,0,4,4,5,2,3,1,2,1,13,12,1,14,1,6,2,4,2,0,5,4,8,2,7,4,0,10,1,1,0,3,8,4,3,1,5,2,0,1,6,14,4,0,4,4,5,2,0,0,5,1,11,0,2,4,2,0,1,8,0,0,1,3,1,8,9,2,2,6,6,1,1
8,34,1,1,2,1,0,1,0,6,0,16,1,5,3,1,12,12,2,17,3,2,4,3,7,11,0,0,11,4,2,0,10,0,2,7,24,36,12,7,0,4,1,0,4,6,1,8,7,3,1,0,2,5,3,2,0,18,13,0,12,21,4,0,18,10,1,16,7,1,8,11,18,6,0,1,12,0,5,2,0,3,2,0,3,7,6,17,26,3,2,11,4,20,2,1,2,6,0,10,0,0,22,0,16,26,2,0,11,3,9,4,0,7,21,1,1,20,23,0,2,1,4,0,1,17,5,3,1,3,31,16,0,6,2,5,11,0,11,24,0,13,2,1,31,2,15,0,2,17,8,6
1,3,3,11,7,6,0,6,3,15,3,4,0,4,4,11,5,0,8,2,5,4,3,8,2,0,3,7,0,17,0,1,18,0,6,0,2,7,7,4,12,1,4,17,4,10,11,5,19,1,18,2,13,6,14,1,10,1,7,41,2,10,26,6,13,1,3,4,11,33,1,7,2,3,5,0,4,4,3,0,5,6,3,4,0,5,1,9,8,6,10,2,6,1,5,6,3,3,14,14,2,5,4,4,0,0,25,7,0,5,0,0,2,5,5,4,5,0,3,5,22,5,4,1,0,1,2,0,0,6,1,12,0,2,9,1,0,11,15,10,1,2,5,0,5,0,9,5,2,11,12,17
1,6,0,1,1,0,0,3,0,3,1,14,10,0,10,1,1,9,2,10,3,0,7,2,8,34,0,0,8,0,1,0,8,1,1,18,30,2,5,7,0,21,0,2,0,0,0,23,10,9,0,1,0,1,0,18,2,21,6,0,6,6,2,0,15,39,1,9,1,0,21,15,11,1,0,23,16,0,52,1,0,0,8,2,2,35,8,6,9,4,0,12,0,24,0,0,0,10,0,1,0,0,1,0,5,4,1,0,6,2,11,12,2,11,0,5,1,26,24,0,6,1,5,17,1,0,3,3,19,10,15,4,6,6,2,1,16,0,0,28,39,5,1,6,6,1,5,2,5,13,28,4
0,0,4,1,10,0,4,2,3,2,3,11,9,16,0,2,0,8,4,12,11,3,10,2,9,2,2,0,5,8,5,21,5,0,2,4,3,1,4,10,1,8,0,2,4,3,11,6,15,1,4,9,0,3,13,1,3,4,12,0,7,1,9,2,8,0,7,6,0,4,1,26,8,1,2,0,6,1,2,1,8,4,18,0,1,0,0,10,2,21,5,0,5,6,4,5,4,1,2,3,7,4,0,2,2,3,8,4,9,6,2,0,0,4,8,3,6,1,2,0,1,0,2,5,2,3,0,0,0,3,13,14,8,0,1,1,4,1,1,9,0,4,8,11,6,11,2,3,15,6,0,1
3,0,5,7,5,8,10,0,1,6,8,0,0,2,8,4,0,1,2,0,0,4,0,10,0,0,4,10,1,19,9,3,0,0,15,3,0,0,0,7,7,0,16,16,3,1,1,12,7,1,4,0,33,1,14,3,0,2,0,50,1,0,3,5,1,1,4,0,4,9,0,4,9,0,35,2,1,4,0,1,13,1,4,14,17,0,2,0,0,0,2,4,4,0,4,0,2,0,23,9,7,5,5,19,2,2,2,2,1,1,0,0,6,0,3,0,14,0,2,1,4,6,0,3,0,3,0,0,0,4,3,1,0,5,0,0,2,2,1,0,0,4,1,3,16,4,0,4,19,2,6,17
0,2,0,0,0,0,0,1,0,0,0,5,17,2,0,0,0,4,0,1,1,1,2,0,0,20,1,1,0,0,0,0,5,0,2,1,26,3,0,0,0,8,0,0,0,1,0,0,0,17,0,0,0,0,0,12,0,15,0,0,2,2,0,0,18,22,0,3,0,0,3,4,6,0,0,22,1,0,12,2,0,0,11,0,0,10,8,1,0,1,0,9,0,23,2,0,0,0,0,1,0,0,4,0,0,7,2,2,3,0,20,10,0,0,0,0,0,5,9,0,0,0,0,1,0,19,0,0,0,2,12,0,23,7,2,1,1,0,1,9,76,0,0,2,2,4,6,0,2,8,4,0
0,12,12,3,11,1,8,7,10,18,4,14,0,12,2,11,19,11,3,16,4,4,0,10,26,8,8,4,4,17,7,2,12,0,1,4,1,15,21,32,2,1,0,3,26,6,2,4,39,0,3,1,2,4,2,0,6,15,8,12,5,10,12,5,6,3,7,9,10,0,3,15,3,3,1,3,2,0,1,13,4,10,6,5,0,3,7,53,22,12,4,3,8,2,1,0,1,12,0,36,4,2,21,2,10,0,25,2,15,8,2,1,2,9,11,20,0,12,1,2,13,12,5,3,6,10,3,4,2,0,4,43,0,8,3,3,8,20,13,25,0,3,7,3,5,5,5,7,11,20,4,12
0,13,0,0,0,1,1,5,1,4,1,16,2,3,8,2,10,9,0,10,8,0,7,0,11,37,2,6,4,1,9,7,9,2,2,2,20,11,2,2,2,14,0,0,0,4,1,8,6,15,0,2,0,4,4,29,4,14,17,8,21,12,16,1,11,28,2,15,1,2,19,12,19,3,0,25,4,1,8,5,1,0,10,0,1,22,30,11,14,4,0,30,11,17,0,1,2,6,2,3,0,3,8,1,17,39,3,1,28,2,37,14,0,9,3,6,1,27,17,0,2,0,1,31,1,15,13,3,12,4,0,8,16,6,5,7,26,0,1,12,9,25,2,2,39,3,5,0,6,41,7,3
2,7,12,3,15,1,0,12,9,23,3,3,2,11,5,3,20,6,2,3,3,14,0,5,6,4,8,1,6,12,12,1,21,0,9,2,0,7,5,17,3,4,1,0,4,13,3,1,33,5,2,0,6,7,1,5,18,4,4,0,6,12,7,1,10,6,1,16,7,6,11,10,5,2,0,2,5,0,0,0,2,5,2,0,0,8,3,10,10,14,5,0,21,1,1,6,5,4,3,8,0,0,5,6,6,3,16,4,3,14,6,0,0,1,7,16,8,3,1,0,18,3,11,16,12,4,14,1,0,43,8,0,0,3,13,6,5,4,7,12,0,1,2,0,3,5,1,1,4,8,4,12
0,0,3,1,0,0,1,0,0,0,0,0,37,0,8,0,0,15,0,4,3,0,16,0,7,22,0,0,0,2,0,3,6,3,1,13,33,0,0,4,1,27,0,0,1,0,0,6,0,76,0,0,0,0,0,31,1,12,3,0,4,1,0,0,3,32,0,0,0,0,1,9,8,0,0,66,3,0,4,1,0,1,6,0,0,11,29,0,1,0,0,14,2,17,0,5,0,1,3,0,0,3,0,2,10,24,2,2,7,2,17,24,0,0,1,0,2,14,26,1,2,0,0,0,0,6,8,0,23,0,16,0,0,3,3,3,9,2,1,13,50,39,0,1,3,1,0,0,2,25,15,0
0,2,5,7,2,9,8,19,5,17,1,9,6,16,18,4,13,1,7,1,8,3,2,2,5,18,0,8,0,9,6,48,3,7,11,0,0,5,6,6,5,2,2,7,7,13,0,1,28,3,12,6,2,7,27,2,5,18,2,0,11,5,12,1,7,3,16,9,5,10,17,13,17,32,3,16,15,1,10,5,29,8,12,4,13,5,14,1,8,13,0,4,8,10,0,10,12,15,6,18,0,3,30,5,3,15,12,3,12,4,3,5,9,3,3,30,0,3,1,1,9,5,2,6,2,6,0,5,7,8,6,3,3,0,25,3,9,6,10,9,0,9,12,23,4,3,9,4,2,4,6,6
16,1,30,2,4,6,4,1,8,3,12,4,2,28,21,8,3,0,9,4,1,0,10,11,9,1,1,9,17,15,2,55,0,16,21,5,4,1,3,20,3,1,3,10,2,8,2,7,20,3,2,16,3,4,22,6,9,4,3,0,10,2,9,2,6,0,31,6,28,6,2,28,22,25,0,15,16,6,14,20,23,0,19,2,5,1,24,5,2,5,0,1,7,2,5,5,2,0,26,14,5,20,1,4,5,7,2,1,1,1,0,1,2,0,6,4,14,1,4,0,4,1,4,2,9,2,1,0,2,3,5,13,3,25,0,1,0,33,21,11,0,15,24,17,0,6,3,3,19,16,0,2
0,5,0,0,10,0,0,0,3,11,2,3,1,2,4,0,16,13,1,1,0,0,7,3,4,2,1,1,0,4,0,2,21,0,2,1,2,11,2,2,0,2,0,0,3,8,1,14,1,1,0,0,0,2,0,4,14,13,5,0,3,19,3,1,2,3,0,1,3,1,15,10,4,10,0,0,1,1,1,8,0,5,4,0,1,1,2,14,9,4,5,2,7,4,0,6,0,2,0,2,0,2,4,0,3,10,0,1,4,5,5,4,3,7,3,8,1,11,4,0,4,0,2,5,1,1,1,0,1,3,7,6,3,3,1,0,13,0,1,19,0,3,3,0,1,4,2,0,4,8,2,0
0,18,0,2,2,2,0,0,4,2,0,5,0,5,5,2,4,7,0,4,1,2,2,3,5,17,1,2,10,5,3,1,9,0,3,4,11,2,3,3,1,24,1,2,0,1,0,4,1,12,2,1,0,3,0,24,2,6,3,0,10,9,14,3,11,14,3,5,1,5,16,12,16,6,0,11,5,1,20,9,0,2,5,2,0,7,14,5,7,1,1,14,2,15,3,2,0,7,2,0,1,4,6,0,3,13,4,2,15,0,17,4,1,12,12,4,0,22,21,0,7,2,0,11,0,16,4,2,1,8,26,5,9,9,0,13,0,2,9,12,0,6,2,0,18,6,5,1,4,14,10,3
17,2,25,4,3,10,18,0,18,3,8,3,0,5,5,4,4,2,10,2,5,2,2,6,0,1,9,3,0,11,0,6,0,24,2,0,0,6,4,4,1,1,9,4,22,3,2,3,16,2,0,0,14,1,19,3,0,0,4,7,1,0,4,10,5,1,36,0,8,7,8,2,1,9,17,12,2,2,1,16,46,8,5,9,15,3,10,14,0,1,0,0,1,4,2,17,0,0,14,5,3,11,8,19,4,2,0,10,2,7,4,1,6,1,10,4,11,19,0,4,1,4,1,0,11,0,1,2,0,20,0,4,2,6,33,0,2,0,1,5,0,5,13,6,0,8,4,18,12,6,2,7
0,4,2,19,3,20,2,6,17,10,12,3,0,18,0,17,11,2,23,7,2,9,0,14,22,0,8,8,2,27,7,3,8,0,11,10,0,7,23,13,6,4,10,6,4,4,6,1,16,1,18,12,2,1,2,0,23,1,11,0,2,9,15,3,9,1,2,6,2,12,3,9,2,3,5,1,3,0,1,7,3,10,2,4,10,2,0,4,2,17,3,0,9,0,11,9,3,6,7,7,9,3,5,6,3,2,15,4,1,6,0,2,5,7,11,9,9,5,2,3,3,4,8,11,15,0,1,1,1,13,1,7,1,10,21,1,9,1,0,11,0,0,9,7,4,5,6,6,5,5,5,22
3,31,7,2,8,2,1,5,7,10,1,6,6,4,18,1,13,23,3,17,11,8,7,3,10,18,2,4,5,4,2,27,25,3,5,2,3,18,13,8,3,11,1,1,3,3,3,2,4,4,2,0,3,13,7,14,5,14,22,4,15,13,3,0,30,21,4,16,13,2,28,22,16,4,0,1,13,0,2,10,8,3,4,0,4,8,26,11,12,22,4,17,9,5,7,4,2,5,0,18,2,5,8,5,13,16,9,1,22,4,13,7,1,16,6,12,11,24,3,3,11,1,0,24,10,28,9,0,9,25,12,12,13,9,11,19,12,5,11,0,0,20,7,1,13,8,12,7,5,14,12,2
0,0,0,0,0,0,1,0,0,0,4,5,16,1,4,0,0,10,0,0,0,0,1,0,0,12,0,0,0,1,3,0,0,5,0,0,41,0,0,2,0,15,0,0,0,0,0,0,0,16,0,0,0,0,0,45,0,6,3,0,0,1,1,0,5,11,0,0,0,0,0,3,2,3,0,33,0,0,22,0,0,0,0,0,0,37,4,0,0,0,0,93,0,14,0,0,0,3,0,0,0,0,15,0,0,2,0,0,0,0,49,35,0,0,0,0,0,0,3,0,0,0,0,0,1,39,0,0,76,0,9,0,50,0,0,0,0,0,0,0,0,3,0,5,11,0,0,0,0,8,0,0
2,2,24,3,0,3,10,18,0,3,0,3,9,6,15,1,4,5,2,4,1,0,11,3,3,7,1,6,0,3,1,38,2,11,3,19,15,8,0,4,1,4,1,1,1,10,0,2,5,10,0,1,0,3,4,16,0,7,0,1,18,6,14,2,3,22,10,23,5,3,4,19,21,11,2,28,7,0,10,15,4,0,29,1,2,8,38,0,1,11,7,2,4,7,0,1,0,2,1,5,0,0,19,3,13,30,1,2,7,3,13,10,0,0,0,15,2,14,13,0,2,1,1,13,2,5,4,4,0,3,25,1,39,9,15,3,6,5,0,20,3,0,9,13,53,7,6,12,3,33,4,2
4,1,7,8,2,12,11,11,2,2,0,7,4,13,1,9,13,4,13,11,1,5,8,10,15,2,15,16,21,11,5,5,7,10,3,2,0,0,7,9,2,2,8,3,1,6,4,6,8,3,4,3,1,5,12,3,11,2,0,0,1,6,7,5,7,0,3,1,6,14,1,13,3,10,2,4,8,0,0,11,6,3,7,8,7,3,5,21,3,7,8,1,10,1,0,15,7,6,16,16,6,7,2,3,3,0,5,5,0,2,4,2,4,10,1,9,1,1,4,2,1,1,3,2,5,1,8,1,0,7,2,2,0,12,24,3,2,13,9,7,0,9,0,4,1,8,5,0,3,14,5,2
7,4,5,8,7,5,17,4,4,0,9,9,4,10,29,3,6,1,4,2,3,5,22,0,0,1,0,4,1,4,1,28,3,2,10,6,0,1,3,2,9,2,10,9,0,13,1,7,16,1,4,12,4,8,5,1,4,1,0,3,5,4,10,3,17,5,7,5,11,6,12,11,10,16,28,12,3,2,5,2,10,1,2,23,15,1,10,6,2,14,7,1,0,2,3,9,0,0,2,7,1,11,7,3,6,6,2,10,1,5,5,3,2,4,1,1,7,10,3,8,2,2,1,1,0,6,11,3,2,3,2,0,1,23,17,0,0,6,7,1,5,13,4,0,7,2,1,20,4,12,15,2
3,15,0,4,5,4,2,4,0,4,0,20,4,11,6,9,8,14,1,13,5,4,5,5,0,14,5,7,2,7,6,7,5,4,5,6,43,9,7,12,2,26,0,4,9,6,10,7,9,14,6,0,0,5,7,38,5,32,4,0,23,2,8,0,39,30,3,4,5,4,10,27,19,7,1,17,0,1,10,7,0,1,8,2,5,24,18,9,17,11,9,65,0,28,5,0,0,2,1,4,0,3,3,6,25,48,3,0,5,10,21,6,0,4,8,2,2,18,25,0,6,0,8,31,5,6,6,16,2,5,39,3,3,4,0,1,18,0,4,13,11,53,1,7,0,4,3,4,1,57,2,4
1,4,0,9,0,14,5,3,1,4,0,0,0,9,11,4,9,9,4,6,5,13,7,11,3,6,3,13,5,14,0,3,5,0,2,5,1,4,7,12,0,6,0,3,9,2,3,22,10,0,5,2,5,0,5,0,7,5,3,0,1,3,8,4,14,4,1,1,2,1,3,15,11,1,1,3,4,1,0,2,0,3,37,6,5,6,2,7,2,12,3,0,4,3,3,8,0,16,1,24,7,5,8,3,9,14,3,1,0,18,5,8,3,1,1,8,0,6,7,4,4,2,9,2,0,1,11,4,4,5,3,5,1,3,6,4,6,8,5,8,0,7,8,2,4,0,5,4,19,8,9,7
0,24,0,3,2,0,0,17,1,6,0,3,0,10,1,4,8,3,4,12,5,2,1,3,2,6,4,2,3,2,1,0,24,0,6,0,2,2,3,8,1,1,2,1,2,8,1,8,10,0,4,1,1,1,1,0,5,5,12,0,18,71,23,4,63,3,0,53,3,1,4,1,1,2,3,0,10,2,1,4,0,1,3,1,12,2,1,10,6,23,1,3,8,1,2,0,4,1,0,10,2,1,0,4,3,0,4,4,1,2,7,1,0,8,3,6,0,1,4,0,5,2,2,15,9,5,2,0,6,5,5,1,0,9,3,2,5,4,6,12,0,6,5,1,3,5,0,0,4,12,17,4
43,0,18,3,0,42,23,2,0,0,8,0,0,17,2,7,0,0,18,0,3,13,2,10,0,0,0,5,0,23,0,4,0,6,17,4,0,2,5,5,17,1,17,29,3,1,0,3,5,0,4,4,15,0,37,0,15,0,1,31,0,1,11,9,1,2,0,4,30,20,1,12,7,9,14,3,3,2,2,0,45,3,17,19,20,0,2,0,1,6,8,0,1,0,0,11,12,4,18,11,3,3,0,5,1,1,6,3,0,8,0,1,0,0,0,1,12,1,0,15,10,4,2,0,5,2,3,4,0,7,0,1,0,4,3,0,1,18,6,7,0,12,0,20,4,4,0,0,10,12,0,14
8,6,0,18,6,15,7,7,0,1,16,2,0,11,3,5,6,3,16,12,1,12,1,32,10,3,1,8,1,15,6,18,1,0,15,1,0,5,0,14,2,0,15,5,9,5,6,5,13,0,21,6,9,2,1,1,9,5,3,8,5,7,8,17,10,2,2,5,15,9,4,19,2,8,21,1,1,10,1,10,1,6,10,13,8,3,5,21,5,13,17,1,16,3,2,6,5,4,5,2,2,3,6,17,2,2,10,6,0,3,1,0,15,1,5,4,7,2,0,24,21,13,6,2,2,5,15,19,2,11,6,4,2,2,19,4,4,12,5,5,0,3,3,4,1,19,4,10,0,6,2,3
2,18,9,5,6,12,8,14,7,6,10,21,8,22,35,11,10,23,1,15,7,14,21,3,26,25,10,6,2,4,9,26,14,2,9,15,19,17,8,8,3,11,1,9,6,11,10,14,17,25,6,5,3,8,4,23,6,32,7,21,10,15,6,11,28,74,9,17,7,11,38,28,6,2,13,17,20,8,7,8,5,3,14,6,4,27,25,15,10,30,2,29,8,15,1,22,0,13,10,14,5,4,10,7,16,31,9,10,26,9,8,20,11,5,12,14,4,23,13,6,20,2,6,17,11,13,6,2,8,20,41,8,25,4,16,8,14,6,5,14,8,33,14,12,57,8,12,12,6,0,11,11
0,19,3,1,5,2,2,1,3,6,0,8,0,5,15,1,3,1,1,11,14,1,10,0,0,9,1,7,7,1,3,1,9,0,3,12,4,0,0,3,1,9,0,0,3,3,0,3,6,0,2,0,0,5,0,8,0,5,1,4,0,6,2,0,14,13,0,20,1,3,7,14,9,7,2,17,8,4,2,2,1,3,8,0,0,26,6,1,4,8,5,14,0,4,0,0,0,5,0,1,0,0,3,2,6,9,0,0,4,1,3,8,1,3,3,4,2,13,9,0,3,1,1,8,12,28,0,6,4,4,7,4,15,6,0,2,10,2,5,12,0,4,5,15,2,9,17,0,2,11,0,0
10,1,0,38,3,20,2,0,0,10,20,1,0,15,0,12,5,0,15,3,2,2,1,22,20,2,3,16,8,19,8,0,2,0,34,0,1,3,11,6,23,1,17,4,5,1,1,0,20,0,10,4,7,4,1,0,3,3,19,11,4,7,12,20,1,1,9,1,8,23,2,10,3,7,2,0,0,3,1,3,5,12,5,19,9,0,1,11,6,3,2,3,12,2,0,1,10,9,5,26,10,3,6,7,2,7,6,1,2,20,0,2,2,4,0,20,11,3,0,21,42,9,1,6,17,4,1,17,0,12,3,12,0,6,2,0,3,7,22,2,0,2,2,2,4,7,4,14,3,11,0,0
