Ant4,Ant260,Ant52,Ant244,Ant397,Ant540,Ant6,Ant9,Ant26,Ant30,Ant60,Ant72,Ant74,Ant102,Ant158,Ant191,Ant196,Ant227,Ant245,Ant252,Ant329,Ant518,Ant604,Ant673,Ant954,Ant0,Ant1,Ant12,Ant13,Ant17,Ant20,Ant23,Ant27,Ant35,Ant43,Ant48,Ant51,Ant53,Ant54,Ant62,Ant70,Ant71,Ant81,Ant96,Ant97,Ant105,Ant109,Ant111,Ant112,Ant115,Ant117,Ant124,Ant126,Ant137,Ant159,Ant172,Ant175,Ant178,Ant186,Ant190,Ant194,Ant206,Ant215,Ant219,Ant220,Ant229,Ant242,Ant243,Ant250,Ant251,Ant256,Ant264,Ant289,Ant301,Ant324,Ant331,Ant334,Ant342,Ant347,Ant380,Ant390,Ant398,Ant475,Ant476,Ant482,Ant556,Ant560,Ant564,Ant576,Ant580,Ant607,Ant610,Ant614,Ant621,Ant650,Ant663
0,49,0,0,0,0,2,0,0,0,3,0,0,0,0,0,37,0,0,2,0,0,0,1,0,8,4,3,0,1,0,0,17,0,0,5,2,0,1,0,0,0,13,0,0,0,1,0,1,1,1,12,45,0,0,0,3,0,1,0,20,0,0,1,0,6,0,8,0,9,1,0,0,1,3,2,0,26,0,12,1,0,5,3,40,6,16,0,0,0,0,0,0,14,8,8
49,0,1,0,3,1,22,2,8,0,4,0,2,0,1,0,33,1,0,15,2,0,1,3,3,14,19,4,2,0,3,0,41,0,1,21,0,1,13,1,6,0,35,2,5,1,14,6,6,1,14,54,27,1,3,2,11,0,2,0,16,0,6,0,1,5,0,8,0,14,19,0,0,1,1,1,0,33,0,88,1,0,23,6,74,11,63,1,1,0,1,1,0,19,32,30
0,1,0,1,12,6,0,19,19,6,5,5,3,0,13,2,27,11,0,21,1,0,0,12,2,3,12,21,1,1,13,9,10,1,0,13,11,13,5,0,12,11,11,6,6,16,9,2,7,4,4,0,4,0,26,17,4,0,8,6,20,0,27,2,1,4,4,5,0,3,10,15,11,4,2,4,5,14,1,2,8,1,5,4,5,4,5,0,0,0,0,1,2,16,3,17
0,0,1,0,0,11,0,1,2,2,3,0,13,0,1,1,2,0,0,2,6,0,1,0,2,0,0,3,1,11,0,1,0,1,0,1,0,3,0,3,1,1,0,9,1,3,1,0,3,5,0,0,0,1,0,0,0,5,0,0,0,8,0,0,1,0,0,0,0,0,0,5,2,2,1,0,2,0,4,0,0,0,0,0,0,0,0,0,4,0,4,2,1,0,0,2
0,3,12,0,0,3,0,6,6,19,7,7,0,0,13,13,8,10,0,3,1,0,1,2,2,0,9,7,4,4,1,8,9,5,5,20,12,8,0,3,7,0,9,21,15,0,4,1,5,1,5,2,3,5,0,13,1,2,3,0,3,2,18,0,9,11,2,18,0,2,6,8,1,6,7,6,4,7,0,0,5,5,1,4,6,1,5,1,5,0,2,3,0,10,3,25
0,1,6,11,3,0,0,3,2,11,3,5,13,0,2,2,9,0,0,2,13,0,5,3,2,0,1,0,1,0,3,2,1,8,11,0,5,8,0,13,2,2,0,4,3,2,2,1,0,3,1,0,1,13,6,1,1,4,0,1,0,0,0,2,10,1,9,4,0,0,9,9,2,5,1,2,6,0,7,0,1,7,0,0,0,0,0,15,8,2,3,4,6,0,0,1
2,22,0,0,0,0,0,1,2,0,5,0,0,0,0,0,5,0,0,2,0,0,0,1,0,6,4,6,0,0,1,0,3,0,0,0,0,0,12,0,1,0,10,0,1,0,3,0,0,0,0,4,7,0,1,0,0,0,0,0,2,0,8,0,0,9,0,2,0,2,0,0,0,0,0,0,0,16,0,4,1,0,0,2,13,1,5,0,0,0,0,0,0,9,4,5
0,2,19,1,6,3,1,0,9,1,11,1,0,0,29,2,10,13,0,8,2,0,0,5,2,2,3,9,0,4,11,4,6,1,2,7,6,4,3,1,12,2,4,11,9,5,12,4,3,3,2,0,5,2,8,19,2,4,7,3,1,3,6,5,4,2,0,2,0,2,5,0,3,12,5,7,4,3,0,2,16,0,0,5,3,1,6,0,1,0,0,0,0,0,2,6
0,8,19,2,6,2,2,9,0,6,18,0,3,0,2,3,23,4,1,18,6,0,0,19,4,2,20,10,5,6,6,18,5,1,2,13,6,4,2,2,5,8,10,22,6,9,22,0,6,1,2,2,16,0,5,14,1,1,10,0,2,1,28,1,0,11,3,12,0,1,28,9,2,4,9,3,3,18,0,3,7,12,1,3,2,12,10,0,3,0,2,3,0,16,5,36
0,0,6,2,19,11,0,1,6,0,4,6,4,0,8,6,5,1,0,0,1,0,0,2,5,0,3,6,1,13,3,5,3,6,4,4,11,2,1,0,0,2,3,19,10,8,2,6,1,11,2,0,1,8,18,7,1,4,1,9,0,5,4,6,6,7,5,7,0,0,28,0,8,1,12,2,11,0,2,0,0,6,0,13,1,2,1,5,4,2,6,15,4,0,1,2
3,4,5,3,7,3,5,11,18,4,0,4,8,0,6,5,12,12,0,9,6,0,1,2,15,6,22,10,12,13,9,0,5,2,1,16,18,10,6,3,14,8,22,6,45,4,10,13,3,6,3,2,13,0,3,8,7,8,5,5,3,3,11,1,3,30,1,20,0,3,7,3,3,11,6,16,4,11,1,4,2,7,19,8,2,6,7,5,7,2,2,5,6,9,21,16
0,0,5,0,7,5,0,1,0,6,4,0,0,0,10,3,41,4,0,0,0,0,0,2,1,0,7,1,6,5,2,0,4,0,10,4,4,10,0,0,5,1,6,1,2,8,0,4,0,15,0,0,0,0,0,8,0,1,0,10,0,4,10,3,4,1,0,11,0,0,0,14,3,9,7,2,12,2,1,2,1,3,6,1,0,0,0,0,5,0,5,0,4,0,0,5
0,2,3,13,0,13,0,0,3,4,8,0,0,0,9,6,2,1,0,1,6,0,0,0,3,0,0,2,15,0,3,2,2,8,0,1,4,12,0,14,0,8,1,9,4,5,2,0,3,16,0,0,0,1,2,1,0,4,0,0,0,1,4,0,6,2,18,1,0,0,0,4,2,0,1,0,7,0,13,0,1,16,0,1,0,0,0,4,8,6,3,25,12,0,1,7
0,0,0,0,0,0,0,0,0,0,0,0,0,0,0,0,0,0,0,0,0,0,0,0,0,0,0,0,0,0,0,0,0,0,0,0,0,0,0,0,0,0,0,0,0,0,0,0,0,0,0,0,0,0,0,0,0,0,0,0,0,0,0,0,0,0,0,0,0,0,0,0,0,0,0,0,0,0,0,0,0,0,0,0,0,0,0,0,0,0,0,0,0,0,0,0
0,1,13,1,13,2,0,29,2,8,6,10,9,0,0,0,1,3,1,7,0,0,1,0,10,4,3,7,10,1,1,7,3,14,1,2,6,7,1,12,3,8,3,8,8,6,5,1,3,5,0,0,3,16,5,1,0,0,2,1,0,9,0,3,24,2,8,2,0,0,0,2,14,0,2,3,6,2,7,0,7,6,0,1,2,3,0,2,9,1,4,19,2,0,5,4
0,0,2,1,13,2,0,2,3,6,5,3,6,0,0,0,2,1,0,6,3,0,0,0,4,0,0,10,11,2,2,3,4,4,16,6,7,9,1,4,3,1,2,0,9,9,7,0,4,21,4,3,2,3,13,5,3,17,0,2,1,0,11,6,8,4,5,6,0,0,4,2,3,6,2,4,1,2,1,0,3,3,2,4,1,11,0,0,6,1,2,6,0,1,0,2
37,33,27,2,8,9,5,10,23,5,12,41,2,0,1,2,0,5,0,26,2,0,0,16,5,24,20,24,19,4,9,1,33,1,7,52,13,9,11,4,17,5,21,1,4,8,11,17,6,3,13,32,49,0,2,9,13,3,12,10,31,1,26,2,1,20,0,22,0,9,9,3,0,9,8,10,2,46,1,69,4,0,27,25,49,19,38,2,8,1,0,0,6,43,56,14
0,1,11,0,10,0,0,13,4,1,12,4,1,0,3,1,5,0,2,2,0,0,0,9,2,0,5,12,2,0,17,2,13,5,0,27,14,6,3,2,16,8,15,3,5,15,18,1,6,6,6,0,5,0,19,46,3,1,8,0,7,0,8,1,1,11,0,5,0,5,2,4,2,11,3,10,8,1,0,13,6,1,4,0,8,1,4,0,3,0,0,0,2,6,0,25
0,0,0,0,0,0,0,0,1,0,0,0,0,0,1,0,0,2,0,0,0,0,0,0,0,0,3,1,0,0,1,0,0,0,0,0,0,0,0,0,1,0,0,0,0,0,0,0,0,0,0,0,1,0,0,0,1,0,4,0,0,0,2,0,0,0,0,0,0,0,1,0,0,0,0,0,0,4,0,0,1,0,0,0,0,0,3,0,0,0,0,0,0,1,0,0
2,15,21,2,3,2,2,8,18,0,9,0,1,0,7,6,26,2,0,0,0,0,0,1,4,9,27,22,5,4,4,1,12,0,4,14,3,1,8,1,16,5,24,2,4,3,15,1,2,1,3,3,20,0,10,3,13,3,4,2,13,1,20,3,5,13,0,10,0,1,7,1,2,7,5,5,0,22,1,0,1,0,1,8,4,8,4,1,3,0,0,3,2,30,10,25
0,2,1,6,1,13,0,2,6,1,6,0,6,0,0,3,2,0,0,0,0,0,0,1,9,2,0,2,1,10,2,0,0,6,0,1,0,6,1,3,0,41,0,8,1,10,2,2,1,13,0,0,1,3,0,1,1,6,0,0,0,8,18,1,0,0,18,3,0,0,1,3,0,1,2,3,6,1,1,0,2,6,0,0,1,0,0,7,13,4,2,5,0,1,1,1
0,0,0,0,0,0,0,0,0,0,0,0,0,0,0,0,0,0,0,0,0,0,0,0,0,0,0,0,0,0,0,0,0,0,0,0,0,0,0,0,0,0,0,0,0,0,0,0,0,0,0,0,0,0,0,0,0,0,0,0,0,0,0,0,0,0,0,0,0,0,0,0,0,0,0,0,0,0,0,0,0,0,0,0,0,0,0,0,0,0,0,0,0,0,0,0
0,1,0,1,1,5,0,0,0,0,1,0,0,0,1,0,0,0,0,0,0,0,0,0,0,0,0,1,0,3,0,5,0,2,2,0,0,4,0,0,0,0,0,0,0,13,2,0,0,0,0,0,0,1,0,0,0,1,0,0,0,0,0,3,0,0,3,1,0,0,0,1,3,1,1,0,8,0,36,0,1,3,0,0,0,0,0,12,3,24,10,4,36,0,0,0
1,3,12,0,2,3,1,5,19,2,2,2,0,0,0,0,16,9,0,1,1,0,0,0,2,3,1,3,0,0,20,2,13,0,0,15,3,0,23,0,16,0,17,1,15,2,10,0,6,1,3,2,7,0,2,8,3,0,5,0,0,0,21,0,0,5,0,5,0,7,1,0,0,5,0,5,0,15,0,3,6,0,2,0,5,4,7,0,1,0,0,0,0,2,2,12
0,3,2,2,2,2,0,2,4,5,15,1,3,0,10,4,5,2,0,4,9,0,0,2,0,0,1,5,21,10,14,2,1,6,0,1,7,3,0,8,2,14,2,2,10,13,0,5,8,6,2,0,0,3,6,5,1,35,0,2,0,16,5,3,3,3,6,5,0,2,1,14,0,6,12,4,0,0,3,1,2,16,1,0,0,0,0,14,9,4,6,16,21,5,1,2
8,14,3,0,0,0,6,2,2,0,6,0,0,0,4,0,24,0,0,9,2,0,0,3,0,0,11,9,0,0,1,0,16,0,0,11,0,2,13,0,1,0,19,0,1,0,5,14,0,0,0,17,25,0,0,5,1,0,8,1,10,0,1,0,0,6,0,5,0,2,1,0,0,0,0,7,0,58,0,7,2,0,1,6,6,7,8,0,0,0,0,0,1,29,9,16
4,19,12,0,9,1,4,3,20,3,22,7,0,0,3,0,20,5,3,27,0,0,0,1,1,11,0,16,5,0,11,1,15,0,0,16,6,4,15,0,4,0,21,11,5,0,22,2,5,0,9,12,10,0,6,2,9,2,11,2,12,0,27,0,0,8,0,4,0,0,24,3,0,4,3,5,0,17,0,3,7,4,8,23,8,16,16,0,0,0,0,1,4,24,18,26
3,4,21,3,7,0,6,9,10,6,10,1,2,0,7,10,24,12,1,22,2,0,1,3,5,9,16,0,4,6,7,3,14,7,1,20,10,2,11,2,9,0,27,12,9,15,19,7,6,10,2,0,13,6,9,27,11,5,8,3,18,6,16,5,7,3,0,15,0,2,10,6,7,11,7,15,8,15,0,4,10,2,9,2,9,24,5,0,6,1,6,3,3,14,21,31
0,2,1,1,4,1,0,0,5,1,12,6,15,0,10,11,19,2,0,5,1,0,0,0,21,0,5,4,0,14,6,0,2,7,0,1,4,6,0,2,0,4,10,20,5,11,4,4,3,4,7,0,0,2,9,5,3,8,0,2,0,3,12,1,12,8,1,5,0,0,4,5,0,4,13,1,3,1,1,1,0,5,0,0,0,1,0,1,9,7,11,16,1,4,0,0
1,0,1,11,4,0,0,4,6,13,13,5,0,0,1,2,4,0,0,4,10,0,3,0,10,0,0,6,14,0,0,1,1,3,1,3,4,5,0,8,3,19,0,5,3,15,2,1,3,1,2,0,2,2,0,1,1,7,0,0,0,9,3,1,9,3,0,7,0,0,1,9,0,3,5,6,4,2,0,0,0,1,0,0,0,0,0,7,11,2,2,6,10,1,0,0
0,3,13,0,1,3,1,11,6,3,9,2,3,0,1,2,9,17,1,4,2,0,0,20,14,1,11,7,6,0,0,1,5,2,2,11,4,6,7,3,6,5,4,6,9,9,9,4,6,2,1,0,8,3,8,23,36,6,6,2,1,0,13,0,0,9,1,8,0,9,4,6,3,18,2,4,3,4,0,34,21,1,1,3,3,1,9,0,7,0,0,1,1,9,8,8
0,0,9,1,8,2,0,4,18,5,0,0,2,0,7,3,1,2,0,1,0,0,5,2,2,0,1,3,0,1,1,0,0,0,7,4,12,2,2,0,9,0,2,1,3,4,5,0,2,13,1,0,0,4,14,3,0,5,0,0,0,0,0,4,3,1,9,3,0,0,0,0,30,3,16,3,6,1,6,0,12,2,0,0,1,0,0,1,0,0,16,2,10,1,0,7
17,41,10,0,9,1,3,6,5,3,5,4,2,0,3,4,33,13,0,12,0,0,0,13,1,16,15,14,2,1,5,0,0,3,3,12,1,3,7,3,20,4,11,0,4,5,20,1,7,4,11,27,21,1,4,8,2,0,1,3,16,0,16,0,1,10,1,9,0,18,2,2,0,4,4,12,0,13,0,25,9,0,4,11,45,2,24,0,1,0,0,0,0,24,22,24
0,0,1,1,5,8,0,1,1,6,2,0,8,0,14,4,1,5,0,0,6,0,2,0,6,0,0,7,7,3,2,0,3,0,5,1,0,11,0,5,0,2,1,9,10,12,0,0,2,8,1,0,0,8,1,1,2,7,0,3,0,13,3,8,16,3,6,1,0,0,1,5,5,0,15,4,6,3,3,0,3,7,0,1,0,1,0,2,10,7,1,18,12,1,1,0
0,1,0,0,5,11,0,2,2,4,1,10,0,0,1,16,7,0,0,4,0,0,2,0,0,0,0,1,0,1,2,7,3,5,0,3,7,11,0,1,0,0,2,4,5,21,3,0,0,14,0,0,4,3,3,1,3,18,0,0,0,0,5,7,6,7,17,3,0,0,0,0,0,1,5,3,30,1,3,0,1,10,0,0,0,0,0,0,2,1,7,9,7,0,0,1
5,21,13,1,20,0,0,7,13,4,16,4,1,0,2,6,52,27,0,14,1,0,0,15,1,11,16,20,1,3,11,4,12,1,3,0,6,2,14,1,15,4,31,3,1,3,21,2,11,6,8,12,17,0,10,14,12,2,21,3,10,0,24,2,4,12,1,6,0,2,10,0,5,7,2,8,0,18,0,16,11,2,9,14,14,7,11,1,2,0,4,1,1,22,30,23
2,0,11,0,12,5,0,6,6,11,18,4,4,0,6,7,13,14,0,3,0,0,0,3,7,0,6,10,4,4,4,12,1,0,7,6,0,1,1,3,0,1,14,10,8,5,4,4,4,12,2,4,6,0,17,10,4,3,5,0,4,1,8,7,7,2,12,6,0,0,10,1,4,8,12,5,9,9,2,2,8,2,0,8,6,2,1,0,3,1,1,1,2,4,3,15
0,1,13,3,8,8,0,4,4,2,10,10,12,0,7,9,9,6,0,1,6,0,4,0,3,2,4,2,6,5,6,2,3,11,11,2,1,0,0,7,6,1,2,17,49,16,4,9,2,3,0,0,6,7,11,12,3,5,11,6,0,2,8,5,11,8,4,7,0,3,6,13,7,6,8,1,9,5,4,3,3,11,1,0,2,0,0,3,6,15,3,16,4,0,0,4
1,13,5,0,0,0,12,3,2,1,6,0,0,0,1,1,11,3,0,8,1,0,0,23,0,13,15,11,0,0,7,2,7,0,0,14,1,0,0,0,12,0,10,0,0,5,7,3,0,3,2,16,12,0,0,15,4,0,5,0,2,0,2,0,0,4,1,1,0,2,2,1,0,3,1,0,1,34,0,11,4,0,3,2,3,6,18,0,0,0,1,0,0,15,4,19
0,1,0,3,3,13,0,1,2,0,3,0,14,0,12,4,4,2,0,1,3,0,0,0,8,0,0,2,2,8,3,0,3,5,1,1,3,7,0,0,0,3,2,1,3,5,0,0,0,4,1,1,2,5,2,0,4,3,3,0,0,18,1,0,7,2,0,1,0,0,2,8,1,4,7,0,5,1,1,1,9,4,0,0,0,0,0,4,4,0,0,5,5,1,0,2
0,6,12,1,7,2,1,12,5,0,14,5,0,0,3,3,17,16,1,16,0,0,0,16,2,1,4,9,0,3,6,9,20,0,0,15,0,6,12,0,0,10,27,0,8,5,29,4,12,2,13,0,22,2,10,43,3,0,17,0,10,0,11,1,1,3,0,14,0,21,19,3,0,4,0,7,0,5,0,10,23,0,2,3,15,4,15,0,1,0,0,0,1,4,4,18
0,0,11,1,0,2,0,2,8,2,8,1,8,0,8,1,5,8,0,5,41,0,0,0,14,0,0,0,4,19,5,0,4,2,0,4,1,1,0,3,10,0,6,15,5,12,8,5,1,1,3,1,0,0,5,9,4,3,3,0,0,15,4,0,6,5,1,1,0,0,6,2,0,2,3,4,0,1,0,8,12,3,1,0,1,0,0,0,6,1,0,0,1,4,0,5
13,35,11,0,9,0,10,4,10,3,22,6,1,0,3,2,21,15,0,24,0,0,0,17,2,19,21,27,10,0,4,2,11,1,2,31,14,2,10,2,27,6,0,6,13,2,14,11,7,1,9,10,37,0,6,11,8,3,11,3,15,0,27,0,0,9,2,14,0,18,11,0,0,3,4,7,1,14,0,33,7,2,21,30,16,6,29,0,0,0,0,4,3,28,30,36
0,2,6,9,21,4,0,11,22,19,6,1,9,0,8,0,1,3,0,2,8,0,0,1,2,0,11,12,20,5,6,1,0,9,4,3,10,17,0,1,0,15,6,0,15,7,3,1,0,11,4,0,0,2,4,9,1,0,0,11,0,2,3,0,21,9,0,0,0,1,32,11,26,11,3,3,12,0,2,0,11,16,2,2,2,0,0,0,11,3,10,6,0,1,8,2
0,5,6,1,15,3,1,9,6,10,45,2,4,0,8,9,4,5,0,4,1,0,0,15,10,1,5,9,5,3,9,3,4,10,5,1,8,49,0,3,8,5,13,15,0,9,3,1,5,10,0,0,12,4,16,16,17,3,2,2,2,12,20,4,30,109,14,39,0,0,11,21,1,61,19,9,9,3,5,4,9,16,3,1,2,6,2,5,14,0,3,8,2,3,0,5
0,1,16,3,0,2,0,5,9,8,4,8,5,0,6,9,8,15,0,3,10,0,13,2,13,0,0,15,11,15,9,4,5,12,21,3,5,16,5,5,5,12,2,7,9,0,10,5,2,19,1,2,0,6,4,17,7,5,0,2,2,5,8,14,9,0,5,7,0,3,5,12,6,6,8,6,9,5,8,1,8,3,1,0,0,1,1,3,9,1,2,13,10,6,3,2
1,14,9,1,4,2,3,12,22,2,10,0,2,0,5,7,11,18,0,15,2,0,2,10,0,5,22,19,4,2,9,5,20,0,3,21,4,4,7,0,29,8,14,3,3,10,0,1,8,5,2,10,11,4,13,24,1,2,8,4,16,0,21,2,5,17,0,10,0,4,8,1,9,2,4,11,0,13,1,4,13,1,5,8,13,9,3,2,1,0,1,2,0,21,13,13
0,6,2,0,1,1,0,4,0,6,13,4,0,0,1,0,17,1,0,1,2,0,0,0,5,14,2,7,4,1,4,0,1,0,0,2,4,9,3,0,4,5,11,1,1,5,1,0,4,1,6,0,4,0,1,2,2,4,2,3,3,1,4,0,0,1,0,2,0,0,2,3,0,0,0,2,0,4,0,3,2,1,0,0,0,0,6,0,4,0,0,0,0,2,2,1
1,6,7,3,5,0,0,3,6,1,3,0,3,0,3,4,6,6,0,2,1,0,0,6,8,0,5,6,3,3,6,2,7,2,0,11,4,2,0,0,12,1,7,0,5,2,8,4,0,5,12,1,6,0,4,14,0,0,7,8,3,0,4,0,0,6,5,10,0,5,5,1,1,3,3,9,2,7,0,0,8,0,2,1,2,0,3,0,2,0,1,1,1,2,1,8
1,1,4,5,1,3,0,3,1,11,6,15,16,0,5,21,3,6,0,1,13,0,0,1,6,0,0,10,4,1,2,13,4,8,14,6,12,3,3,4,2,1,1,11,10,19,5,1,5,0,3,0,0,2,5,21,4,6,0,8,3,0,14,8,16,3,9,2,0,1,3,1,8,7,28,1,14,0,2,1,6,12,0,0,0,2,0,6,19,1,3,6,21,2,0,4
1,14,4,0,5,1,0,2,2,2,3,0,0,0,0,4,13,6,0,3,0,0,0,3,2,0,9,2,7,2,1,1,11,1,0,8,2,0,2,1,13,3,9,4,0,1,2,6,12,3,0,3,6,1,4,4,3,5,2,3,6,0,8,1,1,5,1,8,0,1,11,4,3,5,2,5,1,4,0,5,2,0,7,6,5,2,5,0,2,0,0,0,3,4,0,8
12,54,0,0,2,0,4,0,2,0,2,0,0,0,0,3,32,0,0,3,0,0,0,2,0,17,12,0,0,0,0,0,27,0,0,12,4,0,16,1,0,1,10,0,0,2,10,0,1,0,3,0,25,0,0,5,0,0,10,0,11,0,1,0,0,9,0,6,0,4,0,0,1,2,0,9,0,68,0,31,1,0,11,2,20,1,20,1,1,0,0,0,0,23,13,13
45,27,4,0,3,1,7,5,16,1,13,0,0,0,3,2,49,5,1,20,1,0,0,7,0,25,10,13,0,2,8,0,21,0,4,17,6,6,12,2,22,0,37,0,12,0,11,4,6,0,6,25,0,4,4,1,4,0,11,1,14,0,18,0,1,10,0,26,0,12,9,1,1,0,1,6,0,41,0,31,2,0,9,19,39,20,25,0,0,0,0,0,0,29,20,29
0,1,0,1,5,13,0,2,0,8,0,0,1,0,16,3,0,0,0,0,3,0,1,0,3,0,0,6,2,2,3,4,1,8,3,0,0,7,0,5,2,0,0,2,4,6,4,0,0,2,1,0,4,0,2,1,5,6,2,0,0,13,0,4,2,3,6,3,0,0,1,2,0,1,5,0,5,0,5,0,0,6,0,2,0,0,0,7,9,2,1,3,6,0,2,0
0,3,26,0,0,6,1,8,5,18,3,0,2,0,5,13,2,19,0,10,0,0,0,2,6,0,6,9,9,0,8,14,4,1,3,10,17,11,0,2,10,5,6,4,16,4,13,1,4,5,4,0,4,2,0,27,2,3,4,1,1,0,11,15,10,4,5,6,0,3,2,15,6,15,11,8,1,2,4,2,5,3,2,0,4,6,4,3,2,2,6,0,3,5,5,15
0,2,17,0,13,1,0,19,14,7,8,8,1,0,1,5,9,46,0,3,1,0,0,8,5,5,2,27,5,1,23,3,8,1,1,14,10,12,15,0,43,9,11,9,16,17,24,2,14,21,4,5,1,1,27,0,6,2,4,2,8,0,25,4,5,9,6,13,0,7,4,3,3,18,2,14,1,3,0,7,21,4,6,4,7,3,21,0,3,0,5,1,3,2,2,14
3,11,4,0,1,1,0,2,1,1,7,0,0,0,0,3,13,3,1,13,1,0,0,3,1,1,9,11,3,1,36,0,2,2,3,12,4,3,4,4,3,4,8,1,17,7,1,2,0,4,3,0,4,5,2,6,0,0,6,4,7,0,4,0,0,9,1,6,0,3,6,4,0,8,2,4,5,21,0,4,5,0,0,5,5,7,5,0,4,0,2,0,2,2,3,19
0,0,0,5,2,4,0,4,1,4,8,1,4,0,0,17,3,1,0,3,6,0,1,0,35,0,2,5,8,7,6,5,0,7,18,2,3,5,0,3,0,3,3,0,3,5,2,4,0,6,5,0,0,6,3,2,0,0,0,13,0,6,5,3,0,3,2,2,0,0,0,6,2,1,7,3,0,0,0,0,2,7,0,26,0,0,0,9,5,6,24,3,17,1,0,6
1,2,8,0,3,0,0,7,10,1,5,0,0,0,2,0,12,8,4,4,0,0,0,5,0,8,11,8,0,0,6,0,1,0,0,21,5,11,5,3,17,3,11,0,2,0,8,2,7,0,2,10,11,2,4,4,6,0,0,0,8,0,7,1,0,3,0,5,0,0,3,0,0,8,0,4,0,15,0,9,4,0,13,4,12,2,1,0,0,0,0,0,0,13,24,12
0,0,6,0,0,1,0,3,0,9,5,10,0,0,1,2,10,0,0,2,0,0,0,0,2,1,2,3,2,0,2,0,3,3,0,3,0,6,0,0,0,0,3,11,2,2,4,3,8,8,3,0,1,0,1,2,4,13,0,0,2,2,17,1,0,13,0,11,0,0,4,6,0,5,8,1,1,0,1,0,0,0,0,1,1,0,0,2,3,0,1,1,1,1,1,8
20,16,20,0,3,0,2,1,2,0,3,0,0,0,0,1,31,7,0,13,0,0,0,0,0,10,12,18,0,0,1,0,16,0,0,10,4,0,2,0,10,0,15,0,2,2,16,3,3,3,6,11,14,0,1,8,7,0,8,2,0,0,11,0,1,7,0,16,0,1,6,0,1,1,0,5,1,18,0,8,3,0,22,9,15,5,16,0,0,0,0,2,0,9,18,29
0,0,0,8,2,0,0,3,1,5,3,4,1,0,9,0,1,0,0,1,8,0,0,0,16,0,0,6,3,9,0,0,0,13,0,0,1,2,0,18,0,15,0,2,12,5,0,1,0,0,0,0,0,13,0,0,0,6,0,2,0,0,0,18,5,3,12,0,0,0,1,5,0,2,2,1,3,0,2,1,0,11,0,0,0,0,0,6,12,2,13,7,8,0,0,2
0,6,27,0,18,0,8,6,28,4,11,10,4,0,0,11,26,8,2,20,18,0,0,21,5,1,27,16,12,3,13,0,16,3,5,24,8,8,2,1,11,4,27,3,20,8,21,4,4,14,8,1,18,0,11,25,4,5,7,17,11,0,0,3,6,14,0,9,0,2,12,12,3,8,21,8,5,6,0,8,6,3,8,13,6,3,0,4,2,0,1,1,3,13,5,30
1,0,2,0,0,2,0,5,1,6,1,3,0,0,3,6,2,1,0,3,1,0,3,0,3,0,0,5,1,1,0,4,0,8,7,2,7,5,0,0,1,0,0,0,4,14,2,0,0,8,1,0,0,4,15,4,0,3,1,1,0,18,3,0,5,0,3,4,0,0,0,9,1,2,6,1,4,2,19,1,12,8,0,0,1,0,0,3,11,2,2,15,4,0,0,0
0,1,1,1,9,10,0,4,0,6,3,4,6,0,24,8,1,1,0,5,0,0,0,0,3,0,0,7,12,9,0,3,1,16,6,4,7,11,0,7,1,6,0,21,30,9,5,0,0,16,1,0,1,2,10,5,0,0,0,0,1,5,6,5,0,2,6,0,0,0,2,0,3,3,13,3,11,0,2,0,6,18,1,0,0,2,2,3,19,5,14,3,0,0,0,1
6,5,4,0,11,1,9,2,11,7,30,1,2,0,2,4,20,11,0,13,0,0,0,5,3,6,8,3,8,3,9,1,10,3,7,12,2,8,4,2,3,5,9,9,109,0,17,1,6,3,5,9,10,3,4,9,9,3,3,13,7,3,14,0,2,0,0,15,0,2,27,11,0,13,12,3,5,24,1,7,1,5,4,6,9,3,5,1,13,0,1,7,2,13,8,6
0,0,4,0,2,9,0,0,3,5,1,0,18,0,8,5,0,0,0,0,18,0,3,0,6,0,0,0,1,0,1,9,1,6,17,1,12,4,1,0,0,1,2,0,14,5,0,0,5,9,1,0,0,6,5,6,1,2,0,0,0,12,0,3,6,0,0,1,0,0,0,4,2,3,1,1,8,2,8,0,2,4,0,0,0,0,0,0,2,1,11,8,3,0,0,0
8,8,5,0,18,4,2,2,12,7,20,11,1,0,2,6,22,5,0,10,3,0,1,5,5,5,4,15,5,7,8,3,9,1,3,6,6,7,1,1,14,1,14,0,39,7,10,2,10,2,8,6,26,3,6,13,6,2,5,11,16,0,9,4,0,15,1,0,0,4,23,5,3,17,6,6,3,17,2,17,11,0,6,7,15,5,8,2,3,0,2,1,6,22,4,23
0,0,0,0,0,0,0,0,0,0,0,0,0,0,0,0,0,0,0,0,0,0,0,0,0,0,0,0,0,0,0,0,0,0,0,0,0,0,0,0,0,0,0,0,0,0,0,0,0,0,0,0,0,0,0,0,0,0,0,0,0,0,0,0,0,0,0,0,0,0,0,0,0,0,0,0,0,0,0,0,0,0,0,0,0,0,0,0,0,0,0,0,0,0,0,0
9,14,3,0,2,0,2,2,1,0,3,0,0,0,0,0,9,5,0,1,0,0,0,7,2,2,0,2,0,0,9,0,18,0,0,2,0,3,2,0,21,0,18,1,0,3,4,0,5,1,1,4,12,0,3,7,3,0,0,0,1,0,2,0,0,2,0,4,0,0,4,0,0,0,0,3,0,11,1,17,1,0,1,3,18,1,8,0,1,0,0,1,0,17,7,4
1,19,10,0,6,9,0,5,28,28,7,0,0,0,0,4,9,2,1,7,1,0,0,1,1,1,24,10,4,1,4,0,2,1,0,10,10,6,2,2,19,6,11,32,11,5,8,2,5,3,11,0,9,1,2,4,6,0,3,4,6,1,12,0,2,27,0,23,0,4,0,3,2,15,9,19,3,6,0,0,8,3,5,6,8,1,4,3,3,0,1,5,0,3,8,16
0,0,15,5,8,9,0,0,9,0,3,14,4,0,2,2,3,4,0,1,3,0,1,0,14,0,3,6,5,9,6,0,2,5,0,0,1,13,1,8,3,2,0,11,21,12,1,3,1,1,4,0,1,2,15,3,4,6,0,6,0,5,12,9,0,11,4,5,0,0,3,0,8,3,9,0,6,0,3,0,2,9,1,1,4,1,1,6,13,3,0,13,11,7,2,8
0,0,11,2,1,2,0,3,2,8,3,3,2,0,14,3,0,2,0,2,0,0,3,0,0,0,0,7,0,0,3,30,0,5,0,5,4,7,0,1,0,0,0,26,1,6,9,0,1,8,3,1,1,0,6,3,0,2,0,0,1,0,3,1,3,0,2,3,0,0,2,8,0,2,2,1,18,0,0,0,5,1,0,0,1,0,1,0,0,1,0,1,5,0,0,1
1,1,4,2,6,5,0,12,4,1,11,9,0,0,0,6,9,11,0,7,1,0,1,5,6,0,4,11,4,3,18,3,4,0,1,7,8,6,3,4,4,2,3,11,61,6,2,0,3,7,5,2,0,1,15,18,8,1,8,5,1,2,8,2,3,13,3,17,0,0,15,3,2,0,1,2,5,2,0,0,7,3,0,2,0,3,1,1,12,1,0,2,3,3,2,5
3,1,2,1,7,1,0,5,9,12,6,7,1,0,2,2,8,3,0,5,2,0,1,0,12,0,3,7,13,5,2,16,4,15,5,2,12,8,1,7,0,3,4,3,19,8,4,0,3,28,2,0,1,5,11,2,2,7,0,8,0,2,21,6,13,12,1,6,0,0,9,9,2,1,0,4,7,1,2,1,13,2,1,6,0,2,0,9,4,9,1,8,3,1,2,12
2,1,4,0,6,2,0,7,3,2,16,2,0,0,3,4,10,10,0,5,3,0,0,5,4,7,5,15,1,6,4,3,12,4,3,8,5,1,0,0,7,4,7,3,9,6,11,2,9,1,5,9,6,0,8,14,4,3,4,1,5,1,8,1,3,3,1,6,0,3,19,0,1,2,4,0,2,14,1,5,4,2,0,3,6,6,5,0,0,0,2,0,1,5,6,5
0,0,5,2,4,6,0,4,3,11,4,12,7,0,6,1,2,8,0,0,6,0,8,0,0,0,0,8,3,4,3,6,0,6,30,0,9,9,1,5,0,0,1,12,9,9,0,0,2,14,1,0,0,5,1,1,5,0,0,1,1,3,5,4,11,5,8,3,0,0,3,6,18,5,7,2,0,0,5,0,2,4,0,1,0,0,1,8,10,1,34,18,15,0,0,0
26,33,14,0,7,0,16,3,18,0,11,2,0,0,2,2,46,1,4,22,1,0,0,15,0,58,17,15,1,2,4,1,13,3,1,18,9,5,34,1,5,1,14,0,3,5,13,4,7,0,4,68,41,0,2,3,21,0,15,0,18,0,6,2,0,24,2,17,0,11,6,0,0,2,1,14,0,0,2,57,1,1,19,23,18,4,32,1,0,0,1,6,2,57,28,14
0,0,1,4,0,7,0,0,0,2,1,1,13,0,7,1,1,0,0,1,1,0,36,0,3,0,0,0,1,0,0,6,0,3,3,0,2,4,0,1,0,0,0,2,5,8,1,0,0,2,0,0,0,5,4,0,0,0,0,1,0,2,0,19,2,1,8,2,0,1,0,3,0,0,2,1,5,2,0,0,13,1,0,0,0,0,0,4,9,29,5,12,5,1,0,0
12,88,2,0,0,0,4,2,3,0,4,2,0,0,0,0,69,13,0,0,0,0,0,3,1,7,3,4,1,0,34,0,25,0,0,16,2,3,11,1,10,8,33,0,4,1,4,3,0,1,5,31,31,0,2,7,4,0,9,0,8,1,8,1,0,7,0,17,0,17,0,0,0,0,1,5,0,57,0,0,4,0,17,6,28,4,27,0,1,0,0,0,0,20,19,8
1,1,8,0,5,1,1,16,7,0,2,1,1,0,7,3,4,6,1,1,2,0,1,6,2,2,7,10,0,0,21,12,9,3,1,11,8,3,4,9,23,12,7,11,9,8,13,2,8,6,2,1,2,0,5,21,5,2,4,0,3,0,6,12,6,1,2,11,0,1,8,2,5,7,13,4,2,1,13,4,0,0,0,0,3,7,0,0,0,0,3,0,0,5,3,11
0,0,1,0,5,7,0,0,12,6,7,3,16,0,6,3,0,1,0,0,6,0,3,0,16,0,4,2,5,1,1,2,0,7,10,2,2,11,0,4,0,3,2,16,16,3,1,1,0,12,0,0,0,6,3,4,0,7,0,0,0,11,3,8,18,5,4,0,0,0,3,9,1,3,2,2,4,1,1,0,0,0,0,2,0,0,0,16,12,9,16,10,4,0,1,0
5,23,5,0,1,0,0,0,1,0,19,6,0,0,0,2,27,4,0,1,0,0,0,2,1,1,8,9,0,0,1,0,4,0,0,9,0,1,3,0,2,1,21,2,3,1,5,0,2,0,7,11,9,0,2,6,0,0,13,0,22,0,8,0,1,4,0,6,0,1,5,1,0,0,1,0,0,19,0,17,0,0,0,12,4,16,5,0,0,0,0,0,1,5,23,2
3,6,4,0,4,0,2,5,3,13,8,1,1,0,1,4,25,0,0,8,0,0,0,0,0,6,23,2,0,0,3,0,11,1,0,14,8,0,2,0,3,0,30,2,1,0,8,0,1,0,6,2,19,2,0,4,5,26,4,1,9,0,13,0,0,6,0,7,0,3,6,1,0,2,6,3,1,23,0,6,0,2,12,0,1,6,25,0,0,0,2,0,0,35,31,20
40,74,5,0,6,0,13,3,2,1,2,0,0,0,2,1,49,8,0,4,1,0,0,5,0,6,8,9,0,0,3,1,45,0,0,14,6,2,3,0,15,1,16,2,2,0,13,0,2,0,5,20,39,0,4,7,5,0,12,1,15,0,6,1,0,9,0,15,0,18,8,4,1,0,0,6,0,18,0,28,3,0,4,1,0,0,28,1,1,0,0,0,0,17,17,7
6,11,4,0,1,0,1,1,12,2,6,0,0,0,3,11,19,1,0,8,0,0,0,4,0,7,16,24,1,0,1,0,2,1,0,7,2,0,6,0,4,0,6,0,6,1,9,0,0,2,2,1,20,0,6,3,7,0,2,0,5,0,3,0,2,3,0,5,0,1,1,1,0,3,2,6,0,4,0,4,7,0,16,6,0,0,7,0,0,0,0,0,1,13,9,14
16,63,5,0,5,0,5,6,10,1,7,0,0,0,0,0,38,4,3,4,0,0,0,7,0,8,16,5,0,0,9,0,24,0,0,11,1,0,18,0,15,0,29,0,2,1,3,6,3,0,5,20,25,0,4,21,5,0,1,0,16,0,0,0,2,5,0,8,0,8,4,1,1,1,0,5,1,32,0,27,0,0,5,25,28,7,0,0,1,3,0,0,0,15,25,22
0,1,0,0,1,15,0,0,0,5,5,0,4,0,2,0,2,0,0,1,7,0,12,0,14,0,0,0,1,7,0,1,0,2,0,1,0,3,0,4,0,0,0,0,5,3,2,0,0,6,0,1,0,7,3,0,0,9,0,2,0,6,4,3,3,1,0,2,0,0,3,6,0,1,9,0,8,1,4,0,0,16,0,0,1,0,0,0,8,10,1,5,5,0,0,0
0,1,0,4,5,8,0,1,3,4,7,5,8,0,9,6,8,3,0,3,13,0,3,1,9,0,0,6,9,11,7,0,1,10,2,2,3,6,0,4,1,6,0,11,14,9,1,4,2,19,2,1,0,9,2,3,4,5,0,3,0,12,2,11,19,13,2,3,0,1,3,13,0,12,4,0,10,0,9,1,0,12,0,0,1,0,1,8,0,4,0,5,22,1,1,0
0,0,0,0,0,2,0,0,0,2,2,0,6,0,1,1,1,0,0,0,4,0,24,0,4,0,0,1,7,2,0,0,0,7,1,0,1,15,0,0,0,1,0,3,0,1,0,0,0,1,0,0,0,2,2,0,0,6,0,0,0,2,0,2,5,0,1,0,0,0,0,3,1,1,9,0,1,0,29,0,0,9,0,0,0,0,3,10,4,0,1,3,6,0,0,0
0,1,0,4,2,3,0,0,2,6,2,5,3,0,4,2,0,0,0,0,2,0,10,0,6,0,0,6,11,2,0,16,0,1,7,4,1,3,1,0,0,0,0,10,3,2,1,0,1,3,0,0,0,1,6,5,2,24,0,1,0,13,1,2,14,1,11,2,0,0,1,0,0,0,1,2,34,1,5,0,3,16,0,2,0,0,0,1,0,1,0,6,19,1,0,1
0,1,1,2,3,4,0,0,3,15,5,0,25,0,19,6,0,0,0,3,5,0,4,0,16,0,1,3,16,6,1,2,0,18,9,1,1,16,0,5,0,0,4,6,8,13,2,0,1,6,0,0,0,3,0,1,0,3,0,1,2,7,1,15,3,7,8,1,0,1,5,13,1,2,8,0,18,6,12,0,0,10,0,0,0,0,0,5,5,3,6,0,2,2,0,0
0,0,2,1,0,6,0,0,0,4,6,4,12,0,2,0,6,2,0,2,0,0,36,0,21,1,4,3,1,10,1,10,0,12,7,1,2,4,0,5,1,1,3,0,2,10,0,0,1,21,3,0,0,6,3,3,2,17,0,1,0,8,3,4,0,2,3,6,0,0,0,11,5,3,3,1,15,2,5,0,0,4,1,0,0,1,0,5,22,6,19,2,0,1,0,0
14,19,16,0,10,0,9,0,16,0,9,0,0,0,0,1,43,6,1,30,1,0,0,2,5,29,24,14,4,1,9,1,24,1,0,22,4,0,15,1,4,4,28,1,3,6,21,2,2,2,4,23,29,0,5,2,2,1,13,1,9,0,13,0,0,13,0,22,0,17,3,7,0,3,1,5,0,57,1,20,5,0,5,35,17,13,15,0,1,0,1,2,1,0,53,24
8,32,3,0,3,0,4,2,5,1,21,0,1,0,5,0,56,0,0,10,1,0,0,2,1,9,18,21,0,0,8,0,22,1,0,30,3,0,4,0,4,0,30,8,0,3,13,2,1,0,0,13,20,2,5,2,3,0,24,1,18,0,5,0,0,8,0,4,0,7,8,2,0,2,2,6,0,28,0,19,3,1,23,31,17,9,25,0,1,0,0,0,0,53,0,11
8,30,17,2,25,1,5,6,36,2,16,5,7,0,4,2,14,25,0,25,1,0,0,12,2,16,26,31,0,0,8,7,24,0,1,23,15,4,19,2,18,5,36,2,5,2,13,1,8,4,8,13,29,0,15,14,19,6,12,8,29,2,30,0,1,6,0,23,0,4,16,8,1,5,12,5,0,14,0,8,11,0,2,20,7,14,22,0,0,0,1,0,0,24,11,0
