Ant4,Ant57,Ant260,Ant5,Ant52,Ant59,Ant65,Ant244,Ant540,Ant929,Ant2,Ant6,Ant24,Ant25,Ant26,Ant30,Ant38,Ant73,Ant74,Ant99,Ant102,Ant148,Ant158,Ant191,Ant196,Ant202,Ant209,Ant245,Ant268,Ant278,Ant308,Ant604,Ant620,Ant646,Ant673,Ant838,Ant1,Ant12,Ant13,Ant20,Ant27,Ant28,Ant29,Ant32,Ant40,Ant42,Ant43,Ant44,Ant50,Ant55,Ant62,Ant66,Ant68,Ant70,Ant71,Ant80,Ant81,Ant82,Ant85,Ant91,Ant96,Ant97,Ant100,Ant105,Ant111,Ant112,Ant113,Ant114,Ant117,Ant126,Ant135,Ant137,Ant139,Ant142,Ant144,Ant147,Ant149,Ant153,Ant156,Ant159,Ant169,Ant170,Ant173,Ant174,Ant176,Ant178,Ant186,Ant195,Ant198,Ant207,Ant212,Ant217,Ant218,Ant219,Ant220,Ant221,Ant226,Ant229,Ant232,Ant238,Ant242,Ant243,Ant250,Ant255,Ant256,Ant257,Ant261,Ant263,Ant265,Ant294,Ant299,Ant301,Ant305,Ant318,Ant320,Ant332,Ant334,Ant342,Ant347,Ant353,Ant356,Ant376,Ant387,Ant390,Ant391,Ant394,Ant395,Ant398,Ant433,Ant437,Ant475,Ant492,Ant501,Ant527,Ant549,Ant552,Ant556,Ant575,Ant580,Ant592,Ant593,Ant600,Ant607,Ant610,Ant614,Ant621,Ant632,Ant635,Ant638,Ant650,Ant663,Ant665
0,1,2,7,7,17,20,0,7,0,0,0,0,16,0,3,0,0,0,0,0,1,1,7,2,0,6,5,0,6,4,0,0,15,0,0,0,0,0,2,0,0,5,3,2,0,1,0,3,0,4,0,1,0,16,0,6,0,0,58,0,0,7,3,0,0,0,0,4,0,0,18,0,6,8,3,0,12,0,0,0,0,0,1,3,1,0,5,1,4,7,0,0,0,7,0,3,0,28,0,3,7,7,10,0,0,0,0,0,0,0,0,16,0,0,4,9,0,0,3,0,3,7,0,23,0,0,6,1,1,0,0,0,0,5,0,0,6,3,0,0,0,0,0,0,0,0,6,18,3,0,2
1,0,12,0,6,8,2,4,4,0,0,2,1,7,3,1,29,0,3,15,5,4,3,0,2,3,2,0,4,5,24,17,12,4,1,7,1,25,4,12,0,6,3,2,0,1,3,11,7,5,3,3,0,18,7,1,8,12,2,5,2,22,3,3,20,0,0,37,7,0,15,7,23,2,0,54,4,2,4,4,0,8,8,0,4,0,0,5,11,7,1,7,10,13,1,0,0,3,0,41,1,7,13,3,7,3,8,2,14,4,6,2,3,2,16,7,1,6,3,0,11,10,1,26,3,1,14,0,2,10,6,13,5,4,2,8,11,7,2,32,0,4,0,0,4,0,21,6,6,4,24,2
2,12,0,5,10,8,6,10,2,10,13,1,0,31,0,0,1,0,15,6,0,3,0,0,0,0,12,1,1,4,50,5,0,37,4,0,0,0,14,11,1,0,21,9,34,0,2,24,2,0,0,7,5,0,3,0,15,0,0,32,0,2,19,0,1,0,0,3,6,13,4,19,3,18,19,8,9,7,0,6,0,0,0,3,28,1,0,2,1,6,6,0,5,0,8,0,4,0,9,5,2,5,13,2,1,0,3,1,0,1,0,0,4,0,12,2,10,0,1,5,2,7,23,0,13,0,0,0,0,1,4,1,0,18,7,1,0,33,10,1,0,0,1,0,21,0,0,18,10,13,0,15
7,0,5,0,0,6,17,4,8,7,3,0,0,0,2,7,1,0,23,0,1,0,0,4,4,2,3,10,0,6,1,2,1,6,11,0,0,1,11,6,13,0,1,8,3,0,5,1,2,0,14,4,5,1,16,0,2,0,0,12,0,0,3,0,0,0,2,0,13,29,2,3,0,1,7,2,0,32,2,6,0,2,0,12,3,2,0,1,1,1,8,0,5,0,4,15,14,7,9,10,14,6,1,8,0,0,2,0,0,15,0,1,21,0,2,0,4,0,0,15,0,9,6,0,2,0,0,8,0,4,0,2,0,2,11,0,1,0,2,2,0,0,17,5,8,10,0,5,1,6,4,16
7,6,10,0,0,4,5,5,3,3,8,6,0,8,2,2,1,0,0,3,1,0,4,17,1,0,7,6,0,6,11,0,0,2,4,0,0,0,1,3,2,0,0,0,7,0,0,2,4,0,1,4,11,0,9,2,6,0,0,50,0,0,8,6,1,0,0,0,1,7,0,17,3,1,3,5,0,1,1,1,0,0,1,0,9,1,0,2,1,18,7,0,0,0,15,0,15,0,0,5,6,1,2,0,2,1,6,2,1,7,0,1,4,0,3,11,6,0,5,0,0,9,0,0,2,3,3,3,1,6,2,0,0,0,1,0,4,0,2,2,0,0,2,1,1,0,2,4,8,3,0,2
17,8,8,6,4,0,13,6,5,1,27,2,0,16,1,5,0,0,15,2,0,6,14,26,13,1,3,14,14,9,3,3,0,0,6,2,0,3,16,8,9,0,20,14,8,9,1,2,10,0,14,9,6,0,22,1,12,0,2,65,0,0,25,9,7,0,11,1,10,25,1,22,3,7,19,3,4,15,1,5,8,0,1,11,0,3,2,1,2,5,21,0,16,0,3,17,1,6,42,2,1,1,0,12,5,3,18,3,0,5,0,0,15,1,2,19,14,1,0,6,7,16,5,1,5,0,0,4,0,8,0,1,1,10,7,1,0,7,2,4,0,6,15,9,7,3,0,7,10,5,2,8
20,2,6,17,5,13,0,11,28,1,15,1,0,10,0,5,1,0,15,0,0,7,0,19,4,0,19,25,0,4,12,4,0,5,8,0,0,0,39,3,6,0,35,5,7,2,3,2,6,0,1,2,2,0,22,0,19,0,4,25,0,1,6,8,0,0,3,0,13,2,0,5,0,1,19,3,2,5,0,1,4,6,2,16,3,0,0,2,1,2,2,0,7,1,8,9,6,0,28,1,7,6,1,2,3,1,6,0,0,2,0,0,4,0,3,2,22,2,1,11,3,10,1,0,1,0,0,23,0,8,0,0,0,6,4,1,1,7,6,0,0,1,7,8,2,8,11,4,2,8,0,4
0,4,10,4,5,6,11,0,2,13,2,2,9,14,9,2,10,4,3,2,0,2,7,6,8,12,0,8,2,10,22,7,4,13,12,1,1,3,9,13,5,0,3,3,4,4,3,7,5,1,4,0,2,2,19,5,1,4,0,0,4,3,7,1,10,3,4,1,12,0,6,21,2,1,37,2,5,0,0,6,22,1,0,4,1,2,13,4,2,0,5,4,4,2,0,7,5,5,8,0,1,7,0,5,5,12,20,0,0,7,0,1,3,1,6,0,0,0,0,10,3,7,0,0,0,0,0,5,1,16,3,2,5,6,24,4,1,4,5,3,0,14,1,15,24,10,1,8,13,10,1,3
7,4,2,8,3,5,28,2,0,4,3,1,0,0,0,3,0,2,4,1,0,2,9,6,4,1,1,25,7,1,0,2,0,33,8,0,0,0,13,2,3,0,22,2,0,3,16,0,14,0,9,3,2,4,6,0,3,0,0,0,0,1,9,5,1,0,3,0,1,4,1,4,0,1,7,3,3,20,0,0,4,5,8,9,4,2,0,0,0,2,9,0,1,0,8,0,3,1,31,1,10,17,0,2,2,1,13,7,0,4,0,0,17,0,2,7,10,2,0,12,2,3,1,1,1,0,1,0,0,3,1,5,0,4,3,1,1,10,22,1,0,1,7,2,1,3,0,4,0,10,0,8
0,0,10,7,3,1,1,13,4,0,0,2,1,2,6,2,1,0,27,4,1,2,2,7,0,1,3,11,5,7,5,10,3,1,12,4,0,2,7,12,5,2,1,6,12,8,1,4,5,2,5,12,2,5,1,0,10,1,2,1,5,4,19,0,10,1,0,7,18,15,4,15,6,0,5,8,8,13,3,4,2,8,0,4,15,0,1,3,5,14,2,2,5,0,0,0,1,7,9,14,2,23,4,4,4,0,15,10,0,2,3,0,3,1,4,19,0,1,0,4,8,0,35,0,0,0,0,3,0,16,2,10,10,12,35,4,4,34,11,4,1,1,11,6,3,5,1,22,1,16,0,11
0,0,13,3,8,27,15,2,3,0,0,1,0,9,0,6,1,0,6,0,1,6,1,21,1,0,3,11,0,5,13,0,1,8,6,1,0,0,17,16,9,1,11,36,11,1,3,0,5,0,6,7,59,0,12,1,9,2,3,31,2,0,23,16,1,0,22,3,1,18,1,27,3,5,17,3,3,16,0,13,5,2,4,46,15,0,0,2,1,6,17,0,19,0,10,7,22,0,23,2,16,0,0,7,1,2,19,0,0,4,0,0,16,0,4,2,24,1,0,7,8,7,2,0,9,0,4,12,0,0,2,1,0,5,6,0,3,7,3,0,0,2,5,19,0,3,1,2,3,2,0,24
0,2,1,0,6,2,1,2,1,2,1,0,7,0,12,0,7,7,7,6,1,5,13,2,1,15,8,1,7,9,0,6,0,2,1,24,14,3,1,7,2,21,0,0,0,0,2,12,6,11,2,0,0,3,0,12,3,18,3,0,14,4,2,0,16,17,4,7,3,0,21,18,12,0,0,28,9,0,9,7,0,0,15,0,2,3,27,9,11,5,1,21,1,12,0,0,0,7,0,3,0,8,3,2,17,15,1,5,2,1,22,14,5,3,2,3,0,8,11,1,5,1,4,33,0,11,5,0,3,5,20,5,3,2,9,6,4,1,1,19,22,14,3,41,3,10,9,4,0,13,15,3
0,1,0,0,0,0,0,9,0,1,0,7,0,0,20,0,2,10,0,0,0,6,1,0,2,38,0,1,2,2,0,23,1,16,7,4,17,2,1,2,1,10,0,0,0,3,0,5,6,18,0,0,0,0,2,31,0,10,1,0,26,0,0,0,6,14,14,0,3,3,4,15,5,0,0,10,16,0,9,14,13,0,0,0,0,12,29,6,9,5,2,28,1,7,0,3,0,0,1,0,0,2,0,1,3,13,0,0,0,4,4,31,0,11,1,0,0,4,16,0,0,0,0,9,0,17,2,2,4,1,5,0,42,0,7,2,1,1,0,2,37,14,0,8,6,1,0,0,1,1,5,2
16,7,31,0,8,16,10,14,0,2,9,0,0,0,1,4,1,0,6,0,1,3,10,12,17,0,0,20,1,10,8,0,0,0,2,0,0,2,11,15,0,1,11,7,4,0,3,4,44,0,16,6,1,1,18,0,13,0,1,16,1,0,16,0,2,0,8,2,9,17,0,11,1,85,3,2,5,3,0,2,4,1,3,4,15,0,0,11,1,18,33,0,8,2,7,6,0,2,8,17,7,13,2,14,4,0,5,0,0,16,0,0,8,3,6,19,9,2,0,4,5,1,2,2,15,1,1,16,1,0,2,0,0,14,8,5,0,17,6,3,0,0,4,5,5,2,1,4,8,19,0,3
0,3,0,2,2,1,0,9,0,6,0,12,20,1,0,0,0,9,0,0,1,3,13,1,23,10,1,8,0,0,0,10,3,5,4,3,9,1,0,3,2,3,1,0,0,24,0,2,9,7,2,0,0,0,2,8,11,8,7,0,24,0,2,3,22,8,8,3,21,1,12,15,15,0,3,21,39,0,7,4,11,6,0,1,1,4,19,5,7,9,7,3,12,13,0,5,0,9,0,5,0,0,0,4,14,8,8,0,0,10,8,5,3,1,0,8,0,5,7,2,1,1,6,12,0,18,15,0,2,12,12,0,17,0,4,9,9,3,1,24,2,14,2,9,4,13,0,8,5,12,2,1
3,1,0,7,2,5,5,2,3,2,6,0,0,4,0,0,0,0,1,3,0,0,0,13,21,0,3,1,13,1,1,5,3,0,18,2,0,6,4,6,17,0,0,12,3,1,3,2,15,0,9,5,4,0,0,0,26,1,3,0,1,2,2,6,1,3,1,2,0,10,0,3,3,0,0,2,5,4,0,5,11,3,0,23,4,0,1,1,0,1,8,1,26,0,5,8,4,6,4,3,15,6,0,10,1,1,3,5,1,18,2,0,5,0,0,9,0,3,0,3,13,1,2,0,2,1,1,1,0,7,0,0,0,0,14,0,1,5,3,1,1,0,15,1,1,1,1,3,5,7,5,4
0,29,1,1,1,0,1,10,0,1,1,7,2,1,0,0,0,1,2,23,9,0,1,1,4,0,1,0,3,17,1,10,27,1,0,5,1,7,0,12,0,1,0,0,2,4,6,1,2,4,1,2,1,18,0,0,3,2,2,0,0,26,2,0,18,1,0,20,6,2,25,11,10,0,6,18,2,3,0,0,0,5,6,0,13,0,2,22,17,1,1,1,5,4,5,0,1,3,2,44,3,8,28,0,4,7,3,2,8,2,3,4,2,1,16,5,0,6,4,1,12,3,1,14,0,1,16,0,4,8,1,12,1,5,3,9,3,1,2,9,5,0,0,1,0,1,8,1,1,11,1,0
0,0,0,0,0,0,0,4,2,0,0,7,10,0,9,0,1,0,2,0,0,4,4,0,1,44,0,0,0,1,0,5,1,12,0,1,31,0,0,2,0,8,2,0,0,2,0,6,4,19,1,1,0,0,0,51,0,15,0,0,23,1,0,0,10,26,1,0,0,0,1,3,8,0,3,20,7,0,20,1,3,0,0,0,0,14,22,0,6,3,0,17,6,14,0,1,0,2,0,0,0,0,0,1,1,7,0,1,9,1,12,40,0,0,0,0,0,0,19,0,0,0,0,21,0,49,0,0,17,1,2,0,7,1,0,0,6,0,6,4,25,3,2,8,14,0,2,4,0,8,1,0
0,3,15,23,0,15,15,3,4,27,6,7,0,6,0,1,2,2,0,0,3,7,3,7,29,0,5,0,2,2,4,2,3,6,13,4,0,2,4,7,6,0,6,9,6,0,13,1,1,0,30,2,3,7,0,1,6,3,0,0,0,6,19,2,4,0,1,3,10,21,4,18,5,0,9,2,4,32,0,7,3,14,0,2,27,1,0,0,1,2,8,1,7,0,1,5,0,11,13,3,4,9,1,7,4,2,10,4,0,4,3,0,29,0,7,4,0,8,0,10,25,1,6,1,1,0,2,2,0,5,1,12,3,10,8,1,3,9,37,3,0,1,11,4,5,14,3,5,4,11,7,24
0,15,6,0,3,2,0,2,1,4,0,6,0,0,0,3,23,0,0,0,11,3,4,5,1,0,5,1,2,14,0,1,13,4,6,9,2,9,2,12,2,1,0,0,1,1,1,3,7,7,1,0,1,13,0,7,5,1,1,0,0,17,4,0,18,13,0,19,0,0,20,10,10,0,0,32,6,0,0,12,4,3,0,0,4,0,1,2,27,4,2,9,7,3,0,0,0,4,0,27,0,1,4,6,12,0,7,0,27,2,3,2,1,9,22,5,0,0,3,0,7,1,0,13,1,6,11,0,2,13,4,4,9,21,5,12,12,5,3,12,2,1,1,0,7,5,28,10,0,10,5,0
0,5,0,1,1,0,0,0,0,1,1,1,0,1,1,0,9,0,3,11,0,10,3,0,0,0,2,1,7,4,6,0,6,10,3,3,0,5,3,8,2,1,0,0,2,1,2,5,2,0,0,1,0,11,0,0,0,3,3,0,0,5,24,0,11,0,0,13,1,0,1,11,5,2,0,21,1,3,0,0,0,8,30,0,1,0,0,7,5,13,0,1,4,1,0,0,0,4,1,28,2,10,5,2,0,10,5,5,2,0,0,1,2,2,6,0,0,2,1,0,10,4,7,1,1,0,2,0,1,4,4,3,16,4,0,0,9,14,1,2,0,2,0,1,1,2,10,1,0,7,0,5
1,4,3,0,0,6,7,2,2,2,6,5,6,3,3,0,0,4,7,3,10,0,5,2,14,13,4,6,1,2,1,7,0,6,0,0,0,15,9,4,5,8,4,0,2,1,10,12,13,3,5,4,0,4,4,2,7,1,1,0,14,2,11,2,4,0,9,4,0,0,0,6,0,2,1,12,0,10,0,5,20,2,2,0,7,4,18,5,7,8,0,2,9,0,1,26,0,1,8,1,2,5,2,11,1,10,6,7,0,2,0,7,0,0,0,3,3,0,1,3,6,0,2,1,9,0,2,0,2,8,1,1,10,1,19,0,5,2,8,0,3,18,2,12,5,3,9,0,0,4,4,2
1,3,0,0,4,14,0,7,9,2,1,13,1,10,13,0,1,4,3,4,3,5,0,6,6,8,2,8,4,4,4,10,7,0,6,12,9,3,1,12,2,4,0,1,1,3,7,5,8,1,6,2,1,3,1,2,8,2,5,0,17,0,6,0,10,16,0,0,9,1,11,8,5,0,6,7,8,3,2,6,0,1,1,1,3,1,6,5,6,25,4,7,5,4,0,4,0,18,1,6,0,4,5,1,10,7,4,10,1,9,3,2,5,4,2,1,0,3,7,2,5,0,3,12,0,2,8,0,1,4,2,4,7,3,5,8,0,4,7,13,0,5,5,0,4,8,2,10,10,10,6,0
7,0,0,4,17,26,19,6,6,7,21,2,0,12,1,13,1,0,7,5,0,2,6,0,1,0,8,3,20,1,0,1,1,1,12,0,0,2,19,10,5,0,4,14,14,0,11,3,12,1,20,8,21,0,16,0,6,0,0,20,0,1,13,28,6,0,6,3,5,6,0,6,2,1,12,0,2,3,0,5,3,13,0,8,0,0,2,0,1,4,25,1,7,0,18,0,12,0,0,2,12,4,1,6,7,0,6,9,0,5,3,2,13,0,3,4,1,0,2,14,4,3,9,0,22,0,0,12,0,3,0,5,1,14,3,1,2,1,22,1,0,3,7,15,3,4,8,5,23,11,3,10
2,2,0,4,1,13,4,8,4,0,1,1,2,17,23,21,4,1,29,1,0,14,6,1,0,3,30,7,2,4,0,1,3,0,9,2,6,6,3,8,2,8,0,3,12,12,13,8,18,4,21,8,2,3,1,1,11,0,4,0,2,1,14,3,4,1,10,4,15,3,1,17,3,0,5,7,9,3,0,15,10,9,5,2,8,0,1,3,1,1,0,5,1,2,1,16,1,3,12,13,1,18,0,15,10,4,4,2,1,19,17,0,2,0,0,4,0,9,2,1,18,4,14,1,2,6,5,5,2,10,1,7,5,9,5,2,5,1,2,5,1,1,7,7,1,16,3,25,2,6,16,20
0,3,0,2,0,1,0,12,1,1,0,15,38,0,10,0,0,44,0,0,0,13,8,0,3,0,1,1,0,1,1,11,9,20,5,7,45,3,7,3,3,28,0,0,0,4,2,11,2,15,0,1,0,2,1,43,0,38,3,0,48,0,1,0,21,25,10,5,4,0,10,9,21,2,2,47,9,2,11,0,19,1,4,0,0,36,39,3,24,9,0,51,4,22,0,4,0,4,0,4,0,3,0,0,21,23,1,1,11,4,23,21,0,0,1,0,0,1,19,2,1,0,0,44,0,40,5,1,22,4,3,0,37,0,16,5,10,7,1,16,52,20,0,9,5,6,9,8,4,9,6,0
6,2,12,3,7,3,19,0,1,3,3,8,0,0,1,3,1,0,5,5,2,4,2,8,30,1,0,13,2,2,13,4,6,21,1,1,0,0,2,8,0,2,8,2,6,2,2,1,6,0,10,0,2,0,2,0,15,1,1,36,0,1,11,9,0,3,0,5,5,3,1,11,1,2,1,7,11,8,1,5,0,2,9,8,1,0,0,4,3,13,1,0,4,1,5,3,7,0,18,1,5,15,7,6,2,2,2,0,0,9,0,2,12,0,0,14,7,1,1,3,0,14,0,0,4,0,4,8,1,3,2,0,11,12,0,4,4,6,15,0,0,0,3,2,5,0,2,24,5,7,0,0
5,0,1,10,6,14,25,8,25,11,11,1,1,20,8,1,0,0,0,1,1,6,8,3,7,1,13,0,3,4,1,4,1,1,0,4,0,0,11,7,11,0,20,0,0,13,8,11,15,0,7,0,8,0,36,1,11,0,0,14,8,0,20,11,1,0,8,1,11,13,4,13,0,8,12,9,4,4,0,1,41,0,2,0,0,5,1,18,1,7,8,0,16,3,0,18,4,10,20,0,11,2,1,12,2,8,0,1,3,7,1,0,1,2,0,8,3,2,0,13,0,3,4,1,18,0,2,23,1,2,6,0,3,0,7,1,2,29,4,9,0,15,5,9,1,5,1,4,24,12,1,1
0,4,1,0,0,14,0,2,7,5,0,7,2,1,0,13,3,0,2,2,7,1,4,20,2,0,2,3,0,7,6,2,5,4,6,2,0,4,1,4,8,2,1,5,1,4,10,4,8,4,13,0,1,8,4,1,3,0,0,0,2,5,5,0,2,2,0,14,10,2,2,17,11,3,1,4,6,12,0,1,2,14,3,0,9,0,0,3,6,6,3,1,2,11,0,1,3,1,1,27,0,5,2,7,4,5,32,6,4,3,1,4,2,3,16,7,0,5,0,2,8,1,4,2,0,0,2,0,2,8,4,13,1,16,6,7,1,8,21,3,0,2,1,3,10,8,6,11,0,6,1,5
6,5,4,6,6,9,4,10,1,7,5,9,2,10,0,1,17,1,2,14,4,2,4,1,4,1,2,4,7,0,6,1,11,12,3,2,1,1,8,9,2,2,0,1,4,3,2,7,8,0,4,4,1,30,8,3,15,0,2,5,2,51,15,3,9,2,1,21,7,1,12,13,10,2,3,22,5,4,0,2,1,10,12,4,5,0,0,12,4,9,5,2,3,3,2,0,2,2,3,294,7,1,39,4,4,6,11,3,7,1,0,0,4,9,5,13,1,3,1,0,14,1,10,3,4,5,19,1,0,7,3,42,3,7,5,6,9,9,16,11,11,1,8,0,2,2,5,9,3,10,2,0
4,24,50,1,11,3,12,22,0,5,13,0,0,8,0,1,1,0,4,0,6,1,4,0,0,1,13,1,6,6,0,12,0,12,4,0,0,0,7,1,1,0,0,15,5,0,0,19,3,5,0,5,1,2,9,1,3,0,3,20,1,0,8,1,5,0,0,0,1,1,2,39,1,13,7,10,3,1,0,9,3,0,0,6,14,2,4,2,0,17,11,0,1,0,3,0,2,3,21,2,0,14,4,3,1,1,8,0,0,3,0,1,6,1,5,9,4,0,0,1,0,3,1,0,23,3,0,0,0,9,3,0,6,3,5,2,0,9,1,0,0,1,0,11,29,3,4,3,19,14,0,6
0,17,5,2,0,3,4,7,2,10,0,6,23,0,10,5,10,5,2,1,0,7,10,1,1,11,4,4,2,1,12,0,9,4,1,12,4,4,0,6,8,3,0,0,1,28,3,22,3,9,2,0,0,3,0,7,7,1,0,0,33,1,9,1,7,8,8,6,9,0,9,17,3,2,6,14,14,5,10,4,13,0,4,2,1,1,6,1,1,21,4,11,13,1,1,7,0,10,3,2,6,5,1,1,6,12,9,5,1,16,2,1,0,0,4,5,0,1,1,0,1,0,1,1,0,1,1,0,7,13,13,1,19,17,14,4,4,5,4,13,2,36,3,14,12,10,4,22,1,14,1,2
0,12,0,1,0,0,0,4,0,3,1,0,1,0,3,3,27,1,3,13,6,0,7,1,3,9,6,1,5,11,0,9,0,1,3,6,0,13,2,18,1,6,1,0,1,3,10,1,6,0,10,3,0,22,0,0,4,6,5,0,5,31,7,0,23,6,0,21,7,0,17,19,14,0,0,19,9,2,9,2,0,3,24,0,9,0,6,2,24,23,2,14,6,0,0,0,4,2,4,21,0,2,13,15,3,5,6,0,8,6,2,5,0,2,8,6,4,10,2,1,7,1,7,7,0,5,20,0,1,7,4,7,13,5,8,7,8,2,0,10,0,2,0,3,5,2,10,6,1,9,2,5
15,4,37,6,2,0,5,13,33,1,8,2,16,0,5,0,1,12,6,4,10,6,0,1,0,20,21,1,4,12,12,4,1,0,12,7,0,3,15,8,2,1,16,11,19,0,17,12,12,0,0,4,1,0,6,10,7,2,2,10,0,0,5,4,9,4,3,15,17,8,0,11,9,4,5,3,18,10,0,1,2,2,1,2,28,2,12,0,4,7,15,0,12,14,0,6,0,3,34,1,4,26,5,19,1,15,16,4,0,5,1,5,24,2,1,0,10,1,2,8,7,12,15,1,2,9,1,2,0,1,0,11,11,11,11,2,7,40,16,3,0,7,4,2,44,7,7,21,8,4,1,3
0,1,4,11,4,6,8,12,8,12,6,1,7,2,4,18,0,0,13,6,3,0,6,12,9,5,1,0,6,3,4,1,3,12,0,5,0,0,3,19,9,0,3,10,12,3,9,0,9,0,10,3,1,3,9,2,5,0,2,3,1,0,12,0,3,3,4,4,13,19,2,10,3,7,15,2,6,9,4,7,6,7,1,6,15,0,0,7,4,13,0,0,11,0,8,2,3,2,6,4,14,16,2,9,1,1,17,10,2,22,1,2,16,0,2,2,0,4,1,19,6,1,17,1,19,10,4,3,1,11,0,5,1,12,15,7,2,16,30,7,1,1,8,8,7,10,0,30,7,8,2,18
0,7,0,0,0,2,0,1,0,4,1,24,4,0,3,2,5,1,4,9,3,0,12,0,2,7,1,4,2,2,0,12,6,7,5,0,1,1,0,3,0,4,0,1,0,8,10,9,8,7,2,2,0,3,0,5,0,8,9,0,7,13,6,1,16,4,5,8,9,5,16,5,15,0,0,9,7,3,1,6,0,1,4,0,20,1,8,3,5,9,2,1,9,15,1,5,2,12,1,8,0,0,6,6,3,8,2,2,14,2,15,1,1,4,1,5,0,11,5,0,7,2,10,11,0,8,5,3,3,4,12,2,3,11,4,21,9,3,2,8,3,5,0,2,5,3,14,9,2,11,8,0
0,1,0,0,0,0,0,1,0,0,0,14,17,0,9,0,1,31,0,2,0,0,9,0,6,45,0,0,0,1,0,4,0,0,0,1,0,3,0,0,0,33,0,0,0,9,0,1,1,30,0,0,0,1,0,48,0,50,2,0,15,1,0,0,4,26,0,1,0,0,1,2,2,0,0,54,0,2,56,0,0,0,2,0,3,36,2,0,11,0,0,36,0,11,0,0,0,0,0,1,0,1,1,1,10,2,0,0,1,0,15,28,0,0,0,0,0,4,22,0,0,0,0,27,0,117,2,0,38,3,6,0,39,0,0,0,2,0,0,2,52,4,0,0,1,0,0,1,0,40,0,1
0,25,0,1,0,3,0,3,0,2,0,3,2,2,1,6,7,0,2,9,5,15,3,2,6,3,0,0,4,1,0,4,13,3,0,1,3,0,1,16,2,0,0,0,2,3,3,2,6,2,0,2,0,11,0,5,4,2,6,0,3,7,6,0,8,0,0,4,2,2,4,12,6,0,0,14,3,3,0,0,1,5,0,0,1,4,0,2,8,2,0,1,0,3,0,0,0,5,1,24,1,4,4,1,1,3,3,0,21,6,3,1,1,2,7,9,0,6,3,3,13,0,0,10,0,5,5,0,1,13,2,11,10,9,3,3,7,5,1,12,1,1,2,4,12,2,14,5,1,24,4,5
0,4,14,11,1,16,39,9,13,7,17,1,1,11,0,4,0,0,4,2,3,9,1,19,3,7,2,11,1,8,7,0,2,15,3,0,0,1,0,0,0,1,11,12,3,0,4,3,10,0,2,10,7,3,17,1,16,0,0,14,0,0,12,4,0,1,4,2,3,2,1,7,2,12,13,5,4,3,1,1,9,1,0,4,17,0,2,0,1,9,14,0,2,0,3,7,3,1,42,6,23,12,1,11,0,2,10,0,2,6,0,0,6,0,3,2,9,0,0,33,3,10,5,1,1,0,2,6,0,4,1,5,0,12,8,1,1,9,3,1,0,0,6,6,3,1,2,2,9,5,0,10
2,12,11,6,3,8,3,13,2,12,16,7,2,15,3,6,12,2,7,12,8,4,12,10,8,3,8,7,4,9,1,6,18,8,19,3,0,16,0,0,3,1,0,2,6,15,11,4,7,4,23,4,5,12,7,10,5,3,1,6,2,2,7,1,13,1,6,12,6,4,13,13,11,7,15,10,14,5,1,16,6,5,3,8,7,0,2,11,4,11,5,1,2,0,0,5,2,7,0,16,12,13,6,10,6,18,15,8,4,8,0,0,2,6,11,10,2,3,2,2,14,1,2,4,1,2,19,5,0,8,6,10,6,14,17,10,6,1,9,12,5,5,7,0,7,3,2,8,0,8,1,2
0,0,1,13,2,9,6,5,3,5,9,2,1,0,2,17,0,0,6,2,2,5,2,5,2,3,0,11,8,2,1,8,1,2,9,0,0,2,0,3,0,2,1,1,1,2,3,5,11,0,13,2,6,0,11,1,14,0,0,2,0,0,11,3,0,0,9,0,4,1,0,7,0,14,14,6,2,15,4,4,1,0,0,29,3,0,1,0,1,2,5,1,15,0,0,4,0,0,3,2,1,26,0,6,1,0,5,3,0,12,1,1,25,0,1,1,0,0,0,8,1,3,2,1,5,0,0,1,0,0,1,0,3,8,3,0,0,2,1,7,0,3,13,9,3,0,0,8,1,2,0,17
0,6,0,0,0,0,0,0,0,2,1,21,10,1,3,0,1,8,0,1,1,8,4,0,8,28,2,0,2,2,0,3,6,1,0,4,33,0,1,1,2,0,0,0,0,3,1,13,4,10,0,0,1,0,0,34,1,21,1,0,17,6,0,1,5,24,0,3,0,0,8,10,6,0,0,52,9,3,19,2,0,1,2,0,2,29,12,10,9,0,2,13,1,18,0,1,1,4,0,0,1,2,14,0,6,5,0,0,2,2,21,24,2,1,1,1,0,5,21,0,3,0,4,23,2,54,9,0,11,3,9,6,11,1,10,1,11,0,1,12,35,17,1,0,13,3,3,3,0,21,2,0
5,3,21,1,0,20,35,3,22,1,11,0,0,11,1,0,0,2,6,0,0,4,0,4,0,0,8,20,1,0,0,0,1,16,3,0,0,0,11,0,1,0,0,3,15,0,2,0,5,0,18,0,12,0,19,1,11,0,0,42,1,0,4,7,0,0,4,0,6,14,0,10,2,9,6,2,0,8,0,0,17,1,0,14,7,7,0,1,0,9,1,0,5,0,11,1,14,0,17,0,15,9,0,3,0,1,1,0,0,2,0,0,10,1,0,0,12,0,0,0,1,13,0,0,4,0,0,31,0,0,0,0,0,4,0,0,0,18,3,0,0,1,0,8,0,4,0,4,7,9,0,1
3,2,9,8,0,14,5,3,2,6,36,0,0,7,0,12,0,0,9,0,0,0,1,14,3,0,2,0,5,1,15,0,0,11,10,1,0,0,12,2,1,0,3,0,1,0,3,0,3,1,9,13,22,1,0,0,0,0,1,44,0,0,9,10,0,0,2,0,3,19,0,9,2,11,6,2,0,5,0,1,0,1,0,19,29,1,0,1,0,10,20,0,1,0,21,10,14,0,2,11,20,0,0,9,0,0,10,7,0,12,0,0,25,0,3,0,10,0,0,16,5,16,0,0,10,0,2,2,0,2,0,1,0,10,1,0,0,5,5,1,0,0,4,0,6,5,1,19,1,2,1,11
2,0,34,3,7,8,7,4,0,12,11,0,0,4,0,3,2,0,6,1,2,2,1,14,12,0,6,0,1,4,5,1,1,19,12,0,0,2,3,6,1,0,15,1,0,0,2,3,8,0,1,7,28,2,1,0,8,1,4,41,0,0,16,2,4,0,0,1,12,9,0,7,0,2,6,7,1,9,0,7,0,4,4,11,16,0,0,2,0,1,17,0,1,0,12,1,8,2,14,3,2,7,9,4,2,0,9,2,0,1,0,1,13,0,4,2,12,3,0,18,7,3,9,0,5,0,1,3,1,8,1,5,4,9,0,0,0,11,14,1,0,0,10,8,13,4,2,9,0,4,3,8
0,1,0,0,0,9,2,4,3,8,1,0,3,0,24,1,4,2,0,1,1,1,3,0,12,4,2,13,4,3,0,28,3,0,3,8,9,3,0,15,2,3,0,0,0,0,0,12,7,3,9,0,0,2,19,2,16,3,10,0,10,4,2,0,4,6,21,2,15,0,2,10,2,2,4,3,16,0,6,4,15,3,4,1,2,0,17,3,1,10,5,21,9,4,0,11,1,6,3,3,0,0,1,1,11,2,0,1,2,4,14,4,1,0,0,6,3,4,8,3,4,0,4,6,1,15,10,5,2,10,2,1,13,0,13,2,4,0,0,5,0,30,2,18,6,14,2,7,1,5,5,1
1,3,2,5,0,1,3,3,16,1,3,2,0,3,0,3,6,0,13,1,2,10,7,11,13,2,2,8,10,2,0,3,10,17,9,10,0,3,4,11,3,1,2,3,2,0,0,0,10,0,5,11,7,1,0,0,1,2,0,0,4,3,13,0,5,0,0,5,1,3,1,23,9,0,5,20,1,13,0,8,0,0,18,1,13,1,0,7,2,15,1,4,10,1,0,4,1,10,14,3,15,22,5,3,3,3,9,2,0,18,1,0,4,4,4,3,5,4,1,4,4,3,6,3,2,1,8,1,0,4,0,5,3,15,15,0,4,8,10,2,7,0,2,3,12,15,8,23,2,9,4,6
0,11,24,1,2,2,2,7,0,4,0,12,5,4,2,2,1,6,1,3,5,12,5,3,8,11,1,11,4,7,19,22,1,12,0,9,1,2,3,4,5,13,0,0,3,12,0,0,1,1,0,3,0,0,0,6,3,3,5,0,16,0,24,2,15,11,0,2,7,1,12,11,17,3,6,20,9,3,7,0,7,5,2,2,5,6,23,5,15,16,2,10,9,4,3,4,1,8,0,2,3,4,9,3,11,5,2,2,6,6,0,1,0,0,8,2,0,5,3,0,3,0,1,15,0,8,3,1,5,9,11,1,9,3,12,1,15,0,0,29,0,32,2,13,22,3,2,6,12,15,0,1
3,7,2,2,4,10,6,5,14,5,5,6,6,44,9,15,2,4,1,7,2,13,8,12,18,2,6,15,8,8,3,3,6,12,9,8,1,6,10,7,11,4,5,3,8,7,10,1,0,6,18,4,1,8,15,0,8,5,9,14,7,3,22,13,11,12,0,2,18,6,13,13,5,0,17,5,26,15,2,12,21,17,0,2,15,0,5,4,3,7,30,0,5,2,1,9,10,11,8,29,4,2,2,21,6,8,14,20,5,21,4,1,5,4,13,10,0,2,1,12,10,0,10,4,11,6,14,9,3,12,3,8,18,22,26,5,1,4,6,8,4,1,3,7,5,3,6,9,4,6,1,3
0,5,0,0,0,0,0,1,0,2,0,11,18,0,7,0,4,19,0,7,0,3,1,1,4,15,0,0,4,0,5,9,0,0,0,7,30,2,0,4,0,10,0,1,0,3,0,1,6,0,1,0,2,2,0,60,2,18,0,0,8,5,3,0,2,14,0,4,7,0,2,4,6,0,0,40,0,2,7,0,4,1,5,0,6,17,36,0,11,1,0,19,6,5,0,2,0,0,0,0,0,0,2,0,5,9,0,0,1,4,16,29,0,2,1,4,0,13,25,2,0,0,1,18,0,26,5,0,16,2,23,1,34,0,5,1,4,0,0,18,7,21,0,3,6,1,7,2,9,9,15,0
4,3,0,14,1,14,1,4,9,5,6,2,0,16,2,9,1,1,30,1,0,5,6,20,21,0,10,7,13,4,0,2,10,0,10,2,0,0,2,23,13,0,18,9,1,9,5,0,18,1,0,5,9,2,4,1,16,0,0,0,0,2,4,1,7,1,8,2,0,1,0,15,1,0,1,2,4,12,0,0,9,6,9,3,28,4,1,1,4,11,14,5,11,2,1,13,7,4,8,1,15,3,3,12,1,0,7,7,3,18,2,3,7,2,2,7,0,5,0,11,3,4,7,2,10,3,1,3,0,2,0,6,7,3,4,1,1,5,16,5,0,4,21,14,3,6,8,5,1,4,0,15
0,3,7,4,4,9,2,0,3,12,7,0,0,6,0,5,2,1,2,0,1,4,2,8,8,1,0,0,0,4,5,0,3,4,3,2,0,2,10,4,2,0,0,13,7,0,11,3,4,0,5,0,12,1,0,0,2,0,3,17,0,0,3,1,1,1,0,5,3,35,3,6,1,11,0,6,4,3,0,0,0,3,8,5,22,0,0,1,0,15,12,0,1,0,3,4,3,2,6,16,3,3,0,5,1,1,28,1,0,12,0,0,9,0,2,5,6,0,0,5,4,8,5,1,3,0,1,0,0,9,1,0,3,9,6,0,1,7,9,2,0,0,4,0,3,1,2,4,0,5,2,4
1,0,5,5,11,6,2,2,2,2,59,0,0,1,0,4,1,0,3,1,0,0,1,21,2,0,2,8,1,1,1,0,0,1,1,0,0,0,7,5,6,1,12,22,28,0,7,0,1,2,9,12,0,0,12,0,2,5,0,53,0,1,5,34,0,4,3,2,0,22,0,11,1,8,14,0,1,2,0,2,6,11,0,4,12,1,0,1,0,7,9,0,0,3,28,15,43,2,0,1,16,4,2,9,4,0,6,4,1,11,2,0,7,0,0,3,11,1,0,25,3,9,2,3,37,1,2,14,0,0,0,1,0,8,1,0,0,1,1,0,0,0,1,1,11,4,2,5,17,5,0,4
0,18,0,1,0,0,0,2,4,5,0,3,0,1,0,0,18,0,7,13,11,4,3,0,3,2,0,0,8,30,2,3,22,0,3,3,1,11,3,12,0,0,0,1,2,2,1,0,8,2,2,1,0,0,0,2,6,2,10,1,0,14,2,1,13,1,0,6,2,6,16,11,7,1,0,33,5,2,1,0,0,20,5,0,5,0,1,3,9,2,2,3,2,6,2,4,0,2,4,37,0,7,10,0,10,0,3,3,14,5,2,0,1,4,14,0,0,6,2,0,7,2,3,16,5,6,16,0,0,5,3,14,3,1,8,18,8,1,1,14,5,3,1,3,2,0,14,2,0,15,5,1
16,7,3,16,9,22,22,19,6,1,12,0,2,18,2,0,0,0,0,0,0,4,1,16,1,1,2,36,4,8,9,0,0,6,9,0,0,0,17,7,11,0,19,0,1,19,0,0,15,0,4,0,12,0,0,2,14,0,0,52,0,0,1,18,0,0,7,0,13,9,0,12,0,14,15,5,0,6,0,5,50,0,0,2,0,3,0,1,1,0,6,0,4,0,1,23,12,0,5,0,12,6,1,10,0,0,0,0,0,3,0,0,11,0,0,2,23,0,0,2,3,9,0,0,27,0,0,16,0,3,0,1,0,1,4,0,0,9,0,0,0,0,0,18,0,4,0,4,27,7,0,0
0,1,0,0,2,1,0,5,0,0,1,12,31,0,8,0,0,51,1,7,0,2,2,0,1,43,0,1,1,3,1,7,0,10,2,5,48,5,1,10,1,34,1,0,0,2,0,6,0,60,1,0,0,2,2,0,6,34,1,0,20,3,0,0,18,30,3,3,3,0,7,4,13,0,0,123,3,1,31,1,3,4,0,0,1,25,45,1,7,6,0,28,8,26,0,0,1,2,0,0,0,2,3,0,5,28,1,0,12,0,9,35,0,0,2,3,0,10,48,0,2,4,1,36,2,61,3,0,20,4,17,1,52,0,6,1,15,1,0,8,39,27,0,5,14,3,9,3,2,6,2,0
6,8,15,2,6,12,19,1,3,10,9,3,0,13,11,26,3,0,6,5,0,7,8,6,11,0,15,11,3,15,3,7,4,7,5,0,0,4,16,5,14,1,11,0,8,16,1,3,8,2,16,2,2,6,14,6,0,1,0,16,4,2,14,8,13,1,9,6,23,6,2,21,12,0,8,7,2,8,3,6,12,5,2,0,8,0,5,8,2,7,5,2,10,0,3,14,3,5,4,8,14,5,4,8,7,8,7,9,1,3,3,5,5,1,5,17,8,3,3,1,9,6,7,3,12,0,5,4,0,6,2,1,5,11,9,0,6,5,3,5,0,4,8,15,7,3,1,20,13,34,1,5
0,12,0,0,0,0,0,4,0,1,2,18,10,0,8,1,2,15,3,1,3,1,2,0,0,38,1,0,0,0,0,1,6,2,0,8,50,2,0,3,0,21,0,0,1,3,2,3,5,18,0,0,5,2,0,34,1,0,0,0,20,5,3,0,5,67,1,8,2,0,18,8,13,0,0,54,5,5,16,1,0,3,0,0,1,61,15,1,28,3,1,29,3,19,0,1,0,1,0,3,0,1,2,0,11,2,0,1,2,4,27,34,2,4,2,0,0,8,27,0,0,0,10,70,0,18,19,1,45,2,24,5,3,3,2,7,5,0,1,11,41,14,0,14,5,1,13,15,0,15,11,4
0,2,0,0,0,2,4,0,0,2,3,3,1,1,7,3,2,0,0,1,3,1,5,0,4,3,1,0,0,2,3,0,5,2,2,9,2,6,0,1,0,1,0,1,4,10,0,5,9,0,0,3,0,10,0,1,0,0,0,0,1,6,5,0,1,8,1,10,3,1,6,10,3,0,2,59,6,1,1,1,0,13,0,0,4,0,0,1,3,16,1,3,3,3,1,2,0,5,0,3,3,2,1,2,5,1,4,0,2,5,5,1,0,0,8,0,0,4,0,0,36,0,6,8,0,4,2,0,1,25,4,2,1,5,1,6,3,5,0,7,0,4,0,1,0,0,2,2,6,6,1,9
58,5,32,12,50,65,25,0,0,1,31,0,0,16,0,0,0,0,0,0,0,0,0,20,0,0,36,14,0,5,20,0,0,10,3,0,0,0,14,6,2,0,42,44,41,0,0,0,14,0,0,17,53,1,52,0,16,0,0,0,0,0,35,28,0,0,2,0,5,65,0,71,0,27,23,1,0,4,0,2,1,0,0,16,19,4,0,1,0,5,17,0,1,0,33,0,39,0,35,0,26,2,0,4,0,0,1,0,0,0,0,0,11,0,1,28,80,0,0,0,6,71,0,0,101,0,0,16,0,3,0,1,0,12,0,0,0,0,0,0,0,0,0,0,0,2,0,0,29,11,0,4
0,2,0,0,0,0,0,4,0,5,2,14,26,1,24,1,0,23,0,0,0,14,17,0,2,48,0,8,2,2,1,33,5,0,1,7,15,3,0,2,0,17,1,0,0,10,4,16,7,8,0,0,0,0,0,20,4,20,1,0,0,0,3,0,18,32,8,9,4,5,12,16,23,0,5,48,11,0,8,5,11,5,0,0,2,7,78,6,14,10,1,31,8,19,0,7,1,0,1,2,0,1,0,0,12,1,0,0,5,5,12,26,0,8,1,3,0,2,19,1,1,0,4,40,4,32,8,0,12,11,13,0,27,0,9,5,9,0,0,31,5,34,1,13,8,8,4,4,1,4,0,4
0,22,2,0,0,0,1,3,1,4,0,4,0,0,0,2,26,1,6,17,5,2,0,1,1,0,1,0,5,51,0,1,31,0,0,13,1,7,0,2,0,6,0,0,0,4,3,0,3,5,2,0,1,14,0,3,2,5,6,0,0,0,5,0,22,1,0,28,0,1,13,10,25,0,5,34,1,4,2,3,0,2,5,0,1,0,0,6,23,7,1,8,3,13,1,0,1,1,0,74,1,9,18,0,11,7,3,1,26,2,8,0,4,5,20,0,0,9,3,0,7,1,1,27,0,9,14,0,5,2,12,2,8,9,0,7,6,4,3,17,12,6,2,3,8,7,52,16,1,14,8,2
7,3,19,3,8,25,6,7,9,19,23,2,0,16,2,2,2,0,19,4,24,11,6,13,14,1,11,20,5,15,8,9,7,5,12,6,0,6,12,7,11,0,4,9,16,2,13,24,22,3,4,3,5,2,1,0,14,3,5,35,3,5,0,1,7,4,1,5,20,14,13,16,15,12,8,21,6,9,2,7,10,6,14,12,16,4,3,11,3,26,20,0,13,0,8,15,0,7,13,11,14,28,11,7,17,6,31,17,8,12,1,0,6,7,5,17,8,5,1,7,11,27,17,1,10,0,3,5,0,13,2,10,11,30,6,3,8,27,9,8,2,5,12,2,4,5,7,21,3,12,1,13
3,3,0,0,6,9,8,1,5,0,16,0,0,0,3,6,0,0,2,0,0,2,0,28,3,0,9,11,0,3,1,1,0,4,0,1,0,0,4,1,3,1,7,10,2,0,0,2,13,0,1,1,34,1,18,0,8,0,0,28,0,0,1,0,0,0,6,1,3,3,0,10,0,6,9,1,0,0,0,16,9,0,0,2,0,1,0,0,0,6,0,0,0,0,26,24,9,1,2,0,7,0,0,0,1,0,1,2,0,8,0,0,2,0,0,3,5,0,0,11,0,11,0,0,20,0,0,0,0,1,0,0,0,4,0,0,0,1,1,1,0,0,1,2,0,13,0,0,27,4,0,9
0,20,1,0,1,7,0,10,1,10,1,16,6,2,22,1,18,10,4,18,11,4,10,6,4,21,0,1,2,9,5,7,23,9,3,16,4,8,0,13,0,5,0,0,4,4,5,15,11,2,7,1,0,13,0,18,13,5,1,0,18,22,7,0,0,10,1,29,8,3,37,14,27,1,9,81,11,2,11,6,3,10,0,0,1,1,25,7,20,15,4,19,14,8,0,1,0,5,2,30,3,3,14,1,14,37,7,1,14,3,5,6,4,13,13,3,2,9,12,6,6,0,3,6,3,18,23,0,9,27,22,8,12,4,6,4,18,5,3,12,2,21,0,14,9,10,24,6,13,26,6,1
0,0,0,0,0,0,0,3,0,1,0,17,14,0,8,3,1,26,0,13,0,0,16,0,1,25,3,0,2,2,0,8,6,4,3,4,26,0,1,1,0,24,0,0,0,6,0,11,12,14,1,1,4,1,0,30,1,67,8,0,32,1,4,0,10,0,0,12,2,0,8,8,13,0,1,71,13,0,5,7,1,7,0,0,0,40,19,0,33,12,0,22,0,22,0,0,0,4,0,0,0,1,0,0,12,6,0,2,4,4,14,33,0,2,2,3,0,7,28,0,3,0,1,91,0,21,0,0,40,7,16,0,3,0,7,1,10,0,1,6,23,21,0,0,9,5,1,3,0,7,2,0
0,0,0,2,0,11,3,4,3,0,22,4,14,8,8,1,0,1,1,0,0,9,0,6,10,10,0,8,0,1,0,8,0,3,4,5,0,0,4,6,9,0,4,2,0,21,0,0,0,0,8,0,3,0,7,3,9,1,1,2,8,0,1,6,1,0,0,4,18,0,1,7,6,12,6,2,6,0,0,6,21,0,1,0,0,4,10,15,1,9,6,0,3,13,1,28,12,0,0,0,7,0,15,0,1,13,0,0,1,6,3,7,1,0,0,18,0,0,0,0,1,6,0,3,9,4,0,3,6,0,0,0,0,2,20,0,1,0,0,1,0,5,0,14,1,2,0,0,4,2,0,1
0,37,3,0,0,1,0,1,0,7,3,7,0,2,3,2,20,0,3,19,13,4,0,3,4,5,5,1,14,21,0,6,21,15,4,8,1,4,2,12,0,3,0,0,1,2,5,2,2,4,2,5,2,6,0,3,6,8,10,0,9,28,5,1,29,12,4,0,4,0,16,8,34,0,1,41,3,1,7,5,0,6,10,0,5,1,2,5,14,16,0,9,6,1,0,0,0,9,0,22,0,6,10,1,19,18,4,2,13,1,3,4,1,7,9,3,0,5,10,0,12,1,1,26,1,16,17,1,1,15,5,12,5,11,5,10,29,2,5,31,3,2,10,1,3,4,37,12,0,14,12,4
4,7,6,13,1,10,13,12,1,18,1,3,3,9,21,0,6,0,10,0,1,0,9,5,15,4,5,11,10,7,1,9,7,17,13,9,0,2,3,6,4,0,6,3,12,15,1,7,18,7,0,3,0,2,13,3,23,2,3,5,4,0,20,3,8,2,18,4,0,6,9,14,4,0,5,2,9,12,1,7,29,5,9,2,6,5,6,8,2,10,6,2,15,3,1,20,1,11,3,11,4,17,4,8,5,4,7,4,2,2,0,4,15,9,7,12,0,6,1,3,13,1,5,4,0,6,1,2,1,9,3,4,7,7,39,7,3,0,8,7,0,16,8,33,1,7,4,16,12,8,6,1
0,0,13,29,7,25,2,0,4,15,18,0,3,17,1,10,2,0,21,0,0,0,1,6,3,0,3,13,2,1,1,0,0,8,19,5,0,2,2,4,1,0,14,19,9,0,3,1,6,0,1,35,22,6,9,0,6,0,1,65,5,1,14,3,3,0,0,0,6,0,0,27,2,11,9,1,0,8,0,1,4,0,0,7,6,1,0,1,0,2,6,0,5,0,29,1,51,0,6,2,11,0,2,4,2,1,1,10,0,4,3,0,14,0,4,9,8,0,2,5,8,7,0,0,45,0,0,13,0,1,0,0,0,9,6,2,0,3,4,2,0,5,3,10,1,0,0,1,4,3,1,6
0,15,4,2,0,1,0,6,1,4,1,21,4,0,12,0,25,1,4,20,1,0,11,0,1,10,1,4,2,12,2,9,17,0,2,16,1,4,1,13,0,8,0,0,0,2,1,12,13,2,0,3,0,16,0,7,2,18,6,0,12,13,13,0,37,8,1,16,9,0,0,11,32,0,2,19,5,3,12,5,0,8,0,3,3,0,14,8,20,11,0,23,15,6,0,1,0,4,0,20,1,0,9,2,32,7,3,1,7,0,5,17,3,7,12,3,0,4,6,1,3,2,0,62,0,11,6,0,4,17,26,3,0,5,5,8,19,0,4,34,3,19,0,12,1,9,9,4,7,13,2,2
18,7,19,3,17,22,5,21,4,15,27,18,15,11,15,3,11,3,18,10,11,6,8,6,17,9,11,13,17,13,39,17,19,11,10,5,2,12,7,13,7,10,10,9,7,10,23,11,13,4,15,6,11,11,12,4,21,8,10,71,16,10,16,10,14,8,7,8,14,27,11,0,8,8,21,16,15,6,2,36,12,1,5,6,23,4,12,19,9,20,5,6,11,7,4,8,9,8,6,12,12,22,14,12,16,22,18,5,4,13,7,8,11,2,12,10,15,13,6,5,19,11,15,14,18,8,7,4,2,22,15,5,16,22,14,7,9,21,2,18,4,18,13,18,25,5,9,11,12,14,5,13
0,23,3,0,3,3,0,2,0,6,3,12,5,1,15,3,10,8,5,10,5,0,5,2,3,21,1,0,11,10,1,3,14,9,3,15,2,6,2,11,0,6,2,2,0,2,9,17,5,6,1,1,1,7,0,13,12,13,3,0,23,25,15,0,27,13,6,34,4,2,32,8,0,0,4,27,14,1,10,6,1,6,7,1,4,8,12,13,10,21,0,15,7,11,0,0,1,5,0,8,1,1,10,0,11,13,8,3,12,3,19,18,1,2,9,4,0,9,9,0,2,1,4,26,1,18,14,0,3,9,26,13,8,7,16,4,11,0,4,31,8,18,0,10,10,8,21,9,8,35,17,1
6,2,18,1,1,7,1,1,1,0,5,0,0,85,0,0,0,0,0,0,2,2,0,1,0,2,2,8,3,2,13,2,0,4,7,0,0,0,12,7,14,0,9,11,2,2,0,3,0,0,0,11,8,1,14,0,0,0,0,27,0,0,12,6,1,0,12,0,0,11,0,8,0,0,14,5,0,0,0,0,2,0,0,0,3,2,1,3,0,23,4,0,0,0,38,16,1,0,0,1,4,3,0,1,1,0,2,0,0,4,0,0,6,0,7,26,3,0,0,6,0,11,1,0,43,0,0,5,0,0,0,0,0,12,1,0,0,10,5,0,1,0,0,10,7,8,0,0,1,19,2,5
8,0,19,7,3,19,19,37,7,5,17,0,0,3,3,0,6,3,9,0,0,1,6,12,5,2,1,12,1,3,7,6,0,5,15,0,0,0,13,15,14,0,6,6,6,4,5,6,17,0,1,0,14,0,15,0,8,0,2,23,5,5,8,9,9,1,6,1,5,9,2,21,4,14,0,0,1,7,0,5,14,0,1,2,7,0,1,2,0,2,9,0,11,1,0,8,11,0,18,2,9,0,2,10,0,0,11,27,0,17,0,0,7,0,0,2,7,0,0,25,17,9,4,0,2,0,0,20,0,2,1,3,1,10,19,0,0,3,34,1,0,9,1,7,5,4,0,13,11,2,1,0
3,54,8,2,5,3,3,2,3,8,3,28,10,2,21,2,18,20,2,32,21,12,7,0,7,47,7,9,4,22,10,14,19,3,2,9,54,14,5,10,6,52,2,2,7,3,20,20,5,40,2,6,0,33,5,123,7,54,59,1,48,34,21,1,81,71,2,41,2,1,19,16,27,5,0,0,3,5,71,8,0,19,33,1,5,52,67,17,31,18,0,41,19,30,2,6,1,9,1,15,5,13,30,2,43,20,19,4,35,4,30,53,2,20,19,9,6,13,50,2,10,7,6,93,2,58,9,2,59,24,52,7,43,11,4,17,55,6,2,53,106,49,3,15,58,9,14,5,16,20,11,3
0,4,9,0,0,4,2,5,3,8,3,9,16,5,39,5,2,7,4,6,1,0,8,2,9,9,11,4,6,5,3,14,9,18,6,7,0,3,4,14,2,9,0,0,1,16,1,9,26,0,4,4,1,5,0,3,2,5,6,0,11,1,6,0,11,13,6,3,9,0,5,15,14,0,1,3,0,3,1,11,13,2,1,1,5,0,22,18,6,8,2,5,17,3,0,9,7,12,1,2,1,9,5,19,9,11,1,2,0,6,7,8,0,3,0,8,0,2,7,1,4,0,4,12,0,12,8,5,1,4,3,0,37,3,22,1,5,10,0,12,0,13,2,12,4,10,2,15,2,6,1,1
12,2,7,32,1,15,5,0,20,13,16,0,0,3,0,4,3,0,32,0,3,10,3,3,3,2,8,4,12,4,1,5,2,10,9,3,2,3,3,5,15,3,8,5,9,0,13,3,15,2,12,3,2,2,6,1,8,5,1,4,0,4,9,0,2,0,0,1,12,8,3,6,1,0,7,5,3,0,0,1,6,2,0,20,13,0,1,0,2,2,3,0,2,0,2,5,1,2,5,3,2,8,7,10,2,1,3,7,0,3,2,0,38,1,0,3,6,4,3,14,6,13,7,2,1,0,2,0,0,1,1,3,0,15,15,2,0,2,10,2,0,0,13,6,1,4,4,20,4,2,3,33
0,4,0,2,1,1,0,0,0,3,0,9,9,0,7,0,0,20,0,0,0,0,2,0,0,11,1,0,0,0,0,10,9,0,4,1,56,0,1,1,4,19,0,0,0,6,0,7,2,7,0,0,0,1,0,31,3,16,1,0,8,2,2,0,11,5,0,7,1,0,12,2,10,0,0,71,1,0,0,0,0,1,3,0,1,26,2,1,3,11,0,17,4,10,0,0,0,0,0,1,0,3,0,2,9,3,4,0,0,0,3,19,0,2,3,3,0,0,30,0,1,0,0,7,0,59,3,3,30,1,9,0,10,1,2,15,43,1,0,11,16,11,0,11,10,1,0,5,6,7,2,1
0,4,6,6,1,5,1,6,0,4,13,7,14,2,4,5,0,1,7,12,0,5,6,5,15,0,5,1,1,2,9,4,2,1,7,6,0,0,1,16,4,2,0,1,7,4,8,0,12,0,0,0,2,0,5,1,6,1,1,2,5,3,7,16,6,7,6,5,7,1,5,36,6,0,5,8,11,1,0,0,9,2,3,0,5,0,2,8,3,13,3,4,5,0,0,18,3,7,8,2,1,5,2,1,3,0,4,3,0,7,8,0,1,3,2,1,0,2,1,1,9,3,2,6,0,9,6,3,0,1,1,10,2,4,12,0,0,1,3,5,0,1,0,0,10,8,2,6,1,7,4,1
0,0,0,0,0,8,4,22,4,2,5,0,13,4,11,11,0,3,3,4,0,20,0,3,10,19,0,41,2,1,3,13,0,2,6,0,0,1,9,6,1,0,17,0,0,15,0,7,21,4,9,0,6,0,50,3,12,0,0,1,11,0,10,9,3,1,21,0,29,4,0,12,1,2,14,0,13,6,0,9,0,0,4,1,1,1,8,5,5,7,2,0,8,0,0,26,9,1,8,0,4,10,2,10,2,21,0,0,0,3,1,1,1,0,2,2,8,1,0,2,0,2,5,3,6,4,0,9,1,7,3,1,11,0,27,2,0,13,1,5,0,12,3,29,0,12,0,0,19,2,1,0
0,8,0,2,0,0,6,1,5,8,2,0,0,1,6,3,5,0,14,3,8,2,1,13,9,1,2,0,14,10,0,0,3,2,7,1,0,5,1,5,0,1,1,1,4,3,0,5,17,1,6,3,11,20,0,4,5,3,13,0,5,2,6,0,10,7,0,6,5,0,8,1,6,0,0,19,2,2,1,2,0,0,1,0,12,0,1,3,7,4,0,1,3,1,1,0,0,3,9,26,2,5,4,1,6,1,6,4,8,5,2,2,1,1,36,5,0,2,2,2,18,2,29,5,0,2,3,0,1,15,2,6,0,14,4,6,10,9,12,2,1,1,2,1,2,2,5,17,0,4,1,2
0,8,0,0,1,1,2,0,8,0,4,15,0,3,0,0,6,0,0,0,30,2,1,0,5,4,9,2,3,12,0,4,24,1,1,4,2,0,0,3,0,2,0,0,4,4,18,2,0,5,9,8,0,5,0,0,2,0,0,0,0,5,14,0,0,0,1,10,9,0,0,5,7,0,1,33,1,0,3,3,4,1,0,0,14,8,9,2,0,10,0,0,0,2,0,3,0,2,7,1,0,16,0,1,4,23,9,0,8,0,1,0,0,5,0,10,4,9,4,0,1,1,0,0,1,0,29,2,1,1,2,3,10,13,12,0,4,23,3,4,9,9,5,5,0,2,5,0,1,12,0,1
1,0,3,12,0,11,16,4,9,4,46,0,0,4,1,23,0,0,2,0,0,0,1,8,2,0,8,0,0,4,6,2,0,2,6,0,0,0,4,8,29,0,14,19,11,1,1,2,2,0,3,5,4,0,2,0,0,0,0,16,0,0,12,2,0,0,0,0,2,7,3,6,1,0,2,1,1,20,0,0,1,0,0,0,2,0,0,2,0,1,14,0,3,0,16,3,3,0,6,2,12,7,0,1,2,0,4,0,1,4,0,0,32,1,0,0,15,0,0,4,6,13,0,0,14,0,1,3,0,1,0,0,0,4,0,2,0,8,37,0,0,0,1,6,2,0,0,21,3,3,0,4
3,4,28,3,9,0,3,1,4,15,15,2,0,15,1,4,13,0,27,4,1,7,3,0,8,0,1,0,9,5,14,1,9,28,15,20,3,1,17,7,3,2,7,29,16,2,13,5,15,6,28,22,12,5,0,1,8,1,4,19,2,1,16,0,1,0,0,5,6,6,3,23,4,3,7,5,5,13,1,5,1,12,14,2,0,0,0,10,4,14,6,2,3,1,11,2,9,12,39,26,23,31,8,31,2,1,26,14,0,0,1,0,12,3,9,11,15,6,1,16,15,22,10,4,8,0,0,5,1,8,2,4,6,19,12,1,0,39,9,3,0,6,14,1,16,26,10,17,0,7,5,17
1,0,1,2,1,3,0,2,2,0,0,3,12,0,4,0,0,14,1,0,0,4,1,0,0,36,0,5,0,0,2,1,0,2,0,1,36,4,0,0,0,29,7,1,0,0,1,6,0,17,4,0,1,0,3,25,0,61,0,4,7,0,4,1,1,40,4,1,5,1,0,4,8,2,0,52,0,0,26,0,1,0,8,0,0,0,4,8,15,9,2,23,0,29,0,2,0,0,4,0,3,0,2,1,7,2,2,0,0,0,13,40,1,1,0,1,5,1,23,0,1,3,0,45,1,33,0,0,34,0,5,3,9,1,0,0,15,1,2,2,86,17,1,2,6,0,0,0,3,12,0,3
0,0,0,0,0,2,0,13,0,1,0,27,29,0,19,1,2,22,0,1,0,18,6,2,1,39,0,1,0,0,4,6,6,12,0,8,2,0,2,2,1,12,0,0,0,17,0,23,5,36,1,0,0,1,0,45,5,15,0,0,78,0,3,0,25,19,10,2,6,0,14,12,12,1,1,67,22,1,2,2,8,1,9,0,0,4,0,6,15,10,1,21,7,20,0,2,0,3,0,0,1,0,2,1,10,25,0,0,2,4,8,23,0,0,1,7,0,0,8,0,2,0,0,46,0,35,0,3,12,4,21,0,40,0,17,0,30,1,0,23,11,42,0,21,1,9,1,5,3,11,2,0
5,5,2,1,2,1,2,4,0,3,2,9,6,11,5,1,22,0,0,2,7,5,5,0,3,3,4,18,3,12,2,1,2,0,7,3,0,2,0,11,0,10,1,1,2,3,7,5,4,0,1,1,1,3,1,1,8,1,1,1,6,6,11,0,7,0,15,5,8,1,8,19,13,3,2,17,18,0,1,8,5,3,2,2,10,8,6,0,9,15,1,0,4,5,1,0,2,0,1,19,2,9,14,7,10,1,12,1,2,5,6,0,6,4,6,9,3,3,2,0,6,0,5,8,1,2,9,2,1,3,7,9,3,2,17,11,10,7,3,7,2,1,8,4,0,3,0,6,2,20,4,1
1,11,1,1,1,2,1,2,0,5,1,11,9,1,7,0,17,6,1,27,5,7,6,1,1,24,3,1,6,4,0,1,24,4,4,5,11,8,1,4,1,9,0,0,0,1,2,15,3,11,4,0,0,9,1,7,2,28,3,0,14,23,3,0,20,33,1,14,2,0,20,9,10,0,0,31,6,2,3,3,5,7,0,0,4,15,15,9,0,7,6,7,9,8,0,5,0,3,1,11,1,5,5,1,10,16,3,1,10,2,14,12,0,5,6,4,0,4,8,0,10,0,1,47,0,10,10,0,3,17,16,7,7,2,8,12,14,2,2,18,14,33,1,9,0,4,7,6,6,17,1,0
4,7,6,1,18,5,2,0,2,14,6,5,5,18,9,1,1,3,2,4,13,8,25,4,1,9,13,7,6,9,17,21,23,7,13,9,0,2,9,11,2,0,9,10,1,10,15,16,7,1,11,15,7,2,0,6,7,3,16,5,10,7,26,6,15,12,9,16,10,2,11,20,21,23,2,18,8,2,11,13,7,4,10,1,14,9,10,15,7,0,8,23,17,7,17,7,8,2,2,34,4,9,12,5,2,14,18,3,1,2,2,10,6,5,6,14,13,6,1,5,6,1,1,4,3,7,4,1,2,9,11,8,21,12,4,4,6,15,3,11,3,29,2,6,11,0,11,19,16,5,5,0
7,1,6,8,7,21,2,5,9,2,17,1,2,33,7,8,1,0,8,2,0,0,4,25,0,0,1,8,3,5,11,4,2,15,0,2,0,0,14,5,5,2,1,20,17,5,1,2,30,0,14,12,9,2,6,0,5,1,1,17,1,1,20,0,4,0,6,0,6,6,0,5,0,4,9,0,2,3,0,3,2,0,0,14,6,2,1,1,6,8,0,1,9,0,17,3,4,2,7,7,4,15,2,19,3,0,0,1,2,7,1,0,28,1,1,8,10,0,0,29,7,3,6,0,0,1,3,12,1,8,2,7,0,10,3,1,0,13,6,2,2,1,0,6,5,2,1,0,21,4,4,8
0,7,0,0,0,0,0,4,0,2,0,21,28,0,3,1,1,17,1,9,1,2,7,1,5,51,0,0,1,2,0,11,14,0,0,1,36,1,0,1,1,13,0,0,0,21,4,10,0,19,5,0,0,3,0,28,2,29,3,0,31,8,0,0,19,22,0,9,2,0,23,6,15,0,0,41,5,0,17,4,0,1,0,0,2,23,21,0,7,23,1,0,3,2,0,0,0,4,3,3,1,0,2,0,7,2,1,0,4,3,13,21,0,4,2,0,0,4,43,0,2,0,2,24,0,18,3,0,18,4,16,0,16,7,1,4,13,1,4,21,24,20,0,4,9,4,4,1,2,7,5,1
0,10,5,5,0,16,7,4,1,5,19,1,1,8,12,26,5,6,7,7,4,9,5,7,1,4,4,16,2,3,1,13,6,12,11,9,0,0,2,2,15,1,5,1,1,9,10,9,5,6,11,1,0,2,4,8,10,3,3,1,8,3,13,0,14,0,3,6,15,5,15,11,7,0,11,19,17,2,4,5,8,3,0,3,3,0,7,4,9,17,9,3,0,1,0,4,0,15,10,8,14,8,0,5,15,2,5,15,7,13,0,4,6,3,9,9,0,2,3,2,9,0,1,2,0,6,6,8,1,11,15,4,6,12,12,3,8,9,2,21,0,2,4,10,9,12,6,12,9,8,0,1
0,13,0,0,0,0,1,2,0,0,0,12,7,2,13,0,4,14,0,3,1,0,4,0,2,22,1,3,11,3,0,1,0,14,0,15,11,3,0,0,0,18,0,0,0,4,1,4,2,5,2,0,3,6,0,26,0,19,3,0,19,13,0,0,8,22,13,1,3,0,6,7,11,0,1,30,3,0,10,0,0,1,2,0,1,29,20,5,8,7,0,2,1,0,0,1,0,1,2,19,0,3,7,0,5,15,1,0,11,0,33,22,0,1,1,3,0,13,7,0,3,0,0,18,0,9,3,0,7,0,14,2,8,0,6,15,4,2,0,11,1,14,1,3,6,0,3,6,0,2,0,2
7,1,8,4,15,3,8,0,8,0,10,0,0,7,0,5,5,0,1,0,0,1,0,18,1,0,5,0,0,2,3,1,0,0,8,1,0,0,3,0,0,0,11,21,12,0,0,3,1,0,1,3,28,2,1,0,3,0,1,33,0,1,8,26,0,0,1,0,1,29,0,4,0,38,0,2,0,2,0,0,0,1,0,16,11,0,0,1,0,17,17,0,0,0,0,2,17,0,0,14,7,0,2,0,0,0,7,2,0,11,0,0,24,0,2,1,13,0,0,23,1,18,0,0,20,0,0,1,0,0,0,0,0,12,0,1,0,10,2,2,1,0,6,5,3,0,1,8,12,3,0,6
0,0,0,15,0,17,9,7,0,0,7,0,3,6,5,8,0,1,5,0,0,26,4,0,16,4,3,18,1,0,0,7,0,6,2,5,0,0,7,5,4,1,1,10,1,11,4,4,9,2,13,4,15,4,23,0,14,1,2,0,7,0,15,24,1,0,28,0,20,1,1,8,0,16,8,6,9,5,0,18,26,0,3,3,2,2,2,0,5,7,3,0,4,1,2,0,12,11,0,0,9,8,0,7,2,1,0,0,0,0,9,7,11,0,0,2,0,5,0,0,3,11,0,0,6,1,6,1,0,0,0,0,12,8,20,2,0,1,3,15,0,8,5,2,3,15,5,5,15,7,1,9
3,0,4,14,15,1,6,5,3,1,22,0,0,0,0,4,1,0,0,0,0,0,0,12,1,0,7,4,3,2,2,0,4,0,3,2,0,0,3,2,0,1,14,14,8,1,1,1,10,0,7,3,43,0,12,1,3,0,0,39,1,1,0,9,0,0,12,0,1,51,0,9,1,1,11,1,7,1,0,3,9,0,0,3,9,0,0,2,0,8,4,0,0,0,17,12,0,1,1,6,7,0,1,1,0,0,2,0,0,0,0,0,4,0,0,0,9,0,0,1,2,0,0,1,15,0,2,12,0,1,0,0,0,0,4,0,0,4,1,0,1,0,0,0,1,5,0,19,5,2,0,8
0,3,0,7,0,6,0,5,1,7,0,7,0,2,9,6,3,2,11,4,4,1,18,0,3,4,0,10,1,2,3,10,2,3,2,12,0,5,1,7,0,4,0,0,2,6,10,8,11,0,4,2,2,2,0,2,5,1,5,0,0,1,7,1,5,4,0,9,11,0,4,8,5,0,0,9,12,2,0,7,1,3,2,0,12,0,3,0,3,2,2,4,15,1,0,11,1,0,10,6,3,13,0,1,4,4,3,6,5,3,0,1,1,0,0,3,0,4,4,0,6,1,13,5,0,4,11,0,2,2,3,9,15,17,17,0,3,15,3,8,0,6,3,2,10,4,1,6,1,4,4,7
28,0,9,9,0,42,28,8,31,9,23,0,1,8,0,4,2,0,13,0,1,8,1,0,12,0,18,20,1,3,21,3,4,34,6,1,0,1,42,0,3,0,17,2,14,3,14,0,8,0,8,6,0,4,5,0,4,0,0,35,1,0,13,2,2,0,0,0,3,6,0,6,0,0,18,1,1,5,0,8,8,9,7,6,39,4,0,1,1,2,7,3,10,2,0,0,1,10,0,2,27,44,0,10,4,0,9,0,1,7,5,0,26,1,1,7,21,0,0,1,8,3,11,0,0,0,3,7,0,1,0,3,1,1,10,0,0,45,15,1,0,0,9,6,0,6,2,10,1,8,0,15
0,41,5,10,5,2,1,0,1,14,2,3,0,17,5,3,44,0,3,27,28,1,6,2,13,4,1,0,27,294,2,2,21,1,4,8,1,24,6,16,2,0,0,11,3,3,3,2,29,0,1,16,1,37,0,0,8,3,3,0,2,74,11,0,30,0,0,22,11,2,20,12,8,1,2,15,2,3,1,2,0,26,1,2,26,0,0,19,11,34,7,3,8,19,14,0,6,6,2,0,8,10,24,6,12,15,27,5,24,23,5,0,15,6,39,2,6,1,4,9,28,17,10,12,2,9,33,0,0,10,4,41,1,14,5,9,6,25,12,8,0,0,7,0,2,5,20,17,4,1,5,9
3,1,2,14,6,1,7,1,10,2,16,0,0,7,0,15,3,0,4,0,2,2,0,12,1,0,5,11,0,7,0,6,0,4,14,0,0,1,23,12,1,1,15,20,2,0,15,3,4,0,15,3,16,0,12,0,14,0,3,26,0,1,14,7,3,0,7,0,4,11,1,12,1,4,9,5,1,2,0,1,4,2,0,12,23,3,1,2,1,4,4,1,14,0,7,9,7,3,27,8,0,9,0,0,0,1,11,1,0,2,0,0,14,0,7,2,6,0,0,4,21,8,4,0,16,0,1,9,0,4,2,3,1,3,5,2,1,6,5,2,0,1,12,19,5,8,1,12,1,2,0,13
7,7,5,6,1,1,6,7,17,23,0,8,2,13,0,6,8,0,9,1,10,5,4,4,18,3,15,2,5,1,14,5,2,26,16,0,1,4,12,13,26,2,9,0,7,0,22,4,2,0,3,3,4,7,6,2,5,1,2,2,1,9,28,0,3,1,0,6,17,0,0,22,1,3,0,13,9,8,3,5,10,5,16,7,31,0,0,9,5,9,15,0,8,3,0,8,0,13,44,10,9,0,1,7,4,2,20,10,0,5,3,1,6,7,3,5,5,3,1,0,7,2,15,1,0,1,6,0,0,6,4,11,1,23,14,1,0,24,1,0,0,1,4,3,11,5,6,7,0,12,3,15
7,13,13,1,2,0,1,0,0,4,0,3,0,2,0,0,28,0,1,4,5,2,5,1,0,0,7,1,2,39,4,1,13,5,2,6,1,4,1,6,0,14,0,0,9,1,5,9,2,2,3,0,2,10,1,3,4,2,1,0,0,18,11,0,14,0,15,10,4,2,9,14,10,0,2,30,5,7,0,2,2,4,0,0,8,2,2,14,5,12,2,2,0,7,2,0,1,0,0,24,0,1,0,2,4,0,2,1,2,0,0,0,1,11,10,4,0,2,1,1,2,0,3,10,7,0,8,1,3,2,10,2,7,12,0,2,1,1,2,4,0,10,2,0,8,3,10,12,9,29,0,0
10,3,2,8,0,12,2,5,2,4,7,2,1,14,4,10,0,1,7,6,2,11,1,6,15,0,6,12,7,4,3,1,15,19,9,6,1,1,11,10,6,0,3,9,4,1,3,3,21,0,12,5,9,0,10,0,8,0,2,4,0,0,7,0,1,0,0,1,8,4,2,12,0,1,10,2,19,10,2,1,10,1,1,1,31,1,1,7,1,5,19,0,5,0,0,7,1,1,10,6,0,7,2,0,0,0,18,8,0,6,0,0,6,0,5,1,0,3,0,7,10,0,2,1,6,0,3,5,1,5,0,1,0,8,9,1,0,3,20,0,0,2,8,7,0,2,1,8,2,5,0,11
0,7,1,0,2,5,3,5,2,4,1,17,3,4,14,1,4,1,4,12,0,1,10,7,10,21,2,2,4,4,1,6,3,1,1,3,10,1,0,6,1,6,0,0,2,11,3,11,6,5,1,1,4,10,0,5,7,11,5,0,12,11,17,1,14,12,1,19,5,2,32,16,11,1,0,43,9,2,9,3,2,6,4,2,2,7,10,10,10,2,3,7,15,5,0,2,0,4,4,12,0,4,4,0,0,4,9,5,9,12,8,0,1,3,5,3,0,13,8,1,6,0,1,27,1,17,5,1,4,12,16,7,6,9,9,7,11,3,3,18,10,5,1,4,5,8,5,3,5,22,1,3
0,3,0,0,1,3,1,12,1,0,2,15,13,0,8,1,7,7,2,0,10,10,7,0,4,23,2,8,5,6,1,12,5,15,1,8,2,3,2,18,0,5,1,0,0,2,3,5,8,9,0,1,0,0,0,28,8,2,1,0,1,7,6,0,37,6,13,18,4,1,7,22,13,0,0,20,11,1,3,0,21,1,23,0,1,2,25,1,16,14,0,2,2,15,0,1,0,4,0,15,1,2,0,0,4,0,4,1,3,0,6,3,2,6,4,10,0,16,1,0,6,0,2,7,0,12,4,0,8,10,9,7,17,17,17,1,2,7,0,8,1,8,3,8,3,12,14,0,7,13,3,0
0,8,3,2,6,18,6,20,13,15,19,1,0,5,8,3,3,0,10,7,5,6,4,6,4,1,2,0,32,11,8,9,6,16,17,2,0,3,10,15,5,0,1,10,9,0,9,2,14,0,7,28,6,3,0,1,7,0,4,1,0,3,31,1,7,0,0,4,7,1,3,18,8,2,11,19,1,3,4,4,0,6,9,4,26,2,0,12,3,18,0,1,5,1,7,0,2,3,9,27,11,20,2,18,9,4,0,17,2,3,0,1,10,4,11,4,4,0,1,15,23,1,7,0,4,1,0,3,0,12,2,15,3,33,7,13,4,23,9,7,1,0,11,0,3,13,8,22,2,27,2,7
0,2,1,0,2,3,0,0,7,10,0,5,0,0,0,5,2,1,4,0,5,7,10,9,2,1,0,1,6,3,0,5,0,4,10,2,0,0,0,8,3,0,0,7,2,1,2,2,20,0,7,1,4,3,0,0,9,1,0,0,0,1,17,2,1,2,0,2,4,10,1,5,3,0,27,4,2,7,0,3,0,4,0,0,14,0,0,1,1,3,1,0,15,0,2,0,0,6,0,5,1,10,1,8,5,1,17,0,1,15,3,1,2,1,2,4,0,0,0,6,8,1,13,1,0,0,0,4,0,9,0,5,0,9,3,1,6,5,4,5,0,0,11,1,2,1,4,18,1,12,3,1
0,14,0,0,1,0,0,0,0,0,0,2,0,0,0,1,8,9,0,27,2,0,1,0,1,11,0,3,4,7,0,1,8,0,2,14,1,21,2,4,0,2,0,0,0,2,0,6,5,1,3,0,1,14,0,12,1,2,2,0,5,26,8,0,14,4,1,13,2,0,7,4,12,0,0,35,0,0,0,0,0,8,8,1,0,0,2,2,10,1,2,4,7,11,0,0,0,5,1,24,0,0,2,0,9,3,2,1,0,1,2,10,0,9,3,4,0,6,3,0,4,1,3,11,0,11,5,0,1,3,10,4,2,5,2,3,6,1,1,6,1,12,5,0,3,0,5,2,0,4,10,1
0,4,1,15,7,5,2,7,4,2,4,1,4,16,10,18,2,1,4,2,0,2,9,5,19,4,9,7,3,1,3,16,6,5,22,2,0,6,6,8,12,2,2,12,1,4,18,6,21,4,18,12,11,5,3,0,3,4,5,0,5,2,12,8,3,4,6,1,2,4,0,13,3,4,17,4,6,3,0,7,3,5,0,4,0,0,4,5,2,2,7,3,13,0,11,0,0,3,7,23,2,5,0,6,12,0,3,15,1,0,4,1,7,0,6,4,0,2,1,3,2,3,8,2,5,3,1,8,0,6,0,1,3,4,2,2,0,16,10,6,1,5,5,17,1,7,1,17,1,10,0,9
0,6,0,0,0,0,0,0,0,3,0,22,4,0,8,2,3,12,3,3,0,0,3,3,17,23,0,1,1,0,0,2,2,1,1,15,15,3,0,0,1,21,0,0,0,14,1,0,4,16,2,0,2,2,0,9,3,27,5,0,12,8,1,0,5,14,3,3,0,3,5,7,19,0,0,30,7,2,3,8,1,2,1,0,1,13,8,6,14,2,1,13,0,33,0,9,0,0,5,5,0,3,0,0,8,6,0,3,2,4,0,7,1,6,6,5,0,5,13,0,2,0,0,14,0,7,4,0,11,2,14,3,11,1,5,0,0,1,2,12,36,6,8,3,21,0,7,8,1,16,5,1
0,2,0,1,1,0,0,1,0,0,0,14,31,0,5,0,4,40,0,2,1,7,2,2,0,21,2,0,4,0,1,1,5,5,2,1,28,1,0,0,1,24,0,0,1,4,0,1,1,29,3,0,0,0,0,35,5,34,1,0,26,0,0,0,6,33,7,4,4,0,17,8,18,0,0,53,8,0,19,0,1,2,0,0,0,40,23,0,12,10,0,21,4,22,0,7,0,1,0,0,0,1,0,0,0,3,1,1,10,1,7,0,0,4,2,4,0,10,16,0,5,2,4,15,1,21,6,1,20,1,8,0,14,0,2,1,23,0,0,14,30,15,0,5,31,0,2,1,0,2,5,0
16,3,4,21,4,15,4,3,17,3,16,5,0,8,3,5,2,0,29,1,2,0,5,13,2,0,12,1,2,4,6,0,0,24,16,1,0,1,6,2,25,2,10,25,13,1,4,0,5,0,7,9,7,1,11,0,5,2,0,11,0,4,6,2,4,0,1,1,15,14,3,11,1,6,7,2,0,38,0,1,1,1,0,32,12,1,0,6,0,6,28,0,6,0,24,11,4,1,26,15,14,6,1,6,1,2,10,2,0,7,1,0,0,0,0,5,10,0,0,37,5,5,11,0,1,0,0,12,0,3,0,1,0,5,3,0,0,7,17,1,0,0,3,0,11,2,0,4,7,5,1,26
0,2,0,0,0,1,0,1,0,1,0,3,11,3,1,0,1,0,0,9,2,0,4,0,0,0,0,2,3,9,1,0,2,2,0,4,0,2,0,6,0,1,1,0,0,0,4,0,4,2,2,0,0,4,0,0,1,4,0,0,8,5,7,0,13,2,0,7,9,0,7,2,2,0,0,20,3,1,2,3,0,1,5,1,3,1,0,4,5,5,1,4,3,1,0,0,0,0,1,6,0,7,11,0,3,6,4,1,9,0,6,4,0,0,5,2,0,2,2,0,2,0,0,7,0,0,7,0,0,5,7,2,1,4,1,8,5,0,4,3,0,4,2,0,11,2,8,1,0,7,2,4
0,16,12,2,3,2,3,6,2,4,4,2,1,6,0,0,16,0,7,22,6,0,2,3,0,1,0,0,16,5,5,4,8,1,2,1,0,7,3,11,1,1,0,3,4,0,4,8,13,1,2,2,0,14,0,2,5,2,8,1,1,20,5,0,13,2,0,9,7,4,12,12,9,7,0,19,0,0,3,2,2,36,0,0,9,0,1,6,6,6,1,2,9,1,2,0,0,0,1,39,7,3,10,5,5,4,11,2,3,6,6,2,0,5,0,7,0,2,1,2,15,0,2,5,3,3,6,0,0,4,5,8,1,5,4,4,2,4,7,2,6,1,6,0,5,4,3,6,3,3,4,4
4,7,2,0,11,19,2,0,7,19,2,3,0,19,8,9,5,0,4,5,0,3,1,4,4,0,14,8,7,13,9,5,6,0,2,5,0,9,2,10,1,1,0,0,2,6,3,2,10,4,7,5,3,0,2,3,17,0,0,28,3,0,17,3,3,3,18,3,12,9,3,10,4,26,2,9,8,3,3,1,2,5,10,0,11,1,7,9,4,14,8,0,9,3,1,2,0,3,7,2,2,5,4,1,3,10,4,4,4,4,5,4,5,2,7,0,4,4,2,1,13,11,13,2,3,0,6,5,0,11,4,7,15,0,5,7,5,2,8,1,0,2,14,8,0,7,5,6,17,20,2,3
9,1,10,4,6,14,22,0,10,0,24,0,0,9,0,0,0,0,0,0,0,3,0,1,0,0,7,3,0,1,4,0,4,10,0,0,0,0,9,2,0,0,12,10,12,3,5,0,0,0,0,6,11,0,23,0,8,0,0,80,0,0,8,5,2,0,0,0,0,8,0,15,0,3,7,6,0,6,0,0,8,0,4,15,15,5,0,3,0,13,10,0,0,0,13,0,9,0,21,6,6,5,0,0,0,0,4,0,0,0,0,0,10,0,0,4,0,0,0,0,0,12,0,1,8,1,0,8,1,0,0,0,0,1,2,0,0,6,2,0,0,0,0,0,0,0,0,2,7,2,0,6
0,6,0,0,0,1,2,0,2,1,1,8,4,2,5,3,6,0,8,0,2,0,3,0,9,1,1,2,5,3,0,1,10,1,4,11,4,6,0,3,0,5,0,0,3,4,4,5,2,13,5,0,1,6,0,10,3,8,4,0,2,9,5,0,9,7,0,5,6,0,4,13,9,0,0,13,2,4,0,2,1,2,9,0,6,1,0,3,4,6,0,4,2,13,0,5,0,4,0,1,0,3,2,3,13,16,0,0,6,2,5,10,0,2,2,4,0,0,9,0,10,3,10,10,0,3,5,0,4,2,12,6,1,2,2,7,4,0,0,11,0,2,3,2,2,8,13,1,8,13,15,4
0,3,1,0,5,0,1,0,0,0,0,11,16,0,7,0,4,19,0,3,1,1,7,2,2,19,1,0,0,1,0,1,2,2,1,5,22,3,0,2,0,21,0,0,0,8,1,3,1,25,0,0,0,2,0,48,3,27,0,0,19,3,1,0,12,28,0,10,1,2,6,6,9,0,0,50,7,3,30,1,0,2,4,0,1,23,8,2,8,1,0,43,3,7,0,0,0,4,0,4,0,1,1,0,8,1,1,0,3,1,13,16,0,2,1,2,0,9,0,0,3,0,0,28,0,34,16,0,1,4,3,0,25,0,5,6,21,0,0,17,21,12,0,4,7,1,7,4,0,10,1,0
3,0,5,15,0,6,11,10,12,4,7,1,0,4,2,3,1,0,10,0,0,3,2,14,1,2,3,13,2,0,1,0,1,8,19,0,0,3,33,2,8,0,0,16,18,3,4,0,12,2,11,5,25,0,2,0,1,0,0,0,1,0,7,11,6,0,0,0,3,5,1,5,0,6,25,2,1,14,0,1,2,2,0,4,16,0,0,0,0,5,29,0,2,0,23,0,1,0,1,9,4,0,1,7,1,0,15,6,0,3,0,0,37,0,2,1,0,0,0,0,0,1,3,0,3,2,0,10,0,5,2,1,0,6,2,1,0,2,16,3,2,0,6,2,1,7,0,19,1,2,1,1
0,11,2,0,0,7,3,3,2,8,8,5,0,5,1,13,12,0,25,7,10,6,5,4,18,1,0,0,8,14,0,1,7,7,6,7,0,13,3,14,1,3,1,5,7,4,4,3,10,0,3,4,3,7,3,2,9,0,36,6,1,7,11,0,6,3,1,12,13,8,3,19,2,0,17,10,4,6,1,9,0,18,1,6,15,1,2,6,10,6,7,2,9,3,1,3,2,6,8,28,21,7,2,10,6,6,23,8,4,2,2,5,5,2,15,13,0,10,3,0,0,1,14,2,2,1,5,0,0,9,2,24,4,23,13,0,6,17,12,5,0,6,17,0,8,1,3,5,0,11,3,9
3,10,7,9,9,16,10,7,3,0,7,1,0,1,1,1,3,0,1,1,4,0,0,3,4,0,14,3,1,1,3,0,1,12,1,2,0,0,10,1,3,0,13,16,3,0,3,0,0,0,4,8,9,2,9,4,6,0,0,71,0,1,27,11,0,0,6,1,1,7,2,11,1,11,9,7,0,13,0,3,2,2,1,13,22,3,0,0,0,1,3,0,0,0,18,11,0,1,3,17,8,2,0,0,0,0,1,1,1,3,0,2,5,0,0,11,12,3,0,1,1,0,3,2,19,1,1,0,0,0,0,2,0,2,2,0,0,3,5,1,0,0,14,0,7,2,3,3,3,5,2,23
7,1,23,6,0,5,1,0,1,35,2,4,0,2,6,2,1,0,6,0,7,2,3,9,14,0,0,4,4,10,1,1,7,15,17,10,0,0,5,2,2,4,0,0,9,4,6,1,10,1,7,5,2,3,0,1,7,10,6,0,4,1,17,0,3,1,0,1,5,0,0,15,4,1,4,6,4,7,0,2,5,29,0,0,10,0,0,5,1,1,6,2,1,0,0,0,0,13,11,10,4,15,3,2,1,2,7,13,3,8,0,4,11,0,2,13,0,10,0,3,14,3,0,2,0,1,1,0,1,12,3,13,1,7,2,3,4,10,6,3,2,2,4,6,15,7,5,19,1,9,6,6
0,26,0,0,0,1,0,0,1,0,0,33,9,2,12,0,14,21,1,13,1,1,12,0,1,44,0,1,2,3,0,1,7,1,1,11,27,10,1,4,1,23,0,0,0,6,3,15,4,18,2,1,3,16,0,36,3,70,8,0,40,27,1,0,6,91,3,26,4,0,62,14,26,0,0,93,12,2,7,6,3,5,0,0,4,45,46,8,47,4,0,24,2,18,0,0,1,5,0,12,0,1,10,1,27,7,0,1,11,2,14,15,0,7,5,2,1,10,28,0,2,2,2,0,0,74,36,0,23,9,18,1,15,2,3,3,10,1,2,27,52,28,0,7,5,6,4,3,3,9,18,1
23,3,13,2,2,5,1,0,1,0,9,0,0,15,0,2,0,0,1,1,1,9,0,22,2,0,4,18,0,4,23,0,0,2,19,0,0,0,1,1,5,2,4,10,5,1,2,0,11,0,10,3,37,5,27,2,12,0,0,101,4,0,10,20,3,0,9,1,0,45,0,18,1,43,2,2,0,1,0,0,6,0,1,14,8,1,0,1,0,3,0,0,0,0,20,6,15,0,0,2,16,0,7,6,1,0,4,0,0,5,0,1,1,0,3,3,8,0,0,3,2,19,0,0,0,2,0,2,1,0,0,1,1,6,0,0,0,5,5,0,0,0,2,1,1,7,0,0,25,1,0,14
0,1,0,0,3,0,0,0,0,0,0,11,17,1,18,1,1,49,0,6,0,0,2,0,6,40,0,0,0,5,3,1,5,9,10,8,117,5,0,2,0,54,0,0,0,15,1,8,6,26,3,0,1,6,0,61,0,18,4,0,32,9,0,0,18,21,4,16,6,0,11,8,18,0,0,58,12,0,59,9,4,2,0,0,0,33,35,2,10,7,1,18,6,9,0,1,0,4,0,9,0,1,0,0,17,12,1,0,11,3,7,21,0,0,3,0,1,3,34,2,1,1,1,74,2,0,12,0,31,5,14,2,51,1,13,3,13,1,0,10,25,10,1,1,13,3,0,6,1,24,19,1
0,14,0,0,3,0,0,0,1,0,4,5,2,1,15,1,16,0,2,11,2,2,8,0,5,5,4,2,2,19,0,1,20,1,4,5,2,5,2,19,0,9,0,2,1,10,8,3,14,5,1,1,2,16,0,3,5,19,2,0,8,14,3,0,23,0,0,17,1,0,6,7,14,0,0,9,8,2,3,6,0,3,29,1,0,0,0,9,10,4,3,3,6,3,0,6,2,11,3,33,1,6,8,3,5,4,0,0,5,1,4,6,0,7,6,6,0,5,16,0,5,1,1,36,0,12,0,0,0,4,10,9,5,10,1,3,19,0,6,16,2,0,4,0,1,2,6,6,1,27,2,9
6,0,0,8,3,4,23,5,0,3,12,0,2,16,0,1,0,0,2,0,0,0,0,12,5,1,8,23,0,1,0,0,0,2,3,3,0,0,6,5,1,0,31,2,3,5,1,1,9,0,3,0,14,0,16,0,4,1,0,16,0,0,5,0,0,0,3,1,2,13,0,4,0,5,20,2,5,0,3,3,9,0,2,3,5,0,3,2,0,1,12,0,8,0,1,1,12,0,7,0,9,0,1,5,1,0,3,4,0,8,0,1,12,0,0,5,8,0,0,10,0,0,0,0,2,0,0,0,0,0,0,0,0,1,13,0,0,4,0,0,0,2,2,15,0,1,0,3,8,3,0,0
1,2,0,0,1,0,0,1,0,0,0,3,4,1,2,0,4,17,0,2,1,2,1,0,2,22,1,1,2,0,0,7,1,0,1,3,38,1,0,0,0,11,0,0,1,2,0,5,3,16,0,0,0,0,0,20,0,45,1,0,12,5,0,0,9,40,6,1,1,0,4,2,3,0,0,59,1,0,30,0,1,1,1,0,1,34,12,1,3,2,1,18,1,7,0,0,0,2,0,0,0,0,3,1,4,8,0,0,1,0,11,20,0,0,0,0,1,4,1,0,0,0,1,23,1,31,0,0,0,2,11,0,6,0,0,0,4,0,0,2,40,10,1,0,5,1,2,1,0,4,0,0
1,10,1,4,6,8,8,16,3,16,0,5,1,0,12,7,8,1,5,13,4,8,4,3,10,4,3,2,8,7,9,13,7,1,11,4,3,13,4,8,0,3,0,2,8,10,4,9,12,2,2,9,0,5,3,4,6,2,25,3,11,2,13,1,27,7,0,15,9,1,17,22,9,0,2,24,4,1,1,1,7,15,1,1,8,0,4,3,17,9,8,4,11,0,0,0,1,2,1,10,4,6,2,5,12,10,12,9,3,6,2,1,3,5,4,11,0,2,4,5,9,0,12,9,0,5,4,0,2,0,10,12,8,15,8,9,11,3,0,12,0,10,0,7,1,7,3,21,12,14,10,16
0,6,4,0,2,0,0,3,1,2,2,20,5,2,12,0,1,2,1,4,4,1,2,0,1,3,2,6,4,3,3,13,4,0,0,12,6,2,1,6,1,9,0,0,1,2,0,11,3,23,0,1,0,3,0,17,2,24,4,0,13,12,2,0,22,16,0,5,3,0,26,15,26,0,1,52,3,1,9,1,3,2,2,0,2,5,21,7,16,11,2,16,15,14,0,0,0,3,0,4,2,4,10,0,16,9,2,0,10,0,14,8,0,7,5,4,0,12,3,2,2,0,3,18,0,14,10,0,11,10,0,3,1,4,7,9,13,7,1,37,13,11,0,7,11,4,6,10,0,12,5,2
0,13,1,2,0,1,0,2,5,10,1,5,0,0,0,0,12,0,12,4,3,1,4,5,7,0,0,0,13,42,0,1,7,11,5,2,0,11,5,10,0,6,0,1,5,1,5,1,8,1,6,0,1,14,1,1,1,5,2,1,0,2,10,0,8,0,0,12,4,0,3,5,13,0,3,7,0,3,0,10,1,6,3,0,4,3,0,9,7,8,7,0,4,2,0,0,0,9,3,41,3,11,2,1,7,7,15,5,4,1,3,0,1,2,8,7,0,6,0,1,24,2,13,1,1,2,9,0,0,12,3,0,0,5,6,8,1,1,13,9,0,1,4,0,0,4,5,8,10,20,5,3
0,5,0,0,0,1,0,5,0,10,0,3,42,0,17,0,1,7,3,9,16,10,7,1,5,37,11,3,1,3,6,19,13,11,1,3,39,10,0,6,3,11,0,0,4,13,3,9,18,34,7,3,0,3,0,52,5,3,1,0,27,8,11,0,12,3,0,5,7,0,0,16,8,0,1,43,37,0,10,2,11,0,10,0,6,9,40,3,7,21,0,16,6,8,0,12,0,15,1,1,1,1,7,0,6,17,3,0,2,3,11,14,0,1,1,15,0,1,25,0,4,0,1,15,1,51,5,0,6,8,1,0,0,4,19,1,12,3,1,9,7,11,4,15,23,9,5,13,1,5,1,3
0,4,18,2,0,10,6,6,4,12,5,2,0,14,0,0,5,1,10,21,4,1,3,14,9,0,12,0,16,7,3,17,5,11,12,11,0,9,12,14,8,1,4,10,9,0,15,3,22,0,3,9,8,1,1,0,11,3,5,12,0,9,30,4,4,0,2,11,7,9,5,22,7,12,10,11,3,15,1,4,0,14,13,4,19,1,0,2,2,12,10,7,12,0,12,8,0,17,1,14,3,23,12,8,9,17,33,9,5,4,1,0,5,4,5,0,1,2,0,6,23,2,7,2,6,1,10,1,0,15,4,5,4,0,25,1,15,25,16,5,1,0,3,0,24,3,16,18,2,18,4,3
5,2,7,11,1,7,4,24,3,35,6,9,7,8,4,14,3,0,8,5,0,19,5,3,5,16,0,7,6,5,5,14,8,11,15,4,0,3,8,17,3,10,0,1,0,13,15,12,26,5,4,6,1,8,4,6,9,2,1,0,9,0,6,0,6,7,20,5,39,6,5,14,16,1,19,4,22,15,2,12,27,4,12,0,12,0,17,17,8,4,3,1,12,6,0,20,4,17,10,5,5,14,0,9,9,17,7,3,2,2,5,2,3,1,4,5,2,2,5,2,13,2,2,3,0,13,1,13,0,8,7,6,19,25,0,6,2,7,5,12,1,13,4,27,6,1,5,21,14,6,15,9
0,8,1,0,0,1,1,4,1,4,0,6,2,5,9,0,9,0,1,12,0,0,8,1,2,5,4,1,7,6,2,4,7,2,7,21,0,3,1,10,0,1,0,0,0,2,0,1,5,1,1,0,0,18,0,1,0,7,6,0,5,7,3,0,4,1,0,10,7,2,8,7,4,0,0,17,1,2,15,0,2,6,0,2,1,0,0,11,12,4,1,4,3,15,1,2,0,0,0,9,2,1,2,1,7,1,13,1,3,2,0,1,0,8,4,7,0,7,6,1,0,0,3,3,0,3,3,0,0,9,9,8,1,1,6,0,5,3,3,16,5,4,1,2,1,0,7,34,3,10,10,1
0,11,0,1,4,0,1,1,1,4,3,4,1,0,9,1,3,6,3,12,9,5,0,2,5,10,4,2,1,9,0,4,8,7,2,9,2,7,1,6,0,11,0,0,0,4,4,15,1,4,1,1,0,8,0,15,6,5,3,0,9,6,8,0,18,10,1,29,3,0,19,9,11,0,0,55,5,0,43,0,0,10,4,0,0,15,30,10,14,6,0,13,8,4,0,0,0,3,0,6,1,0,1,0,11,2,4,6,6,0,0,23,0,5,2,5,0,4,21,0,6,0,4,10,0,13,19,0,4,11,13,1,12,15,2,5,0,1,2,8,5,18,0,11,6,5,17,4,5,17,2,0
6,7,33,0,0,7,7,4,10,34,7,1,1,17,3,5,1,0,9,5,14,2,4,1,1,7,6,29,8,9,9,5,2,40,16,3,0,5,9,1,2,0,18,5,11,0,8,0,4,0,5,7,1,1,9,1,5,0,5,0,0,4,27,1,5,0,0,2,0,3,0,21,0,10,3,6,10,2,1,1,13,9,23,8,39,1,1,7,2,15,13,1,9,2,10,1,4,15,45,25,6,24,1,3,3,7,23,5,1,16,1,0,7,0,4,2,6,0,0,2,17,3,10,1,5,1,0,4,0,3,7,1,3,25,7,3,1,0,2,3,1,0,0,16,1,8,5,3,2,8,3,5
3,2,10,2,2,2,6,5,22,11,3,1,0,6,1,3,2,6,37,3,1,8,7,22,2,1,15,4,21,16,1,4,0,16,30,2,0,1,3,9,1,1,3,5,14,0,10,0,6,0,16,9,1,1,0,0,3,1,0,0,0,3,9,1,3,1,0,5,8,4,4,2,4,5,34,2,0,10,0,3,1,12,3,37,9,2,0,3,2,3,6,4,2,0,2,3,1,3,15,12,5,1,2,20,3,0,9,4,1,10,2,0,17,4,7,8,2,0,0,16,12,5,6,2,5,0,6,0,0,0,1,13,1,16,5,3,2,2,0,1,0,1,10,3,6,4,7,25,0,8,0,5
0,32,1,2,2,4,0,3,1,4,0,19,2,3,24,1,9,4,3,12,2,0,13,1,5,16,0,9,3,11,0,13,10,3,7,8,2,12,1,12,7,12,0,1,1,5,2,29,8,18,5,2,0,14,0,8,5,11,7,0,31,17,8,1,12,6,1,31,7,2,34,18,31,0,1,53,12,2,11,5,5,2,4,0,3,2,23,7,18,11,2,21,21,11,2,15,0,8,1,8,2,0,4,0,18,8,7,5,6,6,12,14,1,3,2,1,0,11,17,3,5,1,3,27,0,10,16,0,2,12,37,9,9,5,12,16,8,3,1,0,9,6,0,15,2,15,10,22,8,15,10,0
0,0,0,0,0,0,0,0,0,1,0,22,37,0,2,1,5,25,0,2,0,3,0,0,1,52,0,0,0,11,0,2,0,0,1,3,52,1,0,5,0,35,0,0,0,0,7,0,4,7,0,0,0,5,0,39,0,41,0,0,5,12,2,0,2,23,0,3,0,0,3,4,8,1,0,106,0,0,16,0,0,1,9,0,0,86,11,2,14,3,2,24,0,1,1,0,1,0,0,0,0,0,0,0,10,1,1,0,1,1,36,30,0,0,6,0,0,0,21,2,0,0,2,52,0,25,2,0,40,0,13,0,7,1,1,5,5,1,0,9,0,5,0,0,1,0,42,1,0,16,2,0
0,4,0,0,0,6,1,14,1,1,2,14,14,0,14,0,0,3,1,1,2,18,5,3,1,20,0,15,2,1,1,36,2,7,1,5,4,1,0,5,3,17,1,0,0,30,0,32,1,21,4,0,0,3,0,27,4,14,4,0,34,6,5,0,21,21,5,2,16,5,19,18,18,0,9,49,13,0,11,1,12,1,9,0,6,17,42,1,33,29,1,20,2,14,0,8,0,6,0,0,1,1,10,2,5,8,0,0,12,5,6,15,0,4,1,2,0,2,12,0,6,0,2,28,0,10,0,2,10,10,11,1,11,0,13,4,18,0,1,6,5,0,0,15,1,19,2,8,6,7,1,1
0,0,1,17,2,15,7,1,7,11,5,3,0,4,2,15,0,2,11,1,0,2,5,7,7,0,3,5,1,8,0,3,0,4,8,0,0,2,6,7,13,1,0,4,10,2,2,2,3,0,21,4,1,1,0,0,8,0,0,0,1,2,12,1,0,0,0,10,8,3,0,13,0,0,1,3,2,13,0,0,3,2,5,1,14,1,0,8,1,2,0,0,4,1,6,5,0,3,9,7,12,4,2,8,1,3,11,11,5,5,8,0,3,2,6,14,0,3,0,6,17,14,4,0,2,1,4,2,1,0,0,4,4,3,4,1,0,0,10,0,0,0,0,8,3,4,10,11,10,10,1,5
0,0,0,5,1,9,8,15,2,6,19,41,8,5,9,1,1,8,4,0,1,12,0,15,7,9,2,9,3,0,11,14,3,2,8,2,0,4,6,0,9,0,8,0,8,18,3,13,7,3,14,0,1,3,18,5,15,14,1,0,13,3,2,2,14,0,14,1,33,10,12,18,10,10,7,15,12,6,11,0,29,1,5,6,1,2,21,4,9,6,6,4,10,3,5,2,0,2,6,0,19,3,0,7,4,8,0,1,0,17,3,5,0,0,0,8,0,2,4,2,0,0,6,7,1,1,0,15,0,7,7,0,15,0,27,2,11,16,3,15,0,15,8,0,0,4,2,3,5,20,0,5
0,4,21,8,1,7,2,24,1,3,0,3,6,5,4,1,0,14,5,7,1,5,4,3,1,5,5,1,10,2,29,12,5,44,7,5,1,12,3,7,3,13,0,6,13,6,12,22,5,6,3,3,11,2,0,14,7,5,0,0,8,8,4,0,9,9,1,3,1,1,1,25,10,7,5,58,4,1,10,10,0,2,0,2,16,6,1,0,0,11,5,9,9,6,3,3,1,10,0,2,5,11,8,0,5,3,3,2,3,1,21,31,11,11,5,0,0,2,7,1,8,7,15,5,1,13,1,0,5,1,11,0,23,24,6,1,6,1,6,2,1,1,3,0,0,6,2,27,0,18,21,2
0,0,0,10,0,3,8,10,3,5,3,10,1,2,13,1,1,0,14,5,2,3,8,4,16,6,0,5,8,2,3,10,2,7,10,3,0,2,1,3,0,3,4,5,4,14,15,3,3,1,6,1,4,0,4,3,3,1,0,2,8,7,5,13,10,5,2,4,7,0,9,5,8,8,4,9,10,4,1,8,12,2,2,0,26,0,9,3,4,0,2,4,12,0,0,15,5,4,6,5,8,5,3,2,8,12,13,1,0,7,0,0,2,2,4,7,0,8,1,7,1,2,7,6,7,3,2,1,1,7,4,4,9,3,1,0,5,8,4,15,0,19,4,4,6,0,11,18,4,13,5,5
0,21,0,0,2,0,11,1,0,1,1,9,0,1,0,1,8,2,3,28,10,9,2,8,3,9,2,1,6,5,4,4,10,7,0,14,0,14,2,2,0,3,0,1,2,2,8,2,6,7,8,2,2,14,0,9,1,13,2,0,4,52,7,0,24,1,0,37,4,0,9,9,21,0,0,14,2,4,0,2,0,5,5,0,10,0,1,0,7,11,1,4,6,3,1,5,0,1,2,20,1,6,10,1,5,14,8,4,5,1,7,2,0,8,3,5,0,13,7,0,3,3,5,4,0,0,6,0,2,3,6,5,5,16,5,7,17,5,7,10,42,2,10,2,2,11,0,7,0,26,13,6
6,6,18,5,4,7,4,8,4,22,2,4,0,4,8,3,1,4,5,10,1,0,10,5,25,8,24,4,11,9,3,22,6,21,30,9,1,5,2,8,8,3,4,19,9,7,23,6,9,2,5,4,5,2,4,3,20,15,2,0,4,16,21,0,6,3,0,12,16,1,4,11,9,0,13,5,15,20,5,6,0,17,0,21,17,0,5,6,6,19,0,1,12,6,8,5,19,6,10,17,12,7,12,8,3,0,22,18,2,17,8,1,4,1,6,6,2,1,4,19,5,3,19,3,0,6,6,3,1,21,10,8,13,18,21,34,4,3,25,22,1,8,11,3,27,18,7,0,2,14,6,10
18,6,10,1,8,10,2,13,0,1,3,0,1,8,5,5,1,0,4,0,0,0,10,23,2,4,5,24,0,3,19,1,1,8,7,2,0,1,9,0,1,0,7,1,0,1,2,12,4,9,1,0,17,0,27,2,13,0,6,29,1,1,3,27,13,0,4,0,12,4,7,12,8,1,11,16,2,4,6,1,19,0,1,3,0,3,3,2,6,16,21,2,9,0,12,15,5,1,1,4,1,0,9,2,5,7,2,1,0,1,1,0,7,0,3,17,7,8,0,1,0,3,1,3,25,1,1,8,0,12,0,10,1,2,14,3,5,2,0,8,0,6,10,5,0,4,0,2,0,11,3,16
3,4,13,6,3,5,8,10,10,16,2,13,1,19,12,7,11,8,11,10,7,4,10,11,6,9,7,12,6,10,14,14,9,4,8,11,40,24,5,8,2,21,9,2,4,5,9,15,6,9,4,5,5,15,7,6,34,15,6,11,4,14,12,4,26,7,2,14,8,3,13,14,35,19,2,20,6,2,7,7,2,4,12,3,7,12,11,20,17,5,4,7,8,2,3,7,2,4,8,1,2,12,29,5,22,13,27,12,4,10,16,2,5,7,3,20,2,13,10,2,11,5,9,9,1,24,27,3,4,14,12,20,5,18,6,10,17,8,8,15,16,7,10,20,18,13,26,14,11,0,7,7
0,24,0,4,0,2,0,1,0,0,0,15,5,0,2,5,1,1,7,5,0,4,6,3,16,6,0,1,1,2,0,1,2,1,2,8,0,4,0,1,0,2,0,1,3,5,4,0,1,15,0,2,0,5,0,2,1,11,1,0,0,8,1,0,6,2,0,12,6,1,2,5,17,2,1,11,1,3,2,4,1,1,0,0,5,0,2,4,1,5,4,5,0,0,0,1,0,4,0,5,0,3,0,0,1,3,2,3,10,0,5,5,1,2,4,2,0,15,1,1,3,2,6,18,0,19,2,0,0,10,5,5,1,4,15,10,2,3,0,10,2,1,1,0,21,5,13,6,3,7,0,8
2,2,15,16,2,8,4,3,8,11,24,3,2,3,1,4,0,0,24,0,5,2,0,10,20,0,0,1,5,0,6,2,5,3,18,0,1,5,10,2,17,0,1,11,8,1,6,1,3,0,15,4,4,1,0,0,5,4,9,4,4,2,13,9,1,0,1,4,1,6,2,13,1,5,0,3,1,33,1,1,0,2,1,4,17,3,0,1,0,0,8,1,1,2,6,9,8,7,15,9,13,15,0,11,3,0,7,1,1,9,1,0,26,4,4,3,6,4,0,1,9,23,6,1,14,1,9,0,0,16,2,3,3,3,9,1,0,5,5,0,0,1,5,5,2,5,6,10,16,7,8,0
