Ant4,Ant57,Ant260,Ant5,Ant52,Ant59,Ant65,Ant244,Ant540,Ant929,Ant2,Ant6,Ant24,Ant25,Ant26,Ant30,Ant38,Ant73,Ant74,Ant99,Ant102,Ant148,Ant158,Ant191,Ant196,Ant202,Ant209,Ant245,Ant268,Ant278,Ant308,Ant604,Ant620,Ant646,Ant673,Ant838,Ant1,Ant12,Ant13,Ant20,Ant27,Ant28,Ant29,Ant32,Ant40,Ant42,Ant43,Ant44,Ant50,Ant55,Ant62,Ant66,Ant68,Ant70,Ant71,Ant80,Ant81,Ant82,Ant85,Ant91,Ant96,Ant97,Ant100,Ant105,Ant111,Ant112,Ant113,Ant114,Ant117,Ant126,Ant135,Ant137,Ant139,Ant142,Ant144,Ant147,Ant149,Ant153,Ant156,Ant159,Ant169,Ant170,Ant173,Ant174,Ant176,Ant178,Ant186,Ant195,Ant198,Ant207,Ant212,Ant217,Ant218,Ant219,Ant220,Ant221,Ant226,Ant229,Ant232,Ant238,Ant242,Ant243,Ant250,Ant255,Ant256,Ant257,Ant261,Ant263,Ant265,Ant294,Ant299,Ant301,Ant305,Ant318,Ant320,Ant332,Ant334,Ant342,Ant347,Ant353,Ant356,Ant376,Ant387,Ant390,Ant391,Ant394,Ant395,Ant398,Ant433,Ant437,Ant475,Ant492,Ant501,Ant527,Ant549,Ant552,Ant556,Ant575,Ant580,Ant592,Ant593,Ant600,Ant607,Ant610,Ant614,Ant621,Ant632,Ant635,Ant638,Ant650,Ant663,Ant665
0,0,1,2,10,10,17,1,12,6,0,1,0,7,17,0,0,0,2,4,0,0,2,5,3,0,3,52,0,0,9,13,0,18,11,0,0,0,2,18,6,1,3,9,4,17,0,1,10,0,6,8,1,0,0,0,4,4,0,0,2,0,0,3,0,0,13,0,20,5,0,10,0,1,0,2,0,4,0,2,0,5,3,7,6,0,0,11,0,0,18,1,3,0,2,10,3,9,9,2,4,13,0,0,0,1,8,1,0,6,0,4,3,0,0,4,1,2,0,2,1,4,1,1,0,1,0,15,0,1,0,5,0,11,12,0,9,21,9,5,0,0,8,22,13,2,4,23,15,6,6,4
0,0,1,0,5,1,5,6,0,4,0,8,0,9,8,2,11,0,15,29,13,0,8,0,4,0,1,1,6,9,1,3,8,0,3,6,0,9,0,5,2,1,0,0,2,0,18,18,3,0,2,6,1,17,0,0,0,10,6,0,31,20,10,0,12,0,0,21,1,7,17,6,5,0,1,10,12,3,3,6,2,2,0,2,8,0,0,15,2,17,2,16,5,3,0,0,4,6,8,26,0,3,9,1,12,9,2,1,12,0,0,4,0,4,6,12,2,7,3,1,2,0,3,49,4,0,4,0,1,14,5,0,0,4,9,4,4,3,2,26,0,1,4,0,6,37,12,0,0,6,3,1
1,1,0,13,1,4,13,3,0,4,9,0,0,14,1,1,1,0,7,1,0,7,13,7,0,0,13,0,3,5,20,4,1,11,4,1,0,3,7,12,4,0,0,3,4,6,5,4,24,0,1,7,2,1,12,0,9,2,0,23,5,1,0,0,0,0,10,0,0,0,0,7,0,17,9,4,0,0,0,10,5,0,0,20,13,0,0,0,1,0,0,0,2,0,11,10,0,1,7,12,4,9,4,2,0,0,1,6,0,1,0,0,0,0,3,0,1,0,0,0,7,17,0,0,9,1,35,0,1,4,0,0,0,3,12,5,0,4,4,3,0,2,9,3,0,1,0,29,27,3,2,7
2,0,13,0,0,23,15,0,16,4,19,0,0,1,0,0,0,0,0,1,2,3,0,10,0,0,11,4,2,3,4,6,0,7,2,0,0,0,21,2,7,0,0,2,4,2,0,0,2,0,0,2,3,0,19,0,6,0,0,16,0,0,0,15,0,0,0,0,6,1,0,6,0,1,12,0,0,5,0,0,3,4,0,13,3,0,0,0,0,0,2,0,8,0,26,12,12,2,4,0,4,3,0,4,0,1,0,4,0,0,0,0,19,0,1,1,5,0,0,12,3,12,7,0,5,0,2,9,0,0,0,3,0,1,3,2,0,1,7,1,0,0,1,6,0,0,3,9,3,0,0,11
10,5,1,0,0,1,0,2,6,1,0,3,0,3,7,3,12,0,20,0,3,4,5,0,8,1,15,2,8,9,2,0,9,0,5,2,5,1,1,7,4,2,0,5,1,1,3,11,5,1,5,8,1,1,0,1,0,9,0,0,5,0,5,8,0,2,3,7,10,14,0,9,0,4,1,2,5,17,0,4,3,4,0,1,3,4,1,7,6,15,1,1,21,0,0,1,3,15,21,19,4,5,4,2,3,5,0,0,3,8,0,5,3,0,9,7,2,25,0,3,1,1,2,0,14,0,7,0,0,5,0,4,0,9,3,4,5,1,4,7,0,1,2,4,4,0,7,0,11,0,2,4
10,1,4,23,1,0,10,3,3,4,5,0,0,3,7,3,2,0,3,0,2,0,3,0,1,0,31,2,6,2,0,1,0,8,0,0,0,1,15,4,2,0,11,35,10,0,2,4,12,0,3,6,20,2,25,0,9,0,5,11,0,0,10,2,1,0,6,3,1,5,0,10,0,6,14,1,1,1,0,1,1,7,0,19,13,0,0,1,0,4,3,0,8,1,9,8,11,1,5,15,8,0,0,1,3,2,1,3,0,4,0,0,6,1,0,0,10,2,1,1,1,6,9,0,12,0,1,5,0,2,0,0,0,4,18,1,0,0,1,0,0,0,16,29,0,0,2,20,4,0,3,2
17,5,13,15,0,10,0,5,15,6,18,0,0,10,10,3,1,0,17,0,1,2,2,9,6,0,10,7,2,10,7,1,0,3,4,1,0,0,24,5,12,0,15,8,10,3,1,0,12,0,8,12,12,2,9,1,9,3,0,13,1,1,9,12,0,0,8,4,5,10,3,12,0,0,23,0,1,10,0,0,11,3,0,9,12,0,0,1,0,2,10,1,0,1,38,6,13,2,8,3,15,5,3,7,0,0,22,3,2,1,0,0,9,0,1,0,1,0,0,14,11,17,4,4,17,1,1,4,0,10,1,4,0,4,10,2,0,4,0,0,0,0,9,11,1,1,0,12,1,0,1,15
1,6,3,0,2,3,5,0,0,10,1,0,0,16,1,4,6,0,4,2,1,1,7,8,11,0,4,0,6,4,14,0,0,0,3,3,0,2,0,3,4,3,0,3,12,2,4,21,16,0,7,4,1,1,0,0,0,0,0,0,6,2,12,1,0,0,0,1,2,11,1,2,0,1,8,2,8,6,0,3,7,1,3,0,8,4,0,12,0,4,19,0,7,0,0,0,7,3,1,9,3,8,1,6,2,1,1,3,3,7,0,1,8,1,11,2,1,0,1,2,7,11,4,2,7,0,10,2,1,5,4,7,0,8,19,2,0,1,6,8,0,0,5,7,6,5,6,14,0,2,10,4
12,0,0,16,6,3,15,0,0,5,1,0,0,2,2,1,0,0,3,0,0,0,2,12,0,0,1,1,2,5,1,0,0,5,0,0,0,0,36,0,4,0,3,1,5,4,0,2,4,0,5,7,21,0,3,1,9,0,2,0,4,0,0,0,0,0,1,0,0,4,0,6,0,2,3,0,1,13,0,0,3,6,0,2,0,0,0,1,0,2,18,0,4,0,14,2,2,2,11,0,1,11,3,9,3,1,10,3,0,7,1,0,5,0,2,4,5,2,0,11,1,1,6,0,0,0,0,2,1,1,2,7,0,6,3,1,0,3,9,2,0,0,1,4,3,0,3,5,7,1,1,13
6,4,4,4,1,4,6,10,5,0,8,0,0,6,1,1,1,0,9,5,5,0,3,6,8,0,20,2,9,6,6,7,1,11,6,1,1,2,3,9,3,4,5,5,0,7,2,11,7,0,5,3,6,4,16,0,6,0,6,23,7,0,5,5,4,0,29,4,12,14,0,9,2,5,1,3,6,3,0,5,2,7,4,4,14,0,0,21,0,2,7,2,2,2,2,1,7,1,4,10,7,7,0,0,1,4,9,2,5,0,0,1,5,4,3,12,8,2,3,8,23,6,2,4,10,1,2,6,2,1,0,14,0,7,10,4,2,1,4,3,0,0,10,9,9,3,3,6,5,3,4,8
0,0,9,19,0,5,18,1,1,8,0,0,0,0,1,5,6,0,22,0,0,8,1,10,7,0,0,0,2,1,2,0,4,0,2,0,0,0,4,6,3,1,2,0,4,0,2,0,1,0,0,2,9,0,15,0,0,0,2,29,2,0,12,8,2,0,0,0,0,11,0,5,4,0,8,0,0,21,0,3,7,1,0,23,9,0,0,0,1,0,13,0,0,0,0,1,1,1,1,2,21,13,0,13,0,0,6,0,0,5,0,0,5,0,0,1,0,0,0,6,1,9,0,0,0,0,0,1,0,4,0,11,0,0,0,3,0,0,4,1,0,0,0,0,0,2,3,11,0,10,0,6
1,8,0,0,3,0,0,0,0,0,0,0,8,1,0,0,1,17,3,2,0,3,0,0,3,36,1,2,0,0,0,22,3,6,1,8,28,0,0,3,0,19,2,1,0,1,2,3,3,29,6,1,0,4,0,30,0,32,0,0,13,3,0,0,3,32,1,5,0,0,3,1,26,0,0,38,1,0,3,0,6,0,35,0,1,15,44,3,12,11,0,10,1,6,0,0,0,2,3,2,1,0,6,0,11,5,0,2,2,4,18,30,0,0,0,0,0,8,12,1,1,0,0,20,0,40,0,0,10,4,11,1,18,3,1,1,12,0,1,1,46,9,0,0,1,1,2,0,5,11,1,0
0,0,0,0,0,0,0,0,0,0,0,8,0,0,3,0,1,32,3,5,0,0,4,0,0,34,0,5,0,0,20,15,0,0,0,7,29,0,0,0,0,21,0,0,0,0,0,2,0,7,0,0,0,0,0,30,0,19,1,0,20,2,0,0,0,31,1,0,0,0,0,11,27,3,0,72,1,0,73,1,0,0,33,0,0,111,15,1,14,0,0,24,0,9,0,3,0,1,2,0,0,0,0,0,9,6,0,0,12,0,12,48,0,0,0,2,0,2,60,0,0,0,0,3,0,54,0,0,91,0,6,1,59,0,0,0,4,13,0,30,42,12,0,0,1,1,0,1,7,16,2,0
7,9,14,1,3,3,10,16,2,6,0,1,0,0,19,10,1,1,9,0,0,3,24,3,28,0,17,16,4,16,28,1,0,13,13,4,4,1,6,10,2,2,0,1,3,11,4,18,17,0,0,13,2,2,0,1,5,3,0,0,4,3,13,6,2,4,1,0,0,0,0,11,5,4,9,6,2,9,0,1,2,0,1,7,11,2,2,12,1,4,14,2,8,5,0,4,5,10,17,14,2,18,2,13,5,4,13,7,0,8,3,7,2,0,11,11,1,6,9,0,15,3,3,4,0,3,27,3,1,14,3,6,0,1,22,10,0,17,14,6,0,3,16,2,9,6,9,12,18,7,2,0
17,8,1,0,7,7,10,1,2,1,1,0,3,19,0,7,7,0,10,3,7,4,18,6,12,0,10,28,11,9,10,5,10,10,9,14,0,17,4,9,7,5,1,0,12,12,4,19,10,0,8,3,0,7,3,1,0,15,11,6,14,26,17,11,14,2,10,11,10,15,16,33,2,3,0,5,6,6,4,0,2,8,8,5,9,7,2,26,16,21,5,6,14,2,1,5,3,11,7,11,2,8,16,2,13,19,8,3,2,8,4,3,2,4,5,13,4,18,15,6,6,0,3,13,4,0,5,0,1,15,22,13,0,13,12,9,7,18,4,22,2,16,5,2,22,17,16,5,9,16,7,6
0,2,1,0,3,3,3,4,1,1,5,0,0,10,7,0,1,0,4,0,0,2,1,8,3,0,1,2,1,14,1,0,1,0,1,0,0,0,0,0,0,1,1,0,3,1,4,3,7,0,4,6,4,1,7,0,0,2,0,0,0,1,9,7,1,0,0,0,7,16,0,7,1,0,0,0,1,3,0,3,12,0,0,3,4,0,0,8,0,6,1,0,8,0,0,0,2,6,5,13,4,5,0,1,3,0,9,2,0,2,0,0,2,0,0,1,0,0,0,2,13,0,1,0,2,0,2,8,0,5,2,4,0,4,1,2,0,0,3,1,0,1,10,1,1,5,1,5,0,0,1,0
0,11,1,0,12,2,1,6,0,1,6,1,1,1,7,1,0,0,1,14,8,0,7,1,5,1,4,0,8,10,1,0,20,0,5,2,1,5,1,8,2,2,0,0,1,2,3,2,1,0,1,0,0,8,0,3,1,2,1,0,10,6,6,1,19,0,0,10,0,1,30,8,11,0,0,17,7,2,0,9,1,4,0,0,2,3,0,12,2,16,7,0,7,7,0,0,0,4,3,18,0,0,7,0,5,17,0,2,18,1,2,3,0,6,18,4,0,6,0,0,3,0,0,19,2,2,6,0,1,5,3,3,0,5,3,6,6,7,3,20,0,0,2,0,5,15,8,5,0,7,0,5
0,0,0,0,0,0,0,0,0,0,0,17,32,1,0,0,0,0,0,0,0,0,1,0,0,26,0,1,0,2,0,17,6,5,0,2,33,3,0,1,0,36,0,0,0,2,0,0,0,42,5,0,0,1,0,33,0,17,1,0,7,7,1,0,2,10,2,1,0,0,0,3,13,9,0,56,8,0,24,0,0,0,44,0,0,19,34,0,20,0,0,13,3,10,0,1,0,2,2,0,0,0,0,0,9,0,0,0,4,0,16,31,1,0,2,0,0,3,39,0,3,0,0,17,0,66,0,0,31,0,16,1,34,0,1,1,0,0,0,7,81,7,0,2,4,1,2,0,0,10,5,0
2,15,7,0,20,3,17,4,3,9,22,3,3,9,10,4,1,0,0,1,0,8,17,16,6,2,8,6,12,11,0,3,3,2,10,3,2,3,2,11,9,0,0,2,6,3,6,8,9,0,1,10,0,4,3,0,0,10,3,5,2,3,13,4,1,4,1,15,1,2,0,16,2,3,3,2,5,8,0,6,0,0,0,1,2,4,1,6,0,17,12,1,10,0,8,3,5,5,7,22,5,5,1,3,4,2,20,29,2,5,1,0,4,2,3,5,4,3,4,7,14,0,13,1,2,5,4,1,0,2,6,12,0,9,20,7,3,12,22,8,0,0,6,7,6,9,4,24,7,5,8,8
4,29,1,1,0,0,0,2,0,5,0,2,5,0,3,0,14,0,1,0,9,1,7,1,2,3,2,8,5,3,8,6,6,1,1,12,2,10,7,5,3,2,0,0,2,6,3,9,0,0,0,8,1,9,0,2,5,7,1,0,10,25,0,0,39,1,16,15,8,0,60,20,1,1,0,11,2,1,3,0,0,0,0,0,3,7,2,9,7,5,3,10,3,5,6,2,0,11,1,20,1,4,15,0,7,8,1,0,15,1,7,6,0,4,5,11,1,4,18,0,4,0,1,10,1,1,9,1,0,5,19,3,0,5,4,6,26,2,2,21,2,5,3,8,11,4,13,0,0,19,1,0
0,13,0,2,3,2,1,1,0,5,0,0,0,0,7,0,8,0,0,9,0,2,1,1,3,0,0,0,9,6,0,0,5,0,9,2,1,4,1,12,0,0,0,1,0,1,7,2,0,0,1,2,0,4,1,0,0,3,1,0,3,2,1,1,27,0,0,17,3,3,26,5,3,5,0,5,9,1,3,0,0,4,0,2,5,2,1,13,5,10,0,0,13,9,1,0,2,2,2,22,0,2,13,0,1,0,8,6,6,1,0,4,1,4,2,3,0,7,1,0,3,0,1,6,5,0,2,1,0,0,1,2,0,0,4,2,1,9,2,3,0,1,0,8,2,2,15,0,0,3,2,1
0,0,7,3,4,0,2,1,0,0,8,3,0,3,4,2,0,0,8,1,2,0,4,0,1,0,0,7,1,3,12,2,1,0,0,0,3,0,0,2,1,1,0,2,3,2,0,4,17,0,0,6,4,1,7,2,0,4,0,9,1,0,18,1,0,0,5,1,3,1,0,8,1,0,0,3,0,2,0,7,9,0,0,5,1,0,0,1,3,4,0,0,0,0,3,11,0,3,2,6,10,3,1,0,0,0,9,8,0,6,0,2,3,0,1,2,6,1,0,0,3,10,0,0,2,4,0,0,0,4,0,0,0,4,15,0,2,1,9,4,1,0,4,0,0,0,9,15,2,2,0,2
2,8,13,0,5,3,2,7,2,3,1,0,4,24,18,1,7,1,17,7,1,4,0,0,6,0,17,12,6,2,22,12,3,2,0,17,1,9,2,9,9,1,0,1,2,11,5,7,5,0,1,12,0,5,0,1,2,4,3,0,9,4,1,4,1,2,0,5,7,5,1,15,5,0,4,11,8,2,0,3,0,2,4,2,8,2,1,5,3,13,5,3,13,1,0,1,1,2,18,16,0,4,12,0,4,9,12,3,4,1,0,2,1,6,3,23,4,11,1,1,5,0,3,6,1,1,6,2,0,12,22,13,0,8,1,3,6,21,8,19,0,2,4,6,9,1,3,3,1,17,3,1
5,0,7,10,0,0,9,8,12,6,10,0,0,3,6,8,1,0,16,1,1,0,0,0,2,0,1,8,4,4,4,0,0,7,4,1,1,0,0,7,15,0,4,9,12,6,0,5,3,0,7,14,0,2,1,0,15,3,1,0,5,3,1,0,1,0,0,1,7,6,0,1,0,4,0,0,2,5,0,2,0,5,0,9,1,1,1,2,0,4,9,0,9,1,1,5,7,2,3,3,12,9,2,12,1,1,4,6,1,10,0,0,7,0,0,0,8,0,2,12,11,3,4,1,0,0,0,0,0,0,0,7,0,3,5,4,1,8,7,2,0,0,2,4,0,1,1,4,19,4,1,21
3,4,0,0,8,1,6,11,0,8,7,3,0,28,12,3,5,0,6,2,3,1,6,2,0,0,4,9,14,5,1,1,14,2,1,3,0,3,4,6,11,1,2,1,2,0,1,13,8,0,0,4,2,6,0,0,0,2,2,0,8,8,17,1,10,1,2,8,8,2,7,3,18,6,1,5,2,5,0,2,2,3,0,0,6,0,9,17,27,12,2,9,13,1,1,11,1,3,5,10,4,3,4,0,17,18,6,1,4,2,4,0,1,4,5,2,0,12,2,0,15,4,3,10,8,1,1,0,2,11,4,4,0,10,3,2,1,12,2,7,0,0,5,0,3,5,2,0,2,25,0,0
0,0,0,0,1,0,0,0,0,0,0,36,34,0,0,0,1,26,2,3,0,0,0,0,0,0,0,4,0,0,2,28,5,4,0,10,41,8,0,1,0,9,0,2,0,13,1,9,0,42,1,0,0,0,1,37,0,18,1,0,21,16,0,6,0,37,1,0,1,1,0,6,27,4,0,60,1,0,26,0,7,0,53,0,2,19,56,1,5,0,1,19,0,9,1,8,0,2,1,0,0,0,1,0,12,2,0,0,7,0,48,31,0,0,3,2,0,0,33,1,2,0,0,31,1,66,0,0,22,0,25,0,21,4,6,3,13,1,2,13,36,8,1,3,1,1,7,0,3,14,4,0
3,1,13,11,15,31,10,4,1,20,0,1,0,17,10,1,4,0,8,2,0,0,17,1,4,0,0,4,8,0,12,1,5,10,1,4,0,4,5,12,2,1,2,0,1,4,0,2,5,1,6,14,2,3,0,0,7,2,3,0,11,0,6,4,2,0,3,0,2,3,0,11,2,10,3,1,1,0,0,4,0,2,0,7,3,0,6,14,4,4,5,0,8,4,8,6,12,16,8,5,2,5,0,0,1,11,5,3,2,15,4,3,11,3,2,9,0,10,0,7,1,4,1,0,12,0,1,0,0,3,1,5,0,5,10,5,2,9,1,7,0,3,4,6,1,2,3,7,14,6,5,4
52,1,0,4,2,2,7,0,1,2,0,2,5,16,28,2,0,1,6,8,0,7,12,8,9,4,4,0,8,2,41,50,0,32,9,14,0,1,14,12,0,4,1,2,15,67,0,7,11,3,32,3,2,1,0,3,12,1,1,0,24,1,1,2,1,1,58,7,61,16,0,23,1,10,10,8,13,1,0,8,3,21,11,6,29,3,17,6,6,5,4,6,13,10,2,40,3,25,28,5,7,9,5,1,7,0,9,8,0,4,4,15,0,2,0,14,2,17,4,3,2,1,3,7,18,1,0,11,0,10,19,1,0,6,15,5,27,16,3,23,0,21,18,19,10,4,16,5,34,39,2,3
0,6,3,2,8,6,2,6,2,9,2,0,0,4,11,1,8,0,12,5,9,1,6,4,14,0,8,8,0,12,4,0,11,5,13,5,2,2,2,13,8,2,2,1,1,5,1,23,3,0,6,4,2,7,2,1,0,11,20,15,7,4,6,4,8,0,4,16,1,2,3,3,8,7,1,4,6,3,0,12,0,7,3,0,5,0,0,14,5,6,9,3,8,2,0,5,11,3,10,26,2,2,6,4,8,6,5,4,1,7,2,1,6,12,8,5,11,7,1,4,7,6,1,2,11,0,19,9,0,13,1,16,0,7,5,5,0,6,6,4,0,0,4,1,4,4,7,0,1,11,3,3
0,9,5,3,9,2,10,4,5,6,1,0,0,16,9,14,10,2,11,3,6,3,2,4,5,0,0,2,12,0,10,0,1,2,24,1,0,3,7,20,5,0,1,7,8,4,13,3,10,0,2,2,3,3,1,0,0,1,3,1,4,4,8,0,7,0,2,3,8,7,4,3,0,5,10,5,0,12,0,1,3,15,3,2,14,0,0,4,0,4,5,0,9,0,2,1,10,2,5,49,3,5,2,4,4,2,13,9,1,9,0,0,16,0,4,9,1,3,1,5,2,2,9,0,0,0,14,7,0,2,1,24,0,9,7,2,1,7,19,3,0,0,0,1,4,8,1,7,3,2,1,1
9,1,20,4,2,0,7,14,1,6,2,0,20,28,10,1,1,0,0,8,0,12,22,4,1,2,12,41,4,10,0,8,0,26,1,7,0,2,12,2,0,0,0,2,21,11,0,8,19,0,0,6,9,0,0,2,12,0,1,4,9,0,0,0,0,0,8,0,12,1,0,23,0,8,15,7,2,9,0,3,0,1,1,14,34,0,1,0,0,6,21,4,0,0,5,2,5,1,22,13,1,8,4,2,2,1,3,1,0,5,0,3,4,0,3,12,7,3,16,14,0,1,5,2,4,0,20,2,0,3,8,3,0,4,6,0,4,42,5,16,8,15,13,3,14,6,7,17,23,10,8,12
13,3,4,6,0,1,1,0,0,7,0,22,15,1,5,0,0,17,3,6,0,2,12,0,1,28,1,50,0,0,8,0,1,8,0,16,16,10,0,0,0,20,3,3,1,17,2,3,8,36,15,4,0,0,0,12,8,20,0,0,15,14,0,1,0,32,21,9,11,0,0,16,36,10,0,27,2,0,1,2,31,1,13,8,4,7,47,4,19,1,0,21,2,3,0,16,0,20,1,1,0,0,1,0,19,11,0,0,6,13,16,17,0,1,2,1,0,1,20,0,5,0,0,22,0,32,0,0,1,3,13,1,13,4,4,8,13,7,0,19,14,18,7,8,39,10,7,3,9,29,5,0
0,8,1,0,9,0,0,0,0,1,4,3,0,0,10,1,20,6,3,6,5,1,3,0,14,5,5,0,11,1,0,1,0,0,10,3,2,24,0,11,2,2,0,1,0,7,2,18,0,0,2,3,0,22,0,0,0,10,5,0,14,21,4,0,18,0,0,15,6,8,10,6,14,1,2,1,2,2,1,12,0,3,0,0,10,0,2,10,18,34,0,6,11,2,0,0,0,3,4,22,0,3,19,0,6,16,0,1,19,3,1,0,0,4,20,2,3,2,0,2,11,0,2,15,0,0,0,0,2,10,9,5,0,11,2,18,11,9,3,7,0,3,2,0,6,13,14,0,1,14,4,2
18,0,11,7,0,8,3,0,5,11,0,6,0,13,10,0,0,5,2,1,0,0,2,7,2,4,10,32,5,2,26,8,0,0,1,5,0,1,27,5,0,2,10,20,3,55,0,6,7,1,28,8,1,0,0,2,12,2,2,0,7,1,2,0,0,0,21,0,11,0,0,15,0,35,0,6,3,0,0,0,11,3,4,4,11,0,6,0,2,0,0,9,0,0,9,36,2,1,9,4,1,0,0,0,5,8,9,0,5,3,0,3,2,0,0,10,0,18,2,2,7,0,0,0,0,0,0,0,0,0,6,0,0,10,8,7,5,47,0,8,0,0,16,8,19,4,1,9,34,11,7,6
11,3,4,2,5,0,4,3,0,6,2,1,0,13,9,1,5,0,10,1,9,0,0,4,1,0,1,9,13,24,1,0,10,1,0,3,0,1,1,14,16,0,0,7,1,2,10,13,4,0,1,9,1,1,0,0,5,0,1,0,3,0,14,3,0,0,0,2,5,6,1,5,0,8,2,3,2,11,1,1,0,4,1,11,5,0,0,10,1,5,7,0,9,0,0,1,10,4,4,9,2,1,1,12,0,0,18,2,1,0,1,1,17,0,6,2,7,1,0,6,6,2,7,0,0,1,2,2,0,9,2,4,0,6,0,4,2,5,11,5,0,0,0,5,1,15,10,18,2,0,3,14
0,6,1,0,2,0,1,3,0,1,0,8,7,4,14,0,2,2,3,12,2,0,17,1,3,10,4,14,5,1,7,16,3,5,3,0,0,12,0,6,0,2,0,1,3,7,7,10,4,9,5,2,1,3,0,4,3,24,3,0,39,8,10,4,3,35,6,1,9,3,9,16,7,3,0,15,3,1,6,0,1,2,14,0,1,15,2,15,27,6,2,30,5,4,0,1,2,4,1,1,0,1,10,1,19,29,0,3,6,0,12,15,0,7,3,5,0,7,33,0,3,0,1,21,0,9,1,0,0,4,36,0,0,2,0,7,14,7,1,20,0,22,2,1,22,8,0,3,2,26,7,0
0,0,0,0,5,0,0,0,0,1,0,28,29,4,0,0,1,33,2,2,1,3,1,1,0,41,0,0,2,0,0,16,2,0,0,0,0,3,0,0,0,59,0,0,0,0,1,0,0,34,0,0,0,0,0,39,0,34,1,0,8,7,0,0,1,24,0,2,2,0,7,2,28,1,0,110,5,0,30,0,0,0,57,0,0,25,30,2,9,2,1,17,5,27,0,0,0,0,0,1,0,1,0,2,7,2,0,0,4,0,20,32,0,1,2,3,0,5,41,0,1,0,0,31,2,81,0,0,40,3,14,1,29,1,0,3,12,1,0,5,47,7,0,0,0,0,4,0,0,14,3,0
0,9,3,0,1,1,0,2,0,2,0,0,0,1,17,0,5,3,3,10,4,0,9,0,3,8,4,1,2,3,2,10,24,1,1,12,3,0,0,15,0,1,1,0,1,2,8,6,6,10,3,3,0,8,0,0,0,6,4,0,22,13,0,2,6,12,7,9,3,1,7,4,4,4,1,15,7,0,2,3,4,2,3,0,1,2,4,4,8,9,1,6,4,9,0,4,0,2,5,11,1,1,8,0,8,15,1,0,9,0,10,10,0,5,13,5,1,7,4,0,4,0,1,10,2,2,3,2,0,14,11,5,0,3,1,10,5,4,3,10,0,9,2,3,6,11,6,5,3,4,9,0
2,0,7,21,1,15,24,0,36,3,4,0,0,6,4,0,1,0,2,7,1,0,2,0,4,0,5,14,2,7,12,0,0,27,1,0,0,0,0,2,3,0,3,0,19,2,0,2,8,0,5,21,14,0,14,0,38,0,1,22,1,1,3,4,1,0,2,1,4,3,0,11,0,7,8,0,2,10,0,1,0,0,0,0,8,0,0,3,2,2,17,0,13,1,17,9,20,1,28,4,2,7,1,0,3,1,8,4,1,3,0,0,13,0,1,1,13,1,2,7,5,25,3,1,14,0,0,3,0,2,0,1,0,4,1,0,0,29,7,3,0,0,7,15,3,0,3,14,7,0,2,5
18,5,12,2,7,4,5,3,0,9,6,3,0,10,9,0,8,1,11,5,12,2,9,7,6,1,12,12,13,20,2,0,11,5,14,6,0,15,2,0,4,5,4,6,3,6,10,6,3,1,5,2,3,11,12,0,14,6,22,19,3,4,17,9,3,3,7,14,1,6,8,11,4,4,4,9,10,5,0,3,3,4,0,4,0,0,1,12,10,7,4,0,16,0,6,1,5,3,4,8,7,4,10,4,1,8,10,0,2,2,11,3,2,0,18,22,8,4,8,4,36,2,5,6,16,6,9,5,1,44,4,20,0,12,13,7,1,11,15,10,0,4,9,11,6,5,16,7,3,6,6,4
6,2,4,7,4,2,12,4,4,3,3,0,0,2,7,0,2,0,9,3,0,1,9,15,11,0,2,0,8,5,0,0,2,0,16,0,0,0,3,4,0,0,0,2,0,0,3,7,2,0,3,8,1,0,0,0,0,1,0,2,0,0,8,3,2,0,0,0,3,9,0,3,0,0,2,0,1,13,0,10,6,0,0,5,3,0,0,2,0,10,11,0,17,0,9,8,9,2,11,0,5,7,4,10,1,2,6,4,1,6,0,0,16,1,2,2,1,0,0,4,7,0,4,0,2,0,0,8,0,1,0,1,0,9,1,0,0,2,6,0,0,0,1,8,0,0,2,6,2,3,0,1
1,1,0,0,2,0,0,3,0,4,1,19,21,2,5,1,2,36,0,2,0,1,1,0,1,9,1,4,2,0,0,20,2,2,0,2,59,1,0,5,0,0,0,0,0,0,1,4,1,50,2,0,0,0,0,41,2,27,0,0,16,10,0,2,4,8,5,4,3,0,0,3,21,2,0,32,12,0,7,0,3,0,21,0,0,3,35,0,18,1,1,26,5,24,0,4,1,2,2,4,0,4,0,0,18,1,3,0,10,1,12,6,0,1,2,1,0,7,46,1,0,0,1,17,0,64,0,0,13,9,21,1,19,0,3,7,16,5,0,8,19,21,2,1,5,8,8,1,0,31,4,3
3,0,0,0,0,11,15,0,3,5,2,2,0,0,1,1,0,0,0,0,0,0,0,4,2,0,2,1,2,1,0,3,0,10,0,0,0,1,3,4,0,0,0,5,1,5,0,0,5,1,22,14,3,0,14,0,14,2,1,3,1,5,11,1,0,0,0,1,7,5,0,1,1,15,10,3,0,5,0,0,2,2,0,3,0,0,1,0,0,0,9,0,10,0,6,7,9,5,5,1,13,2,0,2,2,0,4,2,0,11,0,2,8,0,0,1,7,3,0,5,3,0,0,0,0,5,0,1,0,1,0,4,0,7,0,0,0,7,5,3,0,3,1,0,3,0,0,1,18,5,1,13
9,0,3,2,5,35,8,3,1,5,0,1,0,1,0,0,0,0,2,0,1,2,1,9,1,2,0,2,1,7,2,3,1,20,7,1,0,0,0,6,2,0,5,0,3,2,2,1,6,0,16,7,6,0,4,1,4,1,4,19,0,1,11,0,0,0,1,5,2,3,0,1,0,0,8,0,2,16,0,0,3,0,1,38,8,0,0,0,0,2,4,0,6,0,11,5,3,2,12,6,4,8,3,1,0,0,5,3,0,4,0,0,9,1,1,1,1,0,0,12,2,5,1,0,4,0,0,5,0,1,1,2,0,3,2,1,2,1,3,0,0,0,29,13,9,0,6,5,18,4,3,1
4,2,4,4,1,10,10,12,5,0,4,0,0,3,12,3,1,0,6,2,0,3,2,12,2,0,1,15,1,8,21,1,0,3,1,3,0,1,19,3,0,0,1,3,0,1,2,7,13,0,2,6,4,0,5,0,9,6,3,23,0,0,4,10,2,1,7,1,6,6,0,11,1,1,2,0,4,4,0,0,2,2,0,6,5,0,0,4,0,1,8,1,1,0,1,1,10,0,10,3,5,3,0,6,2,0,6,9,0,0,0,1,3,0,2,2,6,1,2,22,1,5,2,2,16,0,6,1,0,2,0,3,0,3,16,0,0,2,5,2,0,0,9,3,1,3,0,2,3,3,2,14
17,0,6,2,1,0,3,2,4,7,0,1,0,11,12,1,2,2,3,6,1,2,11,6,0,13,4,67,5,4,11,17,7,55,2,7,0,2,2,6,0,0,5,2,1,0,0,3,10,12,43,2,0,0,0,1,19,1,0,0,5,8,4,2,0,8,17,0,17,1,0,18,0,12,0,7,2,4,1,0,4,2,2,0,12,3,19,2,2,4,7,2,13,0,3,38,6,17,6,0,4,9,13,0,13,8,7,2,12,3,6,3,0,2,0,16,2,2,7,1,7,0,1,3,8,0,0,6,4,6,5,7,0,17,16,1,1,24,11,21,1,19,4,2,4,2,0,22,29,10,2,13
0,18,5,0,3,2,1,4,0,2,2,2,0,4,4,4,3,0,6,3,7,0,5,0,1,1,0,0,1,13,0,2,2,0,10,7,1,8,0,10,3,1,0,2,2,0,0,13,6,0,6,7,0,5,0,0,0,1,0,1,10,1,8,0,9,0,0,14,6,0,3,6,10,0,0,2,7,6,0,3,0,0,3,0,17,0,0,4,0,25,0,0,0,4,0,0,0,4,12,15,0,3,7,4,1,6,2,6,9,8,1,0,2,8,7,5,0,3,2,5,6,0,2,4,2,0,8,1,0,3,2,16,0,12,0,7,2,8,2,19,0,3,3,1,1,0,3,0,0,2,5,0
1,18,4,0,11,4,0,21,2,11,0,3,2,18,19,3,2,0,8,9,2,4,7,5,13,9,2,7,23,3,8,3,18,6,13,10,0,6,2,6,7,4,0,1,7,3,13,0,15,2,0,11,3,2,0,4,0,0,17,0,6,4,16,3,15,8,4,22,1,9,0,7,3,4,2,4,24,16,2,7,6,0,5,0,2,0,4,2,2,31,5,3,19,4,2,6,0,2,17,13,4,4,2,2,4,12,7,2,7,5,5,0,0,0,10,6,2,21,7,1,13,2,5,9,10,6,15,2,0,12,1,3,0,18,2,10,2,1,5,14,1,3,8,0,7,19,19,3,4,17,1,2
10,3,24,2,5,12,12,16,4,7,1,3,0,17,10,7,1,0,9,0,0,17,5,3,8,0,5,11,3,10,19,8,0,7,4,4,0,6,8,3,2,1,5,6,13,10,6,15,0,5,9,10,6,2,9,3,9,3,12,20,10,2,11,10,0,0,30,9,13,20,1,12,0,13,9,5,12,4,0,6,3,4,6,10,17,0,9,10,1,10,4,0,10,2,2,3,13,9,18,11,10,21,2,13,1,2,17,3,1,8,5,3,6,8,4,8,9,8,0,8,14,5,2,4,24,7,6,21,0,2,6,3,0,14,11,5,1,3,9,6,0,2,45,22,6,5,6,23,10,5,4,12
0,0,0,0,1,0,0,0,0,0,0,29,7,0,0,0,0,42,0,0,0,0,0,0,0,42,1,3,0,0,0,36,0,1,0,9,34,10,0,1,0,50,1,0,0,12,0,2,5,0,3,0,0,0,0,71,0,16,0,0,27,14,0,0,0,30,1,1,2,0,0,7,18,5,0,77,0,0,16,0,4,3,41,0,0,8,46,0,17,1,0,13,0,8,0,3,0,2,0,0,0,0,0,0,11,0,0,0,9,0,28,21,0,0,0,0,0,1,42,0,3,0,0,17,0,75,0,0,30,0,9,1,43,2,0,2,3,2,0,21,14,25,0,0,2,0,0,0,0,11,2,0
6,2,1,0,5,3,8,7,5,5,0,6,0,0,8,4,1,5,1,0,1,0,1,7,0,1,6,32,6,2,0,15,2,28,1,5,0,3,5,5,3,2,22,16,2,43,6,0,9,3,0,1,2,0,0,7,1,4,0,4,4,8,24,0,0,0,2,3,15,16,0,10,3,8,5,2,5,4,0,0,6,1,15,10,5,2,0,2,0,5,2,6,3,0,17,23,1,20,0,2,11,9,2,16,5,0,1,0,7,21,3,4,2,0,1,0,0,0,9,0,13,0,0,3,6,1,0,5,0,4,4,0,0,16,7,1,1,12,3,14,0,7,4,4,14,1,0,15,35,6,2,7
8,6,7,2,8,6,12,4,7,3,2,1,0,13,3,6,0,0,10,8,2,6,12,14,4,0,14,3,4,2,6,4,3,8,9,2,0,3,21,2,8,0,14,7,6,2,7,11,10,0,1,0,3,1,12,0,3,0,1,1,0,0,13,3,1,2,0,3,1,9,0,9,0,2,2,4,1,7,0,0,2,2,4,17,4,0,0,3,0,8,6,1,29,0,6,8,4,0,14,9,4,18,3,4,3,4,17,2,0,9,0,2,13,1,0,16,3,2,0,3,11,0,3,1,0,0,1,5,0,1,1,4,0,9,14,1,1,9,5,4,0,4,3,3,5,0,3,5,14,2,5,5
1,1,2,3,1,20,12,1,21,6,9,0,0,2,0,4,0,0,0,1,0,4,0,0,2,0,2,2,2,3,9,0,0,1,1,1,0,0,14,3,1,0,3,6,4,0,0,3,6,0,2,3,0,0,22,0,14,0,1,86,0,1,18,8,0,0,0,1,0,1,0,6,0,0,11,0,2,17,0,2,6,0,0,8,0,0,0,3,0,3,16,0,3,0,7,0,7,2,12,4,0,0,2,6,0,0,9,17,0,0,0,0,19,0,1,0,6,8,0,9,2,0,7,0,30,2,0,11,0,2,0,1,0,4,0,2,0,0,2,0,0,0,3,6,0,0,0,12,6,0,0,5
0,17,1,0,1,2,2,1,0,4,0,4,0,2,7,1,8,1,4,9,4,1,5,2,6,0,3,1,7,3,0,0,22,0,1,3,0,8,0,11,0,0,0,0,0,0,5,2,2,0,0,1,0,0,0,0,0,6,7,0,4,9,2,0,9,0,1,18,0,1,22,3,3,0,0,5,3,1,2,2,0,4,0,0,0,0,0,10,3,8,0,2,2,2,0,0,0,2,4,12,0,4,13,0,3,4,3,1,16,0,0,6,0,9,9,5,0,1,1,1,8,0,2,8,0,0,2,0,0,7,2,7,0,8,1,6,11,4,2,4,0,1,0,1,3,7,5,0,3,1,2,0
0,0,12,19,0,25,9,0,3,16,15,0,0,0,3,7,0,0,3,0,1,7,0,1,0,1,0,0,2,1,0,0,0,0,0,0,0,0,14,12,0,0,14,4,5,0,0,0,9,0,0,12,22,0,0,0,7,4,0,66,1,0,7,4,0,0,10,0,0,0,0,11,0,0,5,0,0,2,0,1,9,0,0,14,0,0,0,0,0,0,1,0,7,0,6,0,2,3,3,4,17,0,0,6,0,0,2,0,0,0,0,0,5,0,2,0,24,0,0,12,7,1,0,0,20,3,0,6,0,0,0,0,0,0,21,0,0,0,4,0,0,0,0,28,0,0,10,1,0,1,0,16
0,0,0,0,1,0,1,0,1,0,0,30,30,1,1,0,3,33,0,2,0,2,1,0,0,37,0,3,1,0,2,12,0,2,0,4,39,0,0,0,0,41,0,1,0,1,0,4,3,71,7,0,0,0,0,0,1,42,0,2,17,3,0,0,2,37,1,7,0,0,0,4,31,1,0,77,1,2,26,0,0,2,80,0,1,26,35,2,13,1,0,11,1,19,0,0,0,0,0,1,1,0,0,0,4,3,0,0,8,1,17,19,1,3,0,0,1,6,62,0,0,0,0,35,0,110,1,0,30,1,21,0,44,2,4,4,9,0,0,8,70,13,0,2,2,0,0,1,2,18,8,0
4,0,9,6,0,9,9,0,9,6,0,0,0,5,0,0,1,0,0,5,0,0,2,15,0,0,7,12,0,0,12,8,0,12,5,3,0,0,38,14,0,2,14,4,9,19,0,0,9,0,1,3,14,0,7,1,0,4,4,11,2,0,0,1,2,0,16,0,4,2,0,19,0,35,0,2,0,4,0,0,0,3,4,2,8,0,0,0,1,0,10,3,7,0,18,14,1,6,19,7,4,11,0,1,0,3,3,0,3,3,0,0,11,0,0,1,11,1,0,9,1,9,0,0,17,3,0,22,0,0,1,1,0,3,4,0,2,14,4,5,0,1,5,56,1,3,0,2,12,1,2,15
4,10,2,0,9,0,3,0,0,0,0,32,19,3,15,2,2,17,10,7,3,4,4,3,2,18,2,1,11,1,0,20,10,2,0,24,34,6,0,6,1,27,2,1,6,1,1,0,3,16,4,0,0,6,4,42,4,0,3,0,24,12,2,1,3,56,1,12,4,2,3,9,34,5,1,37,4,4,11,1,5,7,18,6,2,27,49,16,6,7,2,65,2,11,0,10,1,4,1,5,1,1,8,0,21,9,0,9,16,3,11,34,2,2,8,2,0,9,19,0,0,0,7,23,2,76,0,1,10,9,33,7,20,4,2,6,28,9,5,11,38,29,0,5,20,6,15,6,7,25,5,0
0,6,0,0,0,5,0,0,2,6,2,0,1,0,11,0,1,1,3,1,1,0,3,1,2,1,3,1,20,3,1,0,5,2,1,3,1,4,1,22,0,0,1,4,3,0,0,17,12,0,0,1,1,7,0,0,4,3,0,0,3,3,8,0,1,0,0,0,1,1,8,7,2,4,2,10,1,0,1,0,0,40,2,1,1,1,0,12,5,1,0,0,0,6,1,0,0,0,4,0,0,1,3,1,1,2,4,1,2,3,0,18,1,1,14,3,0,1,5,0,20,0,1,9,1,0,1,4,4,16,2,8,0,0,0,6,0,7,3,4,0,5,2,0,0,1,0,0,2,3,0,5
0,0,23,16,0,11,13,0,0,23,29,0,0,0,6,0,0,0,5,0,0,9,0,0,0,0,0,0,15,1,4,0,0,0,0,0,0,0,22,19,2,0,3,19,23,0,1,0,20,0,4,1,86,0,66,2,11,0,0,0,1,0,27,33,0,0,8,1,0,19,0,18,0,0,16,0,0,27,0,10,3,0,0,20,4,0,0,0,0,0,19,0,0,0,6,2,0,0,5,1,43,6,0,15,0,0,1,0,0,0,0,0,2,0,2,0,82,0,0,12,5,13,0,0,43,4,0,13,0,0,0,0,0,0,10,0,0,0,0,0,0,0,0,14,0,0,0,5,0,2,0,22
2,31,5,0,5,0,1,6,4,7,2,13,20,4,14,0,10,7,2,10,3,1,9,5,8,21,11,24,7,4,9,15,14,7,3,39,8,22,1,3,0,16,1,0,0,5,10,6,10,27,4,0,0,4,1,17,2,24,3,1,0,21,3,4,26,61,8,26,12,0,93,15,14,7,0,26,10,0,0,5,0,8,8,0,3,28,33,14,67,34,1,22,7,19,0,9,1,3,9,5,0,3,16,1,24,26,6,1,30,4,30,20,0,7,7,7,2,11,35,1,5,2,0,45,12,31,9,4,3,9,34,15,5,4,9,6,36,9,1,28,17,24,2,12,35,18,17,3,7,18,29,2
0,20,1,0,0,0,1,2,0,0,0,3,2,3,26,1,6,7,3,25,2,0,4,3,8,16,0,1,4,4,0,14,21,1,0,8,7,13,1,4,0,10,5,1,0,8,1,4,2,14,8,0,1,9,0,3,0,12,3,0,21,0,4,1,8,22,0,16,0,0,1,9,4,6,0,3,3,4,2,1,3,2,0,1,0,0,29,2,10,5,0,16,5,8,0,7,0,2,1,17,0,0,10,0,18,10,4,1,21,0,4,7,1,1,9,5,2,5,14,0,2,0,7,28,1,16,11,0,2,3,10,1,0,6,5,16,5,5,3,23,0,3,0,4,1,5,68,0,1,14,16,0
0,10,0,0,5,10,9,12,0,5,12,0,0,13,17,9,6,1,13,0,1,18,1,1,17,0,6,1,6,8,0,0,4,2,14,10,0,0,3,17,8,0,11,11,4,4,8,16,11,0,24,13,18,2,7,0,0,2,8,27,3,4,0,13,1,0,0,4,2,28,0,6,3,1,13,1,8,17,1,5,6,3,0,22,9,0,2,6,0,18,10,5,27,0,1,3,6,2,7,11,8,13,7,8,0,1,37,18,4,6,1,10,6,3,7,4,1,3,1,12,15,0,8,1,13,1,14,2,0,4,2,14,0,15,5,3,2,3,13,3,0,8,15,7,5,6,8,2,9,10,4,9
3,0,0,15,8,2,12,1,0,5,8,0,0,6,11,7,1,0,4,0,1,1,4,0,1,6,4,2,4,0,0,1,0,0,3,4,0,2,4,9,3,2,1,0,10,2,0,3,10,0,0,3,8,0,4,0,1,1,0,33,4,1,13,0,0,0,2,2,1,6,0,16,2,1,8,1,3,3,0,28,14,0,3,4,1,0,0,3,1,2,19,0,13,3,2,0,6,5,3,1,14,1,0,1,0,1,2,4,0,4,0,1,4,1,1,0,0,0,2,13,1,9,9,5,2,0,0,3,0,10,13,5,0,8,9,2,0,11,17,6,0,0,0,0,1,1,8,10,5,0,2,1
0,12,0,0,0,1,0,0,0,4,2,3,0,2,14,1,19,2,1,39,27,0,1,1,10,0,2,1,8,7,0,0,18,0,0,3,1,6,1,3,2,4,0,0,2,0,9,15,0,0,0,1,0,9,0,2,2,3,1,0,26,8,1,0,0,0,0,6,1,1,178,12,2,0,0,26,3,1,6,0,0,2,0,0,3,0,0,5,10,25,0,1,0,7,0,0,0,4,5,28,1,0,29,0,5,10,1,1,17,0,2,0,0,3,16,1,0,5,3,0,1,0,0,26,0,0,18,0,2,3,7,1,0,10,1,5,26,1,0,12,0,0,0,0,7,3,12,0,0,36,1,0
0,0,0,0,2,0,0,0,0,0,0,32,31,4,2,0,0,10,4,1,0,0,2,0,1,37,0,1,0,0,0,32,0,0,0,35,24,12,0,3,0,8,0,0,1,8,0,8,0,30,0,2,0,0,0,37,0,56,0,0,61,22,0,0,0,0,2,22,1,0,0,16,36,2,0,65,2,0,15,0,0,1,24,0,0,35,26,9,49,0,0,57,0,5,0,4,0,2,0,0,2,0,0,0,17,15,0,0,12,0,31,24,0,0,1,2,0,4,24,0,2,0,0,28,0,82,0,2,36,1,50,0,22,0,0,2,15,6,0,30,32,23,0,2,17,0,0,0,0,33,15,2
13,0,10,0,3,6,8,0,1,29,0,1,1,1,10,0,0,2,1,16,0,5,0,0,2,1,3,58,4,2,8,21,0,21,0,6,0,7,2,7,0,5,0,1,7,17,0,4,30,1,2,0,0,1,10,1,16,1,0,8,8,0,0,2,0,2,0,0,11,0,0,19,3,11,0,2,3,0,2,9,0,2,12,1,2,4,0,1,1,3,2,3,2,0,1,18,4,0,22,3,0,4,0,0,4,2,0,0,0,1,1,6,0,0,0,7,10,2,4,0,0,1,1,7,16,0,0,2,0,13,6,0,0,3,3,0,12,5,1,8,0,5,2,21,7,0,0,9,16,7,3,4
0,21,0,0,7,3,4,1,0,4,0,5,0,0,11,0,10,1,15,15,17,1,5,1,8,0,0,7,16,3,0,9,15,0,2,1,2,9,1,14,0,4,1,5,1,0,14,22,9,1,3,3,1,18,0,7,0,12,0,1,26,16,4,2,6,22,0,0,2,3,2,10,4,0,0,13,9,4,3,1,0,0,2,0,5,0,14,7,11,14,3,4,7,7,0,0,0,5,3,41,10,3,12,1,17,6,2,2,19,9,8,1,0,8,10,0,2,3,9,0,9,0,2,46,2,2,17,0,7,17,14,5,0,8,7,9,8,6,6,25,0,4,2,2,10,12,24,1,0,9,6,0
20,1,0,6,10,1,5,2,0,12,0,0,0,0,10,7,0,0,1,8,3,3,7,7,8,1,2,61,1,8,12,11,6,11,5,9,2,3,4,1,3,3,7,2,6,17,6,1,13,2,15,1,0,0,0,0,4,4,1,0,12,0,2,1,1,1,11,2,0,5,0,28,16,8,2,2,7,5,0,2,0,10,8,10,24,0,8,4,0,10,3,5,4,2,2,6,9,15,22,6,2,5,2,6,4,4,11,3,1,11,1,5,2,0,2,2,1,1,2,4,1,0,5,1,3,1,2,2,0,4,17,10,0,16,4,3,1,6,3,12,0,0,8,8,13,8,2,11,33,10,26,2
5,7,0,1,14,5,10,11,4,14,11,0,0,0,15,16,1,0,2,0,3,1,5,6,2,1,3,16,2,7,1,0,8,0,6,3,0,1,3,6,9,0,5,3,6,1,0,9,20,0,16,9,1,1,0,0,2,2,1,19,0,0,28,6,1,0,0,3,5,0,0,2,7,2,15,3,4,17,0,2,21,3,0,1,14,2,1,4,2,12,6,0,11,0,1,16,1,9,16,16,15,10,2,11,3,4,25,5,0,16,0,0,8,1,1,13,9,7,2,2,17,0,4,0,8,0,1,3,0,2,3,3,0,10,17,6,0,4,5,4,0,1,0,2,1,2,26,8,3,6,5,9
0,17,0,0,0,0,3,1,0,0,0,3,0,0,16,0,30,0,0,60,26,0,1,0,7,0,0,0,3,4,0,0,10,0,1,9,7,7,0,8,0,0,0,0,0,0,3,0,1,0,0,0,0,22,0,0,0,3,8,0,93,1,0,0,178,0,0,2,0,0,0,3,9,0,1,24,3,2,4,4,0,0,0,0,1,8,0,2,12,53,0,0,1,3,0,0,0,0,1,40,0,3,36,0,2,6,0,0,12,0,2,4,0,0,23,0,0,16,2,0,1,0,1,59,1,0,3,2,0,3,6,1,0,2,0,5,30,0,1,9,0,1,1,0,6,2,9,0,0,13,0,2
10,6,7,6,9,10,12,2,6,9,5,1,11,11,33,7,8,3,16,20,5,8,15,1,3,6,11,23,3,3,23,16,6,15,5,16,2,4,11,11,3,3,1,1,11,18,6,7,12,7,10,9,6,3,11,4,19,9,7,18,15,9,6,16,12,16,19,10,28,2,3,0,9,12,1,22,14,3,0,2,14,6,9,7,11,3,11,27,15,11,4,22,8,12,1,24,3,11,16,8,13,7,7,3,11,17,4,2,9,14,14,32,7,4,1,14,7,24,23,6,12,1,2,13,19,1,6,14,0,4,23,8,0,18,6,5,22,8,2,21,4,15,10,22,17,15,8,9,13,8,18,7
0,5,0,0,0,0,0,0,0,2,4,26,27,5,2,1,11,13,2,1,3,1,5,0,18,27,2,1,8,0,0,36,14,0,0,7,28,4,0,4,0,21,1,0,1,0,10,3,0,18,3,0,0,3,0,31,0,34,2,0,14,4,3,2,2,36,3,4,16,7,9,9,0,5,1,31,1,1,8,6,0,2,26,0,5,13,19,7,15,15,1,29,2,19,0,0,0,0,1,4,0,2,3,0,14,4,2,2,3,1,33,15,0,6,1,5,0,0,13,4,1,0,1,54,1,53,13,0,3,3,15,6,22,9,0,8,30,5,7,14,26,27,1,2,14,7,6,0,0,22,6,2
1,0,17,1,4,6,0,1,2,5,0,0,3,4,3,0,0,9,3,1,5,0,0,4,6,4,10,10,7,5,8,10,1,35,8,3,1,4,7,4,0,2,15,0,1,12,0,4,13,5,8,2,0,0,0,1,35,5,4,0,7,6,1,1,0,2,11,0,8,2,0,12,5,0,0,12,3,7,0,5,1,7,3,5,3,0,4,1,0,5,6,7,0,6,14,11,11,1,10,8,3,0,6,0,7,0,2,0,2,8,3,12,5,0,0,3,2,4,3,3,2,6,0,1,0,3,0,15,0,0,3,2,0,8,10,0,2,25,9,8,0,4,6,0,0,4,5,11,23,13,3,6
0,1,9,12,1,14,23,8,3,1,8,0,0,9,0,0,0,0,3,0,0,0,4,0,1,0,3,10,1,10,15,0,2,0,2,0,0,1,8,4,2,0,10,8,2,0,0,2,9,0,5,2,11,0,5,0,0,1,2,16,0,0,13,8,0,0,0,0,2,15,1,1,1,0,0,0,1,6,0,2,12,2,0,1,12,0,0,0,0,0,14,0,5,0,18,0,1,0,9,8,8,1,0,8,0,6,3,8,0,2,0,0,8,0,0,0,1,0,0,4,1,0,2,0,4,2,4,9,0,2,0,1,0,0,4,1,0,6,5,0,0,1,6,1,0,0,4,10,0,0,0,4
2,10,4,0,2,1,0,2,0,3,0,38,72,6,5,0,17,56,2,11,5,3,11,0,5,60,1,8,4,5,7,27,1,6,3,15,110,15,0,9,0,32,3,0,0,7,2,4,5,77,2,4,0,5,0,77,2,37,10,0,26,3,1,1,26,65,2,13,2,3,24,22,31,12,0,0,14,0,31,4,1,9,47,0,0,54,57,4,16,4,2,29,5,35,0,6,0,5,0,0,1,1,14,0,16,9,12,2,28,2,76,72,0,7,18,14,2,18,53,0,3,0,1,68,0,108,4,4,65,3,30,0,94,6,2,13,35,8,2,23,77,17,4,3,18,10,15,7,4,31,3,2
0,12,0,0,5,1,1,8,1,6,0,1,1,2,6,1,7,8,5,2,9,0,8,2,2,1,1,13,6,0,2,2,2,3,2,3,5,7,2,10,1,12,0,2,4,2,7,24,12,0,5,1,2,3,0,1,0,4,1,0,10,3,8,3,3,2,3,9,7,4,3,14,1,3,1,14,0,2,0,6,5,6,2,0,4,3,23,2,5,8,2,12,18,2,0,2,3,3,4,6,1,2,1,2,4,1,4,1,13,4,0,8,3,2,0,4,0,17,3,9,13,0,3,8,5,0,10,2,3,5,5,3,0,2,9,2,12,1,4,16,3,6,1,8,1,9,20,5,7,11,4,1
4,3,0,5,17,1,10,6,13,3,21,0,0,9,6,3,2,0,8,1,1,2,2,5,5,0,0,1,3,12,9,0,2,0,11,1,0,0,10,5,13,0,5,16,4,4,6,16,4,0,4,7,17,1,2,2,4,4,0,27,0,4,17,3,1,0,0,4,5,17,2,3,1,7,6,0,2,0,0,2,13,5,0,0,20,0,0,2,3,14,10,2,5,1,2,0,8,12,4,0,19,11,4,12,4,0,10,1,0,7,0,0,13,1,1,3,4,6,2,23,6,0,11,0,3,0,2,2,0,0,0,2,0,3,7,1,1,5,3,4,0,0,1,4,1,8,2,5,6,2,1,6
0,3,0,0,0,0,0,0,0,0,0,3,73,0,4,0,0,24,0,3,3,0,0,0,0,26,0,0,0,0,0,1,1,0,1,6,30,2,0,0,0,7,0,0,0,1,0,2,0,16,0,0,0,2,0,26,0,11,1,0,0,2,1,0,6,15,2,3,0,0,4,0,8,0,0,31,0,0,0,1,0,0,9,0,0,44,6,0,4,1,0,7,0,9,0,1,0,0,0,3,0,2,2,0,0,4,0,0,9,1,8,33,0,3,0,0,0,0,14,0,0,0,0,3,0,49,4,0,30,2,1,0,26,0,0,1,5,0,0,1,61,12,1,0,2,0,0,0,0,5,0,0
2,6,10,0,4,1,0,3,0,5,3,0,1,1,0,3,9,0,6,0,0,7,3,2,2,0,4,8,12,1,3,2,12,0,1,0,0,3,1,3,10,0,0,0,0,0,3,7,6,0,0,0,2,2,1,0,0,1,0,10,5,1,5,28,0,0,9,1,2,2,4,2,6,5,2,4,6,2,1,0,3,0,0,1,1,1,0,5,0,15,9,3,0,1,2,0,7,1,4,1,2,2,5,2,7,8,4,1,1,0,2,4,2,0,2,6,2,0,1,3,7,1,6,1,23,0,9,0,0,0,2,11,0,9,1,1,0,0,7,10,0,1,2,30,3,10,7,2,3,6,0,6
0,2,5,3,3,1,11,7,3,2,7,6,0,2,2,12,1,0,0,0,0,9,0,0,2,7,0,3,0,3,0,31,0,11,0,1,0,4,0,3,6,3,2,3,2,4,0,6,3,4,6,2,6,0,9,0,0,5,0,3,0,3,6,14,0,0,0,0,0,21,0,14,0,1,12,1,5,13,0,3,0,0,0,13,0,0,10,0,0,0,6,2,3,0,0,19,4,12,2,1,29,1,0,3,4,1,2,5,2,2,0,0,6,0,1,0,2,0,0,9,1,6,11,3,5,2,2,0,0,0,7,2,0,9,15,2,3,8,8,1,0,0,1,0,0,1,12,4,12,3,0,0
5,2,0,4,4,7,3,1,6,7,1,0,0,0,8,0,4,0,0,0,4,0,2,5,3,0,2,21,7,15,1,1,3,3,4,2,0,2,0,4,0,0,2,0,2,2,0,0,4,3,1,2,0,4,0,2,3,7,40,0,8,2,3,0,2,1,2,0,10,3,0,6,2,7,2,9,6,5,0,0,0,0,0,3,5,1,2,3,3,6,0,1,11,1,2,2,1,5,6,12,4,6,5,3,5,1,3,6,6,1,3,0,4,2,16,7,1,1,1,4,16,0,5,1,1,1,0,1,0,12,2,15,0,10,0,2,3,6,5,4,0,4,4,3,12,2,1,0,0,0,1,8
3,0,0,0,0,0,0,3,0,4,0,35,33,1,8,0,0,44,0,0,0,0,4,0,0,53,0,11,3,3,1,13,0,4,1,14,57,3,0,0,0,21,0,1,0,2,3,5,6,41,15,4,0,0,0,80,4,18,2,0,8,0,0,3,0,24,12,2,8,0,0,9,26,3,0,47,2,0,9,0,0,0,0,0,0,51,44,11,7,5,0,32,1,3,0,1,0,0,0,4,0,0,6,0,6,2,0,0,3,2,34,40,2,1,0,2,0,1,22,0,0,5,3,29,5,65,2,0,26,9,21,1,43,5,0,0,3,1,3,21,56,5,4,0,18,10,0,0,3,10,10,1
7,2,20,13,1,19,9,0,2,4,23,0,0,7,5,3,0,0,1,0,2,5,2,9,0,0,7,6,0,2,14,8,0,4,11,0,0,0,0,4,5,0,3,38,6,0,0,0,10,0,10,17,8,0,14,0,2,6,1,20,0,1,22,4,0,0,1,0,10,1,0,7,0,5,1,0,0,0,0,1,13,3,0,0,0,0,0,0,0,0,4,1,3,0,15,36,0,2,8,0,4,2,1,10,2,0,5,7,1,0,0,0,2,0,0,4,1,0,0,5,4,8,3,0,6,0,2,6,0,0,0,0,0,4,2,0,0,0,0,0,0,0,6,5,0,0,1,1,5,1,0,3
6,8,13,3,3,13,12,8,0,14,9,1,0,11,9,4,2,0,2,3,5,1,8,1,6,2,3,29,5,14,34,4,10,11,5,1,0,1,8,0,3,0,0,8,5,12,17,2,17,0,5,4,0,0,0,1,8,2,1,4,3,0,9,1,3,0,2,5,24,14,1,11,5,3,12,0,4,20,0,1,0,5,0,0,0,0,0,1,0,1,17,0,5,0,1,11,2,1,14,17,12,8,4,5,0,3,4,2,0,6,9,0,15,1,2,2,0,0,1,9,15,9,6,0,0,0,2,6,0,8,1,7,0,4,3,1,0,8,2,2,0,1,22,6,9,5,4,10,20,5,9,13
0,0,0,0,4,0,0,4,0,0,0,15,111,2,7,0,3,19,4,7,2,0,2,1,0,19,0,3,0,0,0,7,0,0,0,15,25,2,0,0,0,3,0,0,0,3,0,0,0,8,2,0,0,0,0,26,0,27,1,0,28,0,0,0,0,35,4,0,0,2,8,3,13,0,0,54,3,0,44,1,0,1,51,0,0,0,9,0,41,0,0,14,0,8,0,0,0,0,1,3,0,0,0,0,5,14,0,0,4,0,25,109,0,1,5,0,1,0,43,0,1,0,0,12,0,40,2,0,47,12,17,0,51,3,0,0,17,1,0,3,94,16,0,3,15,0,0,0,0,27,0,0
0,0,0,0,1,0,0,0,0,0,0,44,15,2,2,0,0,34,1,2,1,0,1,1,9,56,6,17,0,0,1,47,2,6,0,2,30,4,0,1,0,35,1,0,0,19,0,4,9,46,0,0,0,0,0,35,0,49,0,0,33,29,2,0,0,26,0,14,8,1,0,11,19,4,0,57,23,0,6,0,10,2,44,0,0,9,0,0,18,2,2,33,0,21,0,30,4,1,0,1,0,1,0,0,13,0,0,0,2,1,31,31,1,0,0,1,0,7,15,0,2,2,0,29,2,51,0,0,30,1,11,0,39,4,7,3,9,3,2,23,49,18,1,0,0,9,5,8,5,13,0,1
11,15,0,0,7,1,1,12,1,21,0,3,1,12,26,8,12,0,6,9,13,1,5,2,17,1,14,6,14,4,0,4,10,0,10,15,2,4,3,12,2,0,0,0,4,2,4,2,10,0,2,3,3,10,0,2,0,16,12,0,14,2,6,3,5,9,1,7,4,4,2,27,7,1,0,4,2,2,0,5,0,3,11,0,1,0,0,0,10,18,2,10,10,1,0,0,3,17,3,29,1,12,0,3,25,21,21,4,5,11,8,3,1,2,13,26,3,4,7,3,4,0,1,20,0,0,3,1,0,19,3,18,0,1,5,8,5,9,22,40,0,4,5,4,22,23,4,2,4,9,4,0
0,2,1,0,6,0,0,0,0,0,1,12,14,1,16,0,2,20,0,7,5,3,3,0,27,5,4,6,5,0,0,19,18,2,1,27,9,8,2,10,0,18,0,0,0,2,0,2,1,17,0,0,0,3,0,13,1,6,5,0,67,10,0,1,10,49,1,11,0,2,12,15,15,0,0,16,5,3,4,0,0,3,7,0,0,41,18,10,0,11,0,27,1,5,0,0,0,0,4,15,3,0,10,0,16,20,2,1,9,1,18,25,0,2,11,2,0,11,26,0,0,0,0,36,1,21,0,0,3,5,34,3,0,4,1,3,26,5,1,25,2,25,2,11,7,10,0,0,2,15,5,1
0,17,0,0,15,4,2,4,2,2,0,11,0,4,21,6,16,0,17,5,10,4,13,4,12,0,4,5,6,4,6,1,34,0,5,6,2,9,2,7,10,1,0,2,1,4,25,31,10,1,5,8,3,8,0,1,0,7,1,0,34,5,18,2,25,0,3,14,10,12,53,11,15,5,0,4,8,14,1,15,0,6,5,0,1,0,2,18,11,0,2,2,18,7,0,1,2,7,11,28,4,3,76,6,6,4,5,5,11,10,5,3,6,16,30,23,4,13,6,0,4,7,16,15,20,3,15,0,0,23,4,11,0,18,17,14,10,4,0,44,5,5,7,6,14,36,15,4,1,15,3,4
18,2,0,2,1,3,10,19,18,7,13,0,0,14,5,1,7,0,12,3,0,0,5,9,2,1,5,4,9,5,21,0,0,0,7,2,1,1,17,4,11,1,9,4,8,7,0,5,4,0,2,6,16,0,1,0,10,2,0,19,1,0,10,19,0,0,2,3,3,6,0,4,1,6,14,2,2,10,0,9,6,0,0,4,17,0,2,2,0,2,0,0,25,0,7,0,5,3,10,3,6,11,0,10,1,6,25,3,0,10,0,0,24,0,0,9,9,2,0,14,7,3,17,0,3,2,0,9,0,8,0,9,0,6,35,0,0,4,16,1,0,1,4,12,3,4,3,16,10,12,0,17
1,16,0,0,1,0,1,0,0,2,0,10,24,2,6,0,0,13,1,10,0,0,3,0,9,19,0,6,3,0,4,21,6,9,0,30,17,6,0,0,0,26,0,0,1,2,0,3,0,13,6,1,0,2,0,11,3,65,0,0,22,16,5,0,1,57,3,4,5,0,0,22,29,7,0,29,12,2,7,3,2,1,32,1,0,14,33,10,27,2,0,0,6,9,0,0,0,8,1,0,0,1,0,0,26,13,2,0,11,1,26,28,1,1,1,2,0,1,40,0,3,0,0,41,3,45,0,0,4,3,25,0,6,3,0,0,26,4,0,8,12,26,4,3,15,4,0,1,0,30,5,3
3,5,2,8,21,8,0,7,4,2,0,1,0,8,14,8,7,3,10,3,13,0,13,9,13,0,8,13,8,9,0,2,11,0,9,5,5,4,13,16,17,5,10,6,1,13,0,19,10,0,3,29,3,2,7,1,7,2,0,0,7,5,27,13,0,0,2,7,4,11,1,8,2,0,5,5,18,5,0,0,3,11,1,3,5,0,0,10,1,18,25,6,0,1,2,4,2,2,9,5,24,9,9,0,2,1,3,9,1,13,1,5,9,2,10,4,3,6,3,0,34,0,6,3,3,1,3,15,0,15,4,17,0,12,6,17,4,16,27,6,0,8,3,14,1,2,12,17,9,16,5,8
0,3,0,0,0,1,1,0,0,2,0,6,9,5,2,0,7,10,0,5,9,0,1,1,1,9,4,10,2,0,0,3,2,0,0,4,27,9,1,0,0,24,0,0,0,0,4,4,2,8,0,0,0,2,0,19,0,11,6,0,19,8,0,3,7,5,0,7,2,0,3,12,19,6,0,35,2,1,9,1,0,1,3,0,0,8,21,1,5,7,0,9,1,0,0,1,1,6,4,2,0,1,3,0,11,5,2,1,3,1,25,17,0,2,1,1,0,2,16,0,0,0,0,14,0,16,0,0,16,8,13,2,26,1,0,5,2,2,2,8,13,6,6,1,6,12,8,0,0,14,0,0
2,0,11,26,0,9,38,0,14,2,0,0,0,0,1,0,0,0,8,6,1,3,0,1,1,1,8,2,0,2,5,0,0,9,0,0,0,0,17,6,9,0,6,11,1,3,0,2,2,0,17,6,7,0,6,0,18,0,1,6,0,0,1,2,0,0,1,0,2,1,0,1,0,14,18,0,0,2,0,2,0,2,0,15,1,0,0,0,0,0,7,0,2,0,0,2,2,0,0,9,12,0,0,14,1,0,6,4,0,0,0,0,8,0,0,0,5,0,0,8,1,23,9,0,4,0,0,12,0,4,1,0,0,0,2,0,0,0,0,0,0,0,8,5,0,0,0,9,5,2,1,7
10,0,10,12,1,8,6,0,2,1,1,0,3,4,5,0,0,1,3,2,0,11,1,5,11,8,6,40,5,1,2,16,0,36,1,1,0,4,9,1,8,4,7,5,1,38,0,6,3,3,23,8,0,0,0,0,14,10,0,2,9,7,3,0,0,4,18,0,6,16,0,24,0,11,0,6,2,0,1,0,19,2,1,36,11,0,30,0,0,1,0,0,4,1,2,0,5,2,3,0,16,10,0,4,6,5,0,0,5,2,0,0,7,0,0,3,0,15,5,10,3,4,1,2,6,6,0,7,0,4,8,4,0,11,16,2,4,26,0,14,0,3,1,2,4,3,1,25,6,16,8,3
3,4,0,12,3,11,13,7,2,7,1,0,0,5,3,2,0,0,5,0,2,0,1,7,1,0,12,3,11,10,5,0,0,2,10,2,0,0,20,5,9,1,9,3,10,6,0,0,13,0,1,4,7,0,2,0,1,1,0,0,1,0,6,6,0,0,4,0,9,1,0,3,0,11,1,0,3,8,0,7,4,1,0,0,2,0,4,3,0,2,5,0,2,1,2,5,0,3,13,1,8,9,0,2,1,0,4,7,0,2,0,2,4,0,0,1,10,2,0,31,0,6,3,0,9,0,0,0,0,2,1,3,0,3,5,0,0,1,1,0,0,0,5,3,1,1,0,22,12,0,2,10
9,6,1,2,15,1,2,3,2,1,1,2,1,10,11,6,4,2,5,11,2,3,2,2,3,2,16,25,3,2,1,20,3,1,4,4,0,2,1,3,2,2,5,2,0,17,4,2,9,2,20,0,2,2,3,0,6,4,0,0,3,2,2,5,4,2,0,5,15,9,0,11,0,1,0,5,3,12,0,1,12,5,0,2,1,0,1,17,0,7,3,8,2,6,0,2,3,0,19,1,0,6,5,1,2,3,1,4,0,14,1,1,3,1,1,11,1,5,2,1,5,1,7,2,4,0,0,3,1,11,3,4,0,6,7,1,1,13,1,4,1,1,0,2,4,5,6,3,9,1,1,6
9,8,7,4,21,5,8,1,11,4,1,3,2,17,7,5,3,2,7,1,2,2,18,3,5,1,8,28,10,5,22,1,4,9,4,1,0,5,28,4,11,2,5,12,10,6,12,17,18,0,0,14,12,4,3,0,19,1,4,5,9,1,7,3,5,0,22,3,22,16,1,16,1,10,9,0,4,4,0,4,2,6,0,8,14,1,0,3,4,11,10,1,9,4,0,3,13,19,0,1,5,2,5,2,9,10,14,10,1,5,5,8,6,1,1,11,10,6,1,8,3,4,2,1,7,0,4,0,0,4,4,6,0,13,9,4,8,7,10,10,0,4,2,19,3,0,7,2,17,6,1,11
2,26,12,0,19,15,3,9,0,10,2,2,0,14,11,13,18,0,22,20,22,6,16,3,10,0,5,5,26,49,13,1,22,4,9,1,1,11,4,8,0,4,1,6,3,0,15,13,11,0,2,9,4,12,4,1,7,5,0,1,5,17,11,1,28,0,3,41,6,16,40,8,4,8,8,0,6,0,3,1,1,12,4,0,17,3,1,29,15,28,3,0,5,2,9,0,1,1,1,0,4,4,22,3,5,8,24,3,7,9,2,1,1,4,18,33,2,6,0,4,18,0,6,6,6,0,5,5,0,27,1,16,0,8,3,6,14,13,13,8,0,1,20,2,9,12,7,13,7,7,16,8
4,0,4,4,4,8,15,3,1,7,21,1,0,2,2,4,0,0,5,1,0,10,0,12,4,0,2,7,2,3,1,0,0,1,2,0,0,1,2,7,5,0,13,4,5,4,0,4,10,0,11,4,0,0,17,1,4,1,0,43,0,0,8,14,1,2,0,10,2,15,0,13,0,3,8,1,1,19,0,2,29,4,0,4,12,0,0,1,3,4,6,0,24,0,12,16,8,0,5,4,0,6,1,3,1,0,1,0,0,7,0,0,23,0,0,7,17,6,0,19,6,3,4,3,1,2,2,12,0,6,3,0,0,9,9,0,0,0,5,2,0,0,7,4,0,5,8,7,1,2,4,1
13,3,9,3,5,0,5,8,11,7,13,0,0,18,8,5,0,0,5,4,2,3,4,9,3,0,5,9,2,5,8,0,3,0,1,1,1,1,7,4,7,4,2,8,3,9,3,4,21,0,9,18,0,4,0,0,11,1,1,6,3,0,13,1,0,0,4,3,5,10,3,7,2,0,1,1,2,11,2,2,1,6,0,2,8,0,1,12,0,3,11,1,9,1,0,10,9,6,2,4,6,0,4,3,2,6,19,5,3,3,0,5,9,0,7,3,1,5,1,0,8,1,8,0,0,0,5,3,0,3,1,4,0,12,9,3,1,22,2,4,0,1,13,2,1,0,0,10,19,3,3,4
0,9,4,0,4,0,3,1,3,0,0,6,0,2,16,0,7,0,1,15,13,1,12,2,4,1,0,5,6,2,4,1,19,0,1,10,0,8,1,10,4,0,0,3,0,13,7,2,2,0,2,3,2,13,0,0,0,8,3,0,16,10,7,0,29,0,0,12,2,2,36,7,3,6,0,14,1,4,2,5,0,5,6,1,4,0,0,0,10,76,0,0,9,3,0,0,0,5,5,22,1,4,0,0,18,4,1,0,5,1,3,0,0,2,9,6,0,8,3,0,1,0,2,14,5,1,14,0,0,10,7,4,0,6,0,3,2,0,3,31,0,6,3,1,21,2,1,8,0,10,2,0
0,1,2,4,2,1,7,6,9,0,13,0,0,13,2,1,0,0,3,0,0,0,0,12,0,0,0,1,4,4,2,0,0,0,12,1,2,0,0,4,10,0,2,1,6,0,4,2,13,0,16,4,6,0,6,0,1,0,1,15,1,0,8,1,0,0,0,1,6,11,0,3,0,0,8,0,2,12,0,2,3,3,0,10,5,0,0,3,0,6,10,0,0,0,14,4,2,1,2,3,3,3,0,0,0,0,15,7,0,7,0,0,24,0,0,2,0,2,0,11,5,9,10,0,3,1,2,5,0,2,0,3,0,10,8,0,0,3,2,1,0,0,7,0,0,2,3,3,0,1,2,9
0,12,0,0,3,3,0,2,3,1,0,11,9,5,13,3,5,9,4,7,1,0,4,1,17,12,1,7,8,4,2,19,6,5,0,19,7,8,3,1,1,18,2,0,2,13,1,4,1,11,5,3,0,3,0,4,0,21,1,0,24,18,0,0,5,17,4,17,4,3,2,11,14,7,0,16,4,4,0,7,4,5,6,2,0,5,13,25,16,6,1,26,2,11,1,6,1,2,9,5,1,2,18,0,0,21,1,0,4,1,15,9,1,1,6,9,0,6,11,0,13,0,0,20,0,12,0,0,1,6,30,10,6,9,1,6,8,2,3,23,5,17,4,1,17,5,4,7,4,22,3,1
1,9,0,1,5,2,0,1,1,4,0,5,6,4,19,0,17,0,2,8,0,0,9,1,18,2,11,0,6,2,1,11,16,8,0,29,2,15,1,8,2,1,0,0,0,8,6,12,2,0,0,4,0,4,0,3,3,9,2,0,26,10,1,1,10,15,2,6,4,4,6,17,4,0,6,9,1,0,4,8,1,1,2,0,3,14,0,21,20,4,6,13,1,5,0,5,0,3,10,8,0,6,4,0,21,0,5,1,8,7,7,5,0,8,10,8,1,14,8,0,5,0,1,20,2,2,17,0,0,10,12,3,0,8,0,8,19,5,2,35,0,10,0,7,21,6,16,2,1,13,16,1
8,2,1,0,0,1,22,1,10,9,6,0,0,13,8,9,0,0,20,1,8,9,12,4,6,0,5,9,5,13,3,0,0,9,18,0,0,1,8,10,6,3,4,5,6,7,2,7,17,0,1,17,9,3,2,0,3,0,4,1,6,4,37,2,1,0,0,2,11,25,0,4,2,2,3,12,4,10,0,4,2,3,0,5,4,0,0,21,2,5,25,2,3,2,6,0,4,1,14,24,1,19,1,15,1,5,0,14,0,21,1,1,7,2,3,8,1,3,0,4,14,0,5,1,2,0,1,3,0,5,7,12,0,1,8,4,2,13,13,9,0,2,4,15,2,3,8,9,1,2,3,8
1,1,6,4,0,3,3,3,3,2,0,2,0,7,3,2,2,0,29,0,6,8,3,6,1,0,3,8,4,9,1,0,1,0,2,3,0,0,4,0,4,0,2,3,9,2,6,2,3,0,0,2,17,1,0,0,0,9,1,0,1,1,18,4,1,0,0,2,3,5,0,2,2,0,8,2,1,1,0,1,5,6,0,7,2,0,0,4,1,5,3,0,9,1,4,0,7,4,10,3,0,5,0,7,0,1,14,0,0,2,0,1,0,0,0,2,0,0,0,1,6,0,9,0,9,1,3,2,0,2,0,2,0,2,20,2,0,3,11,3,0,0,1,2,0,0,2,6,1,2,0,2
0,12,0,0,3,0,2,3,0,5,0,2,12,0,2,0,18,4,2,15,6,0,4,1,4,7,2,0,1,1,0,6,19,5,1,6,4,9,1,2,1,10,0,0,0,12,9,7,1,9,7,0,0,16,0,8,3,16,2,0,30,21,4,0,17,12,0,19,1,0,12,9,3,2,0,28,13,0,9,1,2,6,3,1,0,4,2,5,9,11,0,11,1,3,0,5,0,0,1,7,0,3,5,0,4,8,0,0,0,0,3,0,0,5,0,2,0,7,6,0,2,0,0,11,1,12,9,1,1,7,23,4,0,5,5,10,7,1,0,19,0,6,0,0,11,12,7,0,2,28,8,2
6,0,1,0,8,4,1,7,7,0,5,4,0,8,8,2,1,0,5,1,1,6,1,10,2,0,15,4,7,9,5,13,3,3,0,0,0,0,3,2,6,1,11,4,0,3,8,5,8,0,21,9,0,0,0,1,3,3,3,0,4,0,6,4,0,0,1,9,11,16,0,14,1,8,2,2,4,7,1,0,2,1,2,0,6,0,1,11,1,10,10,1,13,1,0,2,2,14,5,9,7,3,1,7,1,7,21,2,0,0,2,1,5,1,11,8,1,2,0,5,4,0,12,2,2,0,0,3,0,6,3,3,0,15,5,0,0,5,9,6,0,2,1,0,2,3,12,7,20,5,3,4
0,0,0,0,0,0,0,0,1,0,0,18,12,3,4,0,2,16,1,7,0,0,0,0,4,48,4,4,2,0,0,16,1,0,1,12,20,10,0,11,0,12,0,0,0,6,1,5,5,28,3,0,0,0,0,17,0,11,0,0,30,4,1,0,2,31,1,8,1,0,2,14,33,3,0,76,0,0,8,2,0,3,34,0,9,25,31,8,18,5,0,26,1,25,0,0,0,1,5,2,0,0,3,0,15,7,1,0,3,2,0,16,0,4,8,2,0,2,22,1,1,0,1,32,0,60,0,1,14,3,31,1,39,2,1,3,9,3,1,11,58,14,1,3,20,1,1,1,1,11,1,0
4,4,0,0,5,0,0,1,0,1,0,30,48,7,3,0,3,31,0,6,4,2,2,0,0,31,3,15,1,0,3,17,0,3,1,15,32,10,0,3,0,6,2,0,1,3,0,0,3,21,4,2,0,6,0,19,0,34,18,0,20,7,10,1,0,24,6,1,5,0,4,32,15,12,0,72,8,0,33,4,0,0,40,0,0,109,31,3,25,3,0,28,5,17,0,0,2,1,8,1,0,5,0,0,9,5,1,1,0,1,16,0,1,2,0,4,0,13,29,0,10,0,0,13,3,43,1,0,72,2,10,3,51,3,0,1,33,1,5,21,117,25,4,5,5,0,4,3,0,21,5,1
3,0,0,19,3,6,9,8,5,5,5,0,0,2,2,2,0,1,4,0,1,3,1,7,1,0,11,0,6,16,4,0,0,2,17,0,0,0,13,2,16,0,8,9,3,0,2,0,6,0,2,13,19,0,5,1,11,2,1,2,0,1,6,4,0,0,0,0,2,8,0,7,0,5,8,0,3,13,0,2,6,4,2,2,15,0,1,1,0,6,24,1,9,0,8,7,4,3,6,1,23,9,0,24,1,0,7,0,0,5,0,1,0,0,1,3,5,0,0,27,9,4,4,0,0,0,0,15,0,3,0,5,0,1,5,0,5,10,11,0,0,4,2,5,0,2,2,23,5,0,1,12
0,4,0,0,0,1,0,1,0,4,0,0,0,0,4,0,6,0,2,4,4,0,6,0,4,0,3,2,12,0,0,1,4,0,0,7,1,5,0,0,1,1,0,1,0,2,8,0,8,0,0,1,0,9,0,3,0,2,1,0,7,1,3,1,3,0,0,8,0,1,0,4,6,0,0,7,2,1,3,0,0,2,1,0,1,1,0,2,2,16,0,1,2,2,0,0,0,1,1,4,0,0,2,0,1,8,2,0,5,1,4,2,0,0,5,4,0,1,0,0,1,0,1,4,2,1,15,0,0,5,1,3,0,4,1,4,1,4,0,4,0,5,1,1,7,5,1,0,0,7,3,0
0,6,3,1,9,0,1,11,2,3,0,0,0,11,5,0,18,2,3,5,2,1,3,0,5,3,2,0,8,4,3,2,20,0,6,3,2,13,1,18,2,2,0,1,2,0,7,10,4,0,1,0,1,9,2,0,0,8,14,2,7,9,7,1,16,1,0,10,2,1,23,1,1,0,0,18,0,1,0,2,1,16,0,0,2,5,0,13,11,30,0,1,10,1,0,0,0,1,1,18,0,7,9,0,6,10,3,0,0,11,8,0,1,5,0,4,3,1,4,3,14,0,2,7,4,0,2,5,0,22,0,9,0,2,1,11,10,8,4,8,0,6,5,7,13,10,1,0,2,7,9,2
4,12,0,1,7,0,0,2,4,12,1,0,2,11,13,1,4,0,5,11,3,2,23,0,2,2,9,14,5,9,12,1,2,10,2,5,3,5,1,22,2,1,1,1,2,16,5,6,8,0,0,16,0,5,0,0,1,2,3,0,7,5,4,0,1,2,7,0,2,13,0,14,5,3,0,14,4,3,0,6,0,7,2,4,2,0,1,26,2,23,9,2,4,1,0,3,1,11,11,33,7,3,6,2,9,8,8,2,2,8,2,4,3,4,4,0,7,5,0,1,25,0,12,2,3,0,3,4,1,22,9,3,0,16,17,0,3,16,5,3,0,6,0,6,4,7,3,5,2,13,1,5
1,2,1,5,2,10,1,1,5,8,0,0,0,1,4,0,0,0,4,1,0,6,4,8,0,0,0,2,11,1,7,0,3,0,7,0,0,1,13,8,1,0,7,1,6,2,0,2,9,0,0,3,6,0,24,1,11,0,0,82,2,2,1,0,0,0,10,2,1,9,0,7,0,2,1,2,0,4,0,2,2,1,0,1,0,1,0,3,0,4,9,0,3,0,5,0,10,1,10,2,17,1,0,0,0,1,1,0,0,1,0,0,5,0,3,7,0,2,0,14,4,6,0,0,25,2,0,20,0,0,0,12,0,0,29,2,4,1,4,0,0,0,1,17,2,1,0,17,0,1,4,11
2,7,0,0,25,2,0,0,2,2,0,8,2,6,18,0,6,3,3,4,7,1,11,0,12,0,10,17,7,3,3,1,2,18,1,7,5,7,1,4,0,7,3,0,1,2,3,21,8,1,0,2,8,1,0,6,1,9,1,0,11,5,3,0,5,4,2,3,1,7,16,24,0,4,0,18,17,6,0,0,0,1,1,0,0,0,7,4,11,13,2,1,6,2,0,15,2,5,6,6,6,5,8,2,6,14,3,0,7,2,2,13,0,1,1,5,2,0,8,2,1,3,16,9,2,0,7,0,2,4,16,2,0,14,9,10,9,1,2,11,2,3,5,3,6,2,8,11,6,12,1,0
0,3,0,0,0,1,0,1,0,3,0,12,60,9,15,0,0,39,4,18,1,0,1,2,2,33,0,4,1,1,16,20,0,2,0,33,41,4,2,8,0,46,0,0,2,7,2,7,0,42,9,0,0,1,0,62,0,19,5,0,35,14,1,2,3,24,4,9,2,2,2,23,13,3,0,53,3,2,14,1,0,1,22,0,1,43,15,7,26,6,0,40,3,16,0,5,0,2,1,0,0,1,3,0,11,8,0,0,6,0,22,29,0,0,4,0,0,8,0,0,5,0,0,14,0,72,0,0,22,0,18,0,19,6,0,1,7,2,2,27,77,27,0,1,17,0,8,1,0,20,7,0
2,1,0,12,3,1,14,2,11,8,6,1,0,0,6,2,0,0,7,0,0,0,1,12,0,1,7,3,4,5,14,0,2,2,6,0,0,0,7,4,4,1,5,12,22,1,5,1,8,0,0,3,9,1,12,0,9,0,0,12,1,0,12,13,0,0,0,0,4,2,0,6,4,3,4,0,9,23,0,3,9,4,0,5,9,0,0,3,0,0,14,0,0,0,8,10,31,1,8,4,19,0,0,11,0,0,4,1,0,5,1,0,27,0,3,1,14,2,0,0,0,5,1,0,3,2,0,18,0,2,0,1,0,6,4,0,0,2,3,2,0,1,12,11,2,1,0,6,1,0,0,8
1,2,7,3,1,1,11,7,1,23,1,1,0,15,6,13,3,3,14,4,3,3,5,11,15,2,1,2,7,2,0,5,11,7,6,3,1,4,5,36,7,0,3,2,1,7,6,13,14,3,13,11,2,8,7,0,1,0,20,5,5,2,15,1,1,2,0,9,1,17,1,12,1,2,1,3,13,6,0,7,1,16,0,4,15,1,2,4,0,4,7,3,34,0,1,3,0,5,3,18,6,8,1,5,13,5,14,6,2,4,1,10,9,1,14,25,4,1,5,0,0,2,4,6,0,2,2,6,0,43,0,11,0,9,3,5,1,12,14,8,0,0,0,11,8,2,7,4,8,1,7,14
4,0,17,12,1,6,17,11,1,6,9,0,0,3,0,0,0,0,0,0,0,10,0,3,4,0,4,1,6,2,1,0,0,0,2,0,0,0,25,2,0,0,0,5,5,0,0,2,5,0,0,0,0,0,1,0,9,0,0,13,2,0,0,9,0,0,1,0,0,0,0,1,0,6,0,0,0,0,0,1,6,0,5,8,9,0,2,0,0,7,3,0,0,0,23,4,6,1,4,0,3,1,0,9,0,0,0,0,0,0,0,0,4,0,0,0,6,3,0,5,2,0,9,0,9,3,0,5,0,0,0,0,0,0,5,0,0,0,0,0,0,0,16,7,2,4,1,6,0,1,0,3
1,3,0,7,2,9,4,4,6,2,0,0,0,3,3,1,0,0,13,1,1,0,3,4,3,0,1,3,1,9,5,0,2,0,7,1,0,1,3,5,4,1,0,1,2,1,2,5,2,0,0,3,7,2,0,0,0,7,1,0,0,7,8,9,0,0,1,2,5,4,1,2,1,0,2,1,3,11,0,6,11,5,3,3,6,0,0,1,0,16,17,0,6,0,9,1,3,7,2,6,4,8,2,10,0,1,5,9,0,12,1,0,4,1,2,12,0,16,0,1,4,9,0,1,8,0,5,10,0,1,0,5,0,12,12,1,0,6,5,1,0,0,4,2,5,4,2,2,0,3,0,2
1,49,0,0,0,0,4,2,0,4,0,20,3,4,13,0,19,17,1,10,6,0,6,1,10,31,0,7,2,0,2,22,15,0,0,21,31,10,1,6,0,17,0,0,2,3,4,9,4,17,3,1,0,8,0,35,0,23,9,0,45,28,1,5,26,28,7,46,1,0,59,13,54,1,0,68,8,0,3,1,3,1,29,0,0,12,29,20,36,15,0,41,3,14,0,2,0,2,1,6,3,0,14,0,20,20,1,0,11,2,32,13,0,4,7,2,0,9,14,0,6,0,1,0,2,63,3,1,3,9,39,3,24,4,0,11,26,6,1,29,21,17,0,3,24,4,18,1,0,32,11,0
0,4,9,5,14,12,17,7,0,10,0,0,0,0,4,2,2,0,2,1,5,2,1,0,8,1,12,18,11,0,4,0,0,0,0,0,2,2,14,16,2,0,0,4,16,8,2,10,24,0,6,0,30,0,20,0,17,2,1,43,12,1,13,2,0,0,16,2,3,8,1,19,1,0,4,0,5,3,0,23,5,1,5,6,0,0,2,0,1,20,3,3,3,0,4,6,9,4,7,6,1,0,5,3,0,2,2,9,1,2,0,3,0,2,4,3,25,2,0,3,0,9,8,2,0,2,12,25,1,2,3,1,0,17,30,2,0,2,0,1,0,4,16,28,0,8,3,3,5,0,2,14
1,0,1,0,0,0,1,0,0,1,0,40,54,3,0,0,2,66,5,1,0,4,1,0,1,66,0,1,0,0,0,32,0,0,1,9,81,2,0,6,0,64,5,0,0,0,0,6,7,75,1,0,2,0,3,110,3,76,0,4,31,16,1,0,0,82,0,2,1,0,0,1,53,3,2,108,0,0,49,0,2,1,65,0,0,40,51,0,21,3,2,45,1,16,0,6,0,0,0,0,2,0,1,1,12,2,0,1,12,0,60,43,0,1,0,0,2,0,72,2,2,3,0,63,2,0,7,2,53,1,18,0,80,1,3,0,1,1,1,9,177,24,0,7,1,0,7,1,1,30,10,1
0,4,35,2,7,1,1,10,0,2,0,0,0,27,5,2,6,0,4,9,2,0,6,0,1,0,1,0,19,14,20,0,0,0,2,1,0,3,0,9,0,0,0,0,6,0,8,15,6,0,0,1,0,2,0,1,0,0,1,0,9,11,14,0,18,0,0,17,2,1,3,6,13,0,4,4,10,2,4,9,2,0,2,2,2,2,0,3,0,15,0,0,3,0,0,0,0,0,4,5,2,5,14,2,0,17,1,3,9,0,0,1,0,15,2,3,0,7,0,0,2,0,5,3,12,7,0,0,1,0,2,0,0,0,25,4,1,0,3,0,0,0,13,2,7,1,7,10,0,12,0,0
15,0,0,9,0,5,4,2,2,6,1,0,0,3,0,8,0,0,1,1,1,0,2,0,0,0,0,11,9,7,2,0,0,0,2,0,0,2,3,5,8,0,1,5,1,6,1,2,21,0,5,5,11,0,6,0,22,1,4,13,4,0,2,3,0,2,2,0,2,3,2,14,0,15,9,4,2,2,0,0,0,1,0,6,6,0,0,1,0,0,9,0,15,0,12,7,0,3,0,5,12,3,0,5,0,0,3,2,1,3,1,0,15,0,5,4,20,0,0,18,6,5,10,1,25,2,0,0,0,2,0,9,0,0,0,0,0,0,0,2,0,0,2,29,0,3,4,5,0,0,2,3
0,1,1,0,0,0,0,1,1,2,0,10,91,1,1,0,1,31,0,0,0,0,0,0,2,22,0,0,0,0,0,1,2,0,0,0,40,0,0,1,0,13,0,0,0,4,0,0,0,30,0,0,0,0,0,30,0,10,4,0,3,2,0,0,2,36,0,7,0,0,0,0,3,0,0,65,3,0,30,0,0,0,26,0,0,47,30,0,3,0,0,4,0,16,0,0,0,1,0,0,0,0,0,0,1,0,0,0,1,0,14,72,0,0,0,1,0,2,22,0,0,0,0,3,1,53,1,0,0,2,1,0,39,0,0,0,1,3,0,2,195,4,0,0,4,0,1,0,0,3,3,0
1,14,4,0,5,2,10,5,1,1,4,4,0,14,15,5,5,0,2,5,0,4,12,0,11,0,3,10,13,2,3,3,10,0,9,4,3,14,2,44,1,9,1,1,2,6,3,12,2,0,4,1,2,7,0,1,0,9,16,0,9,3,4,10,3,1,13,17,4,2,3,4,3,0,2,3,5,0,2,0,0,12,9,0,8,12,1,19,5,23,8,3,15,8,4,4,2,11,4,27,6,3,10,2,6,10,5,2,7,6,3,2,3,5,22,22,0,4,0,2,43,0,1,9,2,1,0,2,2,0,9,6,0,11,6,3,4,6,4,17,0,11,3,6,15,3,24,3,0,11,13,4
0,5,0,0,0,0,1,4,2,0,0,11,6,3,22,2,3,16,6,19,1,0,22,0,4,25,1,19,1,1,8,13,9,6,2,36,14,11,0,4,0,21,0,1,0,5,2,1,6,9,4,1,0,2,0,21,1,33,2,0,34,10,2,13,7,50,6,14,17,3,6,23,15,3,0,30,5,0,1,2,7,2,21,0,1,17,11,3,34,4,0,25,4,13,1,8,1,3,4,1,3,1,7,0,30,12,7,0,23,3,31,10,0,1,0,9,0,16,18,0,0,0,0,39,3,18,2,0,1,9,0,4,9,0,3,22,9,3,1,23,3,21,5,4,16,9,3,1,4,32,9,1
5,0,0,3,4,0,4,7,7,14,11,1,1,6,13,4,3,1,12,3,2,0,13,7,4,0,5,1,16,24,3,1,5,0,4,0,1,5,1,20,1,1,4,2,3,7,16,3,3,1,0,4,1,7,0,0,1,7,8,0,15,1,14,5,1,0,0,5,10,3,1,8,6,2,1,0,3,2,0,11,2,15,1,0,7,0,0,18,3,11,9,0,17,2,0,4,3,4,6,16,0,4,4,3,10,3,12,2,4,3,1,3,5,3,9,3,12,2,0,1,11,0,5,3,1,0,0,9,0,6,4,0,0,7,0,8,3,10,1,15,0,2,1,3,2,2,2,6,0,9,2,9
0,0,0,0,0,0,0,0,0,0,0,18,59,0,0,0,0,34,0,0,0,0,0,0,0,21,0,0,0,0,0,13,0,0,0,0,29,0,0,0,0,19,0,0,0,0,0,0,0,43,0,0,0,0,0,44,0,20,0,0,5,0,0,0,0,22,0,0,0,0,0,0,22,0,0,94,0,0,26,0,0,0,43,0,0,51,39,0,0,0,0,6,0,26,0,0,0,0,0,0,0,0,0,0,6,0,0,0,0,0,39,51,0,0,0,0,0,0,19,0,0,0,0,24,0,80,0,0,39,0,9,0,0,0,0,0,6,0,0,0,73,11,0,0,0,0,0,0,0,25,0,0
11,4,3,1,9,4,4,8,6,7,0,3,0,1,13,4,5,0,9,5,0,4,8,3,10,4,5,6,7,9,4,4,11,10,6,2,1,3,4,12,9,0,7,3,3,17,12,18,14,2,16,9,4,8,0,2,3,4,0,0,4,6,15,8,10,0,3,8,16,10,2,18,9,8,0,6,2,3,0,9,9,10,5,4,4,3,4,1,4,18,6,3,12,1,0,11,3,6,13,8,9,12,6,10,9,8,1,2,5,15,2,3,1,4,2,16,0,14,6,6,9,0,12,4,17,1,0,0,0,11,0,7,0,0,15,13,0,17,20,11,0,12,12,1,8,16,9,2,17,6,2,12
12,9,12,3,3,18,10,19,3,10,0,1,0,22,12,1,3,1,20,4,4,15,1,5,3,6,10,15,5,7,6,4,2,8,0,0,0,1,1,13,1,3,0,2,16,16,0,2,11,0,7,14,0,1,21,4,4,2,0,10,9,5,5,9,1,0,3,7,4,17,0,6,0,10,4,2,9,7,0,1,15,0,0,2,3,0,7,5,1,17,35,0,6,0,2,16,5,7,9,3,9,9,0,8,1,0,8,20,5,5,1,0,5,1,1,17,29,9,0,4,3,5,12,0,30,3,25,0,0,6,3,0,0,15,0,4,3,8,7,11,0,1,3,13,0,1,11,16,18,9,10,20
0,4,5,2,4,1,2,2,1,4,3,1,0,10,9,2,6,1,7,6,2,0,3,4,2,3,5,5,5,2,0,8,18,7,4,7,3,10,0,7,0,7,0,1,0,1,7,10,5,2,1,1,2,6,0,4,0,6,6,0,6,16,3,2,5,2,0,9,3,6,5,5,8,0,1,13,2,1,1,1,2,2,0,0,1,0,3,8,3,14,0,0,17,5,0,2,0,1,4,6,0,3,3,0,6,8,4,2,10,0,3,1,0,4,11,0,2,10,1,0,5,0,1,11,2,0,4,0,0,3,22,8,0,13,4,0,8,2,1,13,0,1,1,1,11,10,2,0,6,10,5,0
9,4,0,0,5,0,0,0,0,2,0,12,4,0,7,0,6,0,3,26,1,2,6,1,1,13,2,27,0,1,4,13,11,5,2,14,12,5,0,1,0,16,0,2,0,1,2,2,1,3,1,1,0,11,0,9,2,28,0,0,36,5,2,0,26,15,12,8,1,0,30,22,30,2,0,35,12,1,5,0,3,3,3,0,0,17,9,5,26,10,0,26,4,2,0,4,0,1,8,14,0,1,2,0,8,19,2,0,7,0,9,33,5,1,10,3,4,9,7,0,1,0,0,26,0,1,1,0,1,4,9,3,6,0,3,8,0,2,4,14,9,15,1,0,13,8,3,0,0,37,4,0
21,3,4,1,1,0,4,1,3,1,0,0,13,17,18,0,7,0,12,2,9,1,21,8,12,1,9,16,6,7,42,7,9,47,5,7,1,4,29,11,2,5,7,1,2,24,8,1,3,2,12,9,0,4,0,0,14,9,7,0,9,5,3,11,1,6,5,6,6,4,0,8,5,25,6,8,1,5,0,0,8,6,1,0,8,1,3,9,5,4,4,4,16,2,0,26,1,13,7,13,0,22,0,3,2,5,13,3,1,5,3,1,10,4,8,16,1,1,2,2,12,0,6,6,2,1,0,0,3,6,3,10,0,17,8,2,2,0,3,22,0,13,0,1,2,3,2,17,19,3,5,7
9,2,4,7,4,1,0,6,9,4,4,1,0,14,4,3,3,0,22,2,2,9,8,7,2,2,1,3,6,19,5,0,3,0,11,1,0,3,7,15,6,0,5,3,5,11,2,5,9,0,3,5,2,2,4,0,4,5,3,0,1,3,13,17,0,0,1,6,3,5,1,2,7,9,5,2,4,3,0,7,8,5,3,0,2,0,2,22,1,0,16,0,27,2,0,0,1,1,10,13,5,2,3,2,3,2,13,11,0,9,1,5,11,0,4,5,4,2,2,3,14,0,5,1,0,1,3,0,0,4,1,1,0,20,7,1,4,3,0,2,0,2,2,4,3,1,16,14,9,2,1,2
5,26,3,1,7,0,0,8,2,3,1,1,30,6,22,1,20,7,8,21,3,4,19,2,7,13,7,23,4,3,16,19,7,8,5,20,5,10,3,10,0,8,3,0,2,21,19,14,6,21,14,4,0,4,0,8,5,11,4,0,28,23,3,6,12,30,8,25,12,4,9,21,14,8,0,23,16,4,1,10,1,4,21,0,2,3,23,40,25,44,1,8,6,8,0,14,0,4,10,8,2,4,31,1,23,35,9,3,19,6,11,21,0,4,8,3,0,11,27,2,8,0,1,29,1,9,0,2,2,17,23,15,0,11,11,13,14,22,2,0,2,13,2,12,47,3,6,7,5,44,14,4
0,0,0,0,0,0,0,0,0,0,0,46,42,0,2,0,0,81,0,2,0,1,0,0,0,36,0,0,0,0,8,14,0,0,0,0,47,0,0,0,0,19,0,0,0,1,0,1,0,14,0,0,0,0,0,70,0,38,0,0,17,0,0,0,0,32,0,0,0,0,0,4,26,0,0,77,3,0,61,0,0,0,56,0,0,94,49,0,2,5,0,12,0,13,0,0,0,1,0,0,0,0,0,0,5,0,0,0,0,0,58,117,0,0,0,0,0,2,77,0,0,0,0,21,0,177,0,0,195,0,3,0,73,0,0,0,9,0,0,2,0,9,0,0,0,2,0,0,0,18,0,0
0,1,2,0,1,0,0,0,0,0,0,9,12,3,16,1,0,7,0,5,1,0,2,0,0,8,3,21,0,0,15,18,3,0,0,22,7,9,0,4,0,21,3,0,0,19,3,3,2,25,7,4,0,1,0,13,1,29,5,0,24,3,8,0,0,23,5,4,0,1,1,15,27,4,1,17,6,0,12,1,0,4,5,0,1,16,18,4,25,5,1,26,8,6,0,3,0,1,4,1,0,1,6,0,17,10,2,0,6,2,14,25,4,5,6,6,0,3,27,1,0,0,0,17,4,24,0,0,4,11,21,2,11,12,1,1,15,13,2,13,9,0,0,2,27,3,2,5,3,20,4,3
8,4,9,1,2,16,9,5,1,10,0,0,0,16,5,10,2,0,6,3,0,4,4,2,5,1,4,18,4,0,13,7,2,16,0,2,0,2,7,9,1,2,1,29,9,4,3,8,45,0,4,3,3,0,0,0,5,0,2,0,2,0,15,0,0,0,2,2,8,0,1,10,1,6,6,4,1,1,1,2,1,4,4,6,22,0,1,5,2,7,4,4,3,6,8,1,5,0,2,20,7,13,3,7,4,0,4,1,0,1,1,4,2,1,5,0,1,5,0,12,0,16,4,0,16,0,13,2,0,3,5,1,0,12,3,1,1,0,2,2,0,0,0,20,13,6,1,8,3,5,2,10
22,0,3,6,4,29,11,7,4,9,0,0,0,2,2,1,0,2,7,8,8,0,6,4,0,3,6,19,1,1,3,8,0,8,5,1,0,3,15,11,8,1,0,13,3,2,1,0,22,0,4,3,6,1,28,2,56,5,0,14,12,4,7,0,0,2,21,2,8,2,0,22,2,0,1,3,8,4,0,30,0,3,0,5,6,3,0,4,11,6,12,3,14,1,5,2,3,2,19,2,4,2,1,0,1,7,15,2,0,0,3,5,5,1,7,6,17,3,1,11,11,7,2,3,28,7,2,29,0,6,4,3,0,1,13,1,0,1,4,12,0,2,20,0,5,2,5,4,12,6,10,15
13,6,0,0,4,0,1,6,3,9,0,1,1,9,22,1,5,4,6,11,2,0,9,0,3,1,1,10,4,4,14,39,6,19,1,22,0,6,3,6,0,5,3,9,1,4,1,7,6,2,14,5,0,3,0,2,1,20,0,0,35,1,5,1,7,17,7,10,13,1,6,17,14,0,0,18,1,1,2,3,0,12,18,0,9,15,0,22,7,14,3,15,1,6,0,4,1,4,3,9,0,1,21,0,17,21,2,0,11,2,20,5,0,7,13,4,2,6,17,2,8,2,5,24,0,1,7,0,4,15,16,2,0,8,0,11,13,2,3,47,0,27,13,5,0,5,3,1,0,9,0,3
2,37,1,0,0,0,1,5,0,3,2,1,1,6,17,5,15,1,9,4,2,0,1,1,5,1,2,4,4,8,6,10,13,4,15,8,0,11,0,5,0,8,0,0,3,2,0,19,5,0,1,0,0,7,0,0,3,6,1,0,18,5,6,1,3,0,0,12,8,2,2,15,7,4,0,10,9,8,0,10,1,2,10,0,5,0,9,23,10,36,4,4,2,12,0,3,1,5,0,12,5,0,2,2,5,6,3,0,12,3,1,0,2,5,10,7,1,2,0,1,2,4,4,4,8,0,1,3,0,3,9,2,0,16,1,10,8,3,1,3,2,3,6,2,5,0,7,0,6,4,4,2
4,12,0,3,7,2,0,6,3,3,3,2,0,9,16,1,8,2,4,13,15,9,3,1,2,7,3,16,7,1,7,7,14,1,10,0,4,6,3,16,2,8,0,6,0,0,3,19,6,0,0,3,0,5,10,0,0,15,0,0,17,68,8,8,12,0,0,24,2,26,9,8,6,5,4,15,20,2,0,7,12,1,0,1,4,0,5,4,0,15,3,0,12,8,0,1,0,6,7,7,8,0,1,3,4,16,8,2,7,12,1,4,2,1,1,3,0,8,8,0,7,1,2,18,3,7,7,4,1,24,3,2,0,9,11,2,3,2,16,6,0,2,1,5,3,7,0,9,5,9,2,2
23,0,29,9,0,20,12,14,5,6,11,0,1,12,5,5,5,0,24,0,0,15,3,4,0,0,7,5,0,7,17,3,0,9,18,3,0,5,14,7,6,1,1,5,2,22,0,3,23,0,15,5,12,0,1,1,2,6,0,5,3,0,2,10,0,0,9,1,11,8,0,9,0,11,10,7,5,5,0,2,4,0,0,1,10,0,8,2,0,4,16,1,17,0,9,25,22,3,2,13,7,10,8,3,7,2,9,6,0,7,1,3,23,0,0,5,17,11,1,6,4,6,2,1,3,1,10,5,0,3,1,6,0,2,16,0,0,17,14,7,0,5,8,4,1,0,9,0,7,1,6,18
15,0,27,3,11,4,1,0,7,5,0,5,7,18,9,0,0,0,7,0,0,2,1,19,2,3,14,34,1,3,23,9,1,34,2,2,0,3,7,3,2,0,18,18,3,29,0,4,10,0,35,14,6,3,0,2,12,7,2,0,7,1,9,5,0,0,16,0,33,3,0,13,0,23,0,4,7,6,0,3,12,0,3,5,20,0,5,4,2,1,10,0,9,0,5,6,12,9,17,7,1,19,0,0,4,1,1,1,2,20,1,0,5,0,2,2,0,6,0,1,8,0,0,0,5,1,0,0,0,0,4,0,0,17,18,6,0,19,9,5,0,3,3,12,0,6,5,7,0,5,12,7
6,6,3,0,0,0,0,2,1,3,10,11,16,7,16,0,7,10,5,19,3,2,17,4,25,14,6,39,11,2,10,29,14,11,0,26,14,4,0,6,3,31,5,4,3,10,2,17,5,11,6,2,0,1,1,18,1,25,3,2,18,14,10,0,36,33,7,9,10,6,13,8,22,13,0,31,11,2,5,6,3,0,10,1,5,27,13,9,15,15,12,30,16,14,2,16,0,1,6,7,2,3,10,1,22,13,2,2,28,5,11,21,0,7,7,13,1,12,20,0,1,1,3,32,0,30,12,0,3,11,32,9,25,6,9,10,37,3,2,44,18,20,5,6,9,4,9,1,5,0,5,0
6,3,2,0,2,3,1,10,1,4,0,1,2,2,7,1,0,5,8,1,2,0,3,1,0,4,5,2,3,1,8,5,4,7,3,7,3,9,2,6,0,4,1,3,2,2,5,1,4,2,2,5,0,2,0,8,2,5,0,0,29,16,4,2,1,15,3,6,26,5,0,18,6,3,0,3,4,1,0,0,0,1,10,0,9,0,0,4,5,3,0,5,5,0,1,8,2,1,1,16,4,3,2,2,3,16,3,0,8,3,1,5,1,3,9,1,4,1,7,0,7,0,0,11,2,10,0,2,3,13,9,2,0,2,10,5,4,5,1,14,0,4,2,10,0,4,2,6,12,5,0,4
4,1,7,11,4,2,15,4,13,8,6,0,0,0,6,0,5,0,8,0,1,2,1,21,0,0,4,3,3,1,12,0,2,6,14,0,0,0,5,4,1,3,13,1,14,13,0,2,12,0,7,5,5,0,16,0,15,0,5,22,2,0,9,1,0,2,4,0,2,9,2,7,2,6,4,2,1,6,0,6,0,8,1,3,13,0,1,0,1,4,17,3,8,0,7,3,10,6,11,8,1,4,0,9,1,1,8,2,2,4,0,1,12,0,2,5,11,0,0,8,14,3,2,0,14,1,0,3,0,4,1,9,0,12,20,0,0,7,2,4,0,3,10,15,3,2,2,18,7,0,4,0
