Ant57,Ant260,Ant52,Ant397,Ant540,Ant929,Ant2,Ant6,Ant7,Ant9,Ant14,Ant19,Ant24,Ant26,Ant30,Ant38,Ant60,Ant64,Ant72,Ant74,Ant102,Ant158,Ant161,Ant196,Ant202,Ant209,Ant227,Ant237,Ant245,Ant252,Ant268,Ant308,Ant311,Ant534,Ant604,Ant620,Ant646,Ant673,Ant740,Ant838,Ant954,Ant0,Ant1,Ant12,Ant13,Ant17,Ant20,Ant23,Ant27,Ant29,Ant35,Ant42,Ant43,Ant48,Ant49,Ant51,Ant54,Ant55,Ant62,Ant63,Ant66,Ant68,Ant70,Ant80,Ant82,Ant91,Ant96,Ant97,Ant98,Ant100,Ant109,Ant113,Ant115,Ant118,Ant120,Ant124,Ant126,Ant127,Ant131,Ant135,Ant137,Ant139,Ant140,Ant144,Ant147,Ant149,Ant153,Ant156,Ant159,Ant169,Ant170,Ant172,Ant174,Ant175,Ant176,Ant186,Ant190,Ant195,Ant198,Ant206,Ant207,Ant210,Ant212,Ant215,Ant219,Ant229,Ant232,Ant242,Ant250,Ant255,Ant257,Ant261,Ant262,Ant263,Ant264,Ant289,Ant296,Ant299,Ant301,Ant305,Ant313,Ant318,Ant324,Ant326,Ant331,Ant332,Ant334,Ant342,Ant353,Ant356,Ant376,Ant380,Ant387,Ant391,Ant395,Ant433,Ant437,Ant458,Ant462,Ant476,Ant482,Ant492,Ant501,Ant507,Ant509,Ant530,Ant549,Ant552,Ant560,Ant564,Ant576,Ant592,Ant593,Ant599,Ant600,Ant607,Ant610,Ant614,Ant621,Ant635,Ant638,Ant647,Ant650,Ant665
0,0,12,0,8,7,10,0,0,14,7,22,2,16,0,1,1,5,5,13,6,12,25,2,0,0,10,0,23,12,5,8,6,7,11,7,0,13,4,3,2,2,0,1,14,0,0,1,27,9,1,0,2,2,3,8,10,2,23,1,1,10,5,19,1,28,20,15,7,1,11,7,4,2,11,10,11,8,17,2,7,42,20,7,0,1,36,7,8,2,25,1,2,0,1,2,0,20,0,0,4,7,0,4,6,16,14,9,27,5,0,14,24,13,4,4,2,11,15,13,0,16,0,0,0,0,0,1,2,17,1,0,3,3,7,1,0,10,1,6,5,2,0,5,17,34,1,2,1,18,12,8,12,10,10,0,9,4,6,12,22,2,3,10
0,0,0,32,4,0,0,12,29,0,1,0,8,2,13,2,19,0,0,0,0,0,0,8,21,0,0,25,0,1,1,4,0,0,0,0,33,1,2,0,5,0,31,1,0,5,0,23,0,1,24,22,31,20,23,0,1,74,0,6,15,0,0,2,5,1,2,1,0,2,0,14,3,25,0,0,0,0,0,9,6,3,0,4,23,38,3,0,4,23,0,11,0,12,0,27,0,1,23,19,3,0,7,0,4,3,0,0,1,1,3,0,1,0,2,3,2,0,8,0,3,0,0,19,18,8,2,15,2,0,5,0,0,0,0,2,30,1,3,0,3,23,3,0,0,0,11,7,17,0,0,2,0,9,2,15,4,2,23,0,0,15,0,0
12,0,0,0,5,21,1,0,0,6,7,23,0,6,0,0,2,1,5,68,22,9,30,1,1,6,5,1,9,10,0,1,4,13,5,7,4,0,1,6,11,8,0,0,7,0,27,1,11,7,0,0,3,2,0,19,6,0,4,5,3,7,5,3,4,9,9,10,16,6,18,5,1,2,1,2,12,4,10,4,2,10,5,7,0,0,3,10,3,0,4,0,20,0,7,0,5,4,4,9,9,24,0,15,6,4,0,6,12,1,2,5,15,18,3,4,3,27,0,10,1,3,1,0,4,2,2,0,3,12,3,0,3,10,10,11,0,9,0,4,36,1,0,7,11,6,1,1,0,8,4,0,7,1,5,0,3,5,1,20,46,0,4,23
0,32,0,0,4,2,1,12,24,0,11,0,1,0,8,18,9,0,0,0,6,0,0,36,16,1,1,41,1,1,2,3,5,4,0,1,12,2,1,0,9,3,37,0,1,12,0,15,9,10,19,23,12,35,14,0,1,14,0,4,36,0,0,0,9,1,0,8,0,2,0,19,17,24,0,0,0,0,3,7,9,3,0,2,24,37,5,0,7,23,2,44,0,13,0,14,0,14,33,2,10,16,19,4,2,3,3,0,0,14,9,0,1,0,4,0,6,0,11,0,14,2,0,21,18,16,19,11,17,0,29,0,0,2,1,4,40,4,4,0,2,20,11,0,0,0,38,1,8,0,0,3,0,34,5,21,10,9,15,0,1,21,17,1
8,4,5,4,0,16,12,0,1,7,2,18,0,24,2,2,3,14,8,0,21,23,37,1,3,13,6,0,8,15,4,4,14,13,19,15,0,13,14,3,10,4,0,7,4,0,6,6,24,6,1,3,1,4,2,0,20,2,8,3,11,20,21,7,7,5,4,5,11,9,8,14,13,4,15,12,2,6,20,4,16,17,4,41,0,0,5,15,14,0,14,2,3,1,1,3,17,16,1,1,11,0,1,6,21,11,20,21,5,4,0,14,9,23,6,28,9,20,14,7,35,6,13,4,9,6,16,0,3,13,5,0,16,5,8,24,8,8,0,13,25,11,0,10,4,17,0,8,3,2,25,5,23,5,5,1,24,8,2,2,19,4,12,8
7,0,21,2,16,0,3,1,0,0,3,13,1,15,0,0,2,0,20,0,33,14,20,2,9,0,4,0,5,26,3,11,18,7,4,9,0,7,3,14,18,2,0,5,7,0,16,0,38,9,0,1,2,0,0,4,21,4,6,6,3,2,14,4,5,2,5,5,16,15,15,4,5,0,13,6,23,3,8,7,1,3,6,24,0,2,10,16,15,0,1,4,1,7,12,8,7,14,1,7,10,7,4,13,14,5,29,35,5,0,0,10,8,24,9,9,9,2,16,2,5,8,0,1,0,11,26,0,0,12,0,0,14,3,17,12,1,1,2,2,0,3,0,1,10,7,0,3,1,5,6,5,21,4,10,0,8,25,1,3,14,0,10,6
10,0,1,1,12,3,0,0,6,2,2,7,3,3,0,5,5,11,7,0,4,3,2,18,13,1,10,0,1,5,0,12,8,5,4,29,1,1,4,3,7,2,0,9,3,6,9,0,5,9,5,4,0,10,5,0,7,6,7,8,6,1,4,15,2,9,3,3,0,3,5,1,1,3,0,10,0,4,2,2,5,7,1,2,0,1,3,0,5,0,22,2,0,12,8,0,0,8,5,0,14,0,0,5,6,6,1,8,2,0,0,5,4,3,1,0,5,0,4,0,1,1,1,7,0,7,11,0,4,10,0,0,5,4,0,12,1,1,1,2,2,1,0,0,12,1,2,4,2,2,0,8,7,1,13,1,9,2,1,5,8,8,0,4
0,12,0,12,0,1,0,0,1,0,6,1,7,0,3,13,5,0,1,0,1,0,0,11,21,0,0,8,0,9,1,7,1,1,0,2,12,0,2,0,10,1,0,0,1,3,6,4,0,6,10,22,9,8,17,0,0,4,1,9,15,0,2,1,6,2,0,2,0,6,1,3,6,9,0,1,0,0,0,9,3,0,0,1,8,2,3,0,0,3,2,23,0,9,1,32,0,5,8,6,13,1,13,0,11,2,0,1,2,1,10,0,1,3,3,0,12,0,12,3,6,1,0,3,12,5,8,1,3,0,16,0,2,1,0,6,9,1,19,3,0,4,0,0,2,0,27,7,5,2,1,2,2,23,4,2,0,3,11,0,0,4,1,0
0,29,0,24,1,0,6,1,0,0,3,0,3,1,23,12,8,0,0,0,0,0,0,19,17,0,1,6,0,0,0,0,0,0,0,0,11,0,1,0,3,0,16,0,0,13,8,14,0,0,8,4,3,8,3,0,0,5,3,0,8,0,0,0,2,2,0,0,0,3,0,2,4,19,0,2,0,0,0,0,0,3,2,0,8,26,6,0,3,14,1,21,0,11,0,28,0,5,8,10,4,3,14,0,1,0,0,0,1,2,3,0,0,0,0,0,10,0,3,0,2,0,0,19,5,2,2,12,18,0,13,0,1,0,0,0,15,0,2,0,4,12,4,0,0,0,20,1,3,0,0,6,0,1,1,23,0,5,1,0,1,9,7,0
14,0,6,0,7,0,2,0,0,0,6,6,1,20,0,0,0,5,19,13,16,15,38,3,0,36,1,0,67,17,1,1,0,3,4,19,0,0,0,10,5,9,0,2,9,0,21,2,6,7,0,0,0,0,4,41,32,2,3,7,2,44,4,19,3,11,7,3,26,6,21,5,1,2,10,2,8,4,26,0,10,32,31,5,0,1,25,10,19,0,10,0,46,0,22,0,13,8,0,1,6,9,0,22,3,0,0,0,16,0,0,4,2,11,0,1,7,25,0,14,8,6,13,0,0,3,4,0,2,26,0,0,0,20,8,6,0,17,0,11,5,0,0,1,3,13,2,2,0,13,13,0,0,1,8,0,0,3,0,12,8,0,2,9
7,1,7,11,2,3,2,6,3,6,0,7,0,1,0,0,1,1,0,2,4,2,2,7,2,3,6,0,15,5,0,7,6,6,10,5,5,3,4,2,14,2,0,1,2,1,0,7,3,1,5,3,0,14,5,3,7,3,3,3,15,3,4,5,9,16,2,6,3,5,3,11,4,6,0,0,0,0,6,2,3,21,2,1,0,1,8,0,0,0,9,7,9,20,1,6,0,5,1,24,10,20,3,7,11,1,3,3,2,2,3,3,8,1,10,0,20,0,11,3,9,6,1,3,2,4,14,3,11,13,14,0,0,11,1,10,6,6,4,6,13,6,0,2,2,0,4,4,3,2,1,3,0,1,9,0,19,4,3,3,4,0,14,4
22,0,23,0,18,13,7,1,0,6,7,0,0,4,0,1,4,7,3,3,14,14,13,7,2,0,7,0,6,24,19,12,12,5,8,11,8,2,9,2,17,7,0,7,3,0,1,7,22,6,1,0,0,4,1,10,13,0,10,4,1,0,11,21,0,5,3,4,2,4,2,9,8,3,1,7,10,5,2,2,9,15,5,18,0,1,5,5,22,0,20,3,8,2,6,0,0,1,0,9,2,19,0,9,6,8,2,0,6,5,1,27,0,7,14,9,8,0,7,8,15,14,15,0,1,12,23,0,7,2,1,0,12,3,13,13,2,17,1,0,9,9,0,11,20,5,2,4,1,5,9,0,8,2,7,1,33,11,5,9,14,2,13,16
2,8,0,1,0,1,3,7,3,1,0,0,0,0,2,6,25,0,0,1,11,1,1,10,2,0,4,8,0,0,4,1,1,0,0,0,13,2,14,0,10,2,0,3,0,2,1,5,0,13,8,12,6,16,12,0,1,5,0,10,12,0,0,4,8,2,0,7,1,7,1,3,5,6,0,2,0,1,1,19,3,3,0,0,2,16,0,5,2,10,0,2,0,17,0,7,0,4,4,2,11,4,5,0,3,0,1,0,0,11,1,0,2,1,9,3,18,0,6,0,9,1,0,1,14,2,11,0,2,0,2,0,4,3,0,9,0,2,0,2,0,3,0,0,9,0,3,20,3,2,0,3,0,15,3,10,4,16,6,1,0,0,1,0
16,2,6,0,24,15,3,0,1,20,1,4,0,0,0,0,0,19,18,8,15,9,18,2,0,18,3,0,11,5,17,2,7,2,6,10,3,6,4,9,8,0,0,0,8,0,6,0,14,11,1,0,0,1,0,9,17,0,4,0,2,21,19,11,3,22,7,10,6,5,38,2,1,0,22,2,27,8,21,0,6,21,2,8,0,0,6,10,9,0,17,1,51,0,24,0,20,24,0,2,3,11,2,26,15,10,18,4,7,0,0,11,10,20,7,3,3,2,5,9,2,27,1,0,0,1,13,0,5,37,2,0,15,13,14,20,0,10,0,24,1,1,0,0,10,11,1,0,0,16,8,0,4,2,5,0,15,8,0,11,44,1,3,24
0,13,0,8,2,0,0,3,23,0,0,0,2,0,0,0,8,0,0,0,0,0,0,20,16,0,0,31,0,0,0,1,0,0,0,0,5,0,2,0,2,0,30,0,0,12,0,13,0,3,21,9,14,12,8,0,2,9,0,3,5,0,4,0,2,0,0,0,0,6,0,2,3,3,0,3,3,0,1,7,0,0,0,0,30,1,0,0,2,7,1,14,0,15,0,22,0,0,1,9,2,1,9,0,4,0,0,0,0,0,3,0,0,0,0,0,0,0,2,2,3,0,0,19,5,9,3,2,2,0,5,1,1,0,0,1,20,0,4,0,4,9,2,0,0,0,10,3,2,0,0,1,0,9,1,5,0,3,23,0,0,13,1,0
1,2,0,18,2,0,5,13,12,0,0,1,6,0,0,0,9,0,0,0,1,0,0,9,21,0,1,0,0,6,0,9,2,0,0,6,9,7,7,1,14,0,0,4,1,1,0,0,0,3,7,9,4,6,16,0,1,4,0,8,15,1,0,0,14,0,0,6,0,10,0,2,4,11,0,3,0,0,2,12,4,4,0,1,7,1,0,3,14,6,8,10,0,15,0,12,0,0,5,2,4,2,3,0,7,2,3,0,0,2,1,4,1,0,1,1,3,0,11,0,10,0,8,2,7,10,9,1,3,0,1,0,2,0,2,4,13,1,1,1,0,12,0,0,3,0,6,9,6,1,0,3,4,7,1,12,4,6,17,0,0,6,7,1
1,19,2,9,3,2,5,5,8,0,1,4,25,0,8,9,0,0,0,0,0,0,0,36,18,0,6,0,0,0,0,6,3,2,7,0,21,0,0,0,10,0,0,2,4,5,1,8,0,5,9,21,14,19,12,0,3,11,1,11,16,0,4,0,10,2,3,1,0,8,2,3,23,13,0,1,2,0,2,16,6,7,0,2,10,4,0,0,9,9,3,24,0,26,0,22,0,2,8,5,14,2,16,0,3,1,0,0,0,10,15,2,3,1,3,0,13,0,15,0,9,0,0,16,19,19,9,7,14,0,19,1,0,1,1,7,7,2,3,4,3,9,0,1,0,1,18,3,5,0,0,2,0,24,11,10,7,4,21,0,4,6,6,0
5,0,1,0,14,0,11,0,0,5,1,7,0,19,0,0,0,0,4,2,4,3,24,5,1,24,4,1,6,0,4,2,4,5,12,23,0,9,0,4,6,6,0,7,4,0,0,3,21,16,1,0,1,7,2,18,23,4,16,0,1,1,4,6,0,6,2,10,11,13,24,3,0,0,2,1,10,14,12,3,18,23,14,6,3,3,24,0,13,0,13,4,5,5,8,0,7,1,0,1,1,13,0,16,5,7,4,0,7,3,0,26,14,14,5,1,3,0,1,4,19,5,15,0,1,0,6,0,0,6,1,0,0,0,13,18,0,19,14,2,16,0,0,0,23,8,1,2,0,9,4,1,4,2,4,0,0,1,0,15,4,0,6,20
5,0,5,0,8,20,7,1,0,19,0,3,0,18,0,0,0,4,0,0,14,8,14,1,1,16,6,3,11,7,4,1,4,8,9,9,0,3,1,22,8,4,0,4,4,0,10,0,14,5,0,2,0,1,0,17,38,0,6,5,1,16,3,18,2,14,14,9,9,1,25,1,2,1,43,2,16,14,27,1,3,29,10,4,0,1,12,11,9,0,23,0,18,4,11,0,16,5,0,1,8,8,0,31,5,22,8,9,9,1,0,6,9,3,1,6,1,23,6,9,1,11,1,0,1,0,7,0,0,14,8,0,4,13,0,4,0,4,8,16,0,2,0,3,11,30,0,0,2,28,8,1,8,3,0,0,8,5,2,23,30,0,1,27
13,0,68,0,0,0,0,0,0,13,2,3,1,8,0,0,0,2,0,0,34,17,47,0,0,29,3,0,53,0,2,0,0,2,0,1,0,0,0,29,11,23,0,0,15,0,42,0,10,0,0,0,0,1,0,33,5,0,0,0,0,35,10,1,0,30,18,12,75,5,26,0,4,0,5,1,24,0,1,1,0,12,39,5,0,0,4,28,4,0,5,1,54,3,5,0,18,0,0,0,9,24,0,2,0,0,3,25,14,0,0,52,0,1,22,7,1,7,0,6,3,0,0,0,0,0,2,0,0,17,2,0,0,17,3,27,0,6,0,1,3,0,0,4,4,70,0,3,0,3,48,26,0,1,0,0,0,7,0,14,0,0,10,52
6,0,22,6,21,33,4,1,0,16,4,14,11,15,0,1,0,4,14,34,0,3,26,2,1,6,3,0,21,35,3,12,30,12,0,6,1,6,5,15,7,19,0,3,8,0,7,1,38,10,0,0,0,2,0,12,19,0,3,10,1,4,14,15,9,37,8,13,23,1,19,9,5,0,9,18,10,13,15,22,8,13,49,7,0,0,14,6,5,0,3,1,6,2,19,0,6,10,1,0,18,1,0,19,4,19,5,44,14,1,0,28,3,4,3,29,7,6,6,8,21,7,1,0,2,2,10,0,3,9,0,0,11,39,14,37,1,15,0,1,1,1,0,6,36,14,3,19,2,4,7,8,18,0,16,0,18,26,0,27,6,0,2,24
12,0,9,0,23,14,3,0,0,15,2,14,1,9,0,0,0,3,8,17,3,0,64,0,0,5,7,3,26,10,7,0,8,7,0,2,2,4,12,9,8,2,0,4,10,0,6,3,10,6,0,0,1,0,0,28,2,0,10,0,2,0,20,14,1,9,3,1,32,1,14,1,8,0,4,17,7,4,4,2,19,8,15,5,0,5,20,5,5,0,9,0,32,0,14,0,2,3,2,2,5,5,0,0,2,5,1,25,4,1,0,36,4,2,11,6,0,23,4,3,10,14,6,0,1,1,0,0,0,27,2,0,0,17,1,3,0,7,0,0,0,0,0,10,32,17,1,1,6,14,23,1,0,1,2,0,1,11,0,26,21,0,1,16
25,0,30,0,37,20,2,0,0,38,2,13,1,18,0,0,0,24,14,47,26,64,0,3,0,24,16,0,23,38,30,0,5,12,15,21,1,8,0,18,24,4,0,6,35,0,3,4,39,14,0,1,3,1,2,11,20,0,21,1,1,17,40,37,2,21,18,10,39,3,41,11,5,1,11,17,25,10,8,1,16,23,26,8,0,1,37,19,7,2,4,5,26,2,21,3,10,3,0,7,10,15,0,5,5,20,8,3,19,9,0,72,14,4,5,21,5,29,6,12,5,25,14,0,0,4,6,0,6,25,1,0,14,28,29,15,0,18,4,3,24,0,0,27,82,35,0,0,7,29,14,2,27,1,4,0,8,8,3,32,15,0,18,20
2,8,1,36,1,2,18,11,19,3,7,7,10,2,20,9,36,5,1,0,2,0,3,0,23,4,2,6,0,4,2,13,0,2,13,7,8,1,6,0,4,0,0,9,1,7,7,31,10,2,9,16,27,16,37,0,0,25,10,5,10,0,5,9,8,9,12,20,0,4,1,15,25,47,0,7,2,17,4,20,11,5,0,2,14,20,12,0,4,84,14,36,0,16,3,6,4,3,22,16,7,6,18,0,3,0,2,0,4,12,10,0,7,2,1,9,15,0,13,8,6,0,6,3,17,15,2,12,17,0,20,1,3,1,1,6,31,13,23,2,13,8,7,5,0,0,13,12,13,0,0,2,0,36,9,22,10,10,39,0,5,20,18,2
0,21,1,16,3,9,13,21,17,0,2,2,2,0,16,21,18,1,1,0,1,0,0,23,0,0,12,17,0,11,2,10,4,1,2,3,13,1,8,0,5,1,20,2,2,7,3,24,4,6,11,8,22,40,31,0,2,16,0,5,15,2,10,0,21,4,1,15,0,8,1,9,20,28,0,2,1,2,1,12,4,3,0,2,25,14,1,1,6,19,7,13,0,19,0,19,0,28,20,6,34,1,15,2,5,3,2,2,3,1,10,1,0,3,4,2,9,0,21,0,11,6,0,11,37,13,16,5,19,2,9,0,5,0,4,3,19,3,6,9,0,23,2,0,6,1,17,20,24,0,0,2,5,21,6,11,2,7,31,1,9,10,2,1
0,0,6,1,13,0,1,0,0,36,3,0,0,18,0,0,0,24,16,29,6,5,24,4,0,0,8,1,30,3,8,1,0,0,5,15,0,5,0,10,7,0,0,0,14,0,0,0,8,1,1,0,0,4,2,19,14,2,2,1,3,22,5,7,1,2,5,11,25,0,21,1,0,0,8,1,8,12,13,2,0,14,2,3,0,0,7,5,3,0,16,3,43,1,13,0,28,2,0,5,2,3,1,26,1,1,7,22,5,3,0,5,3,5,6,8,0,5,7,4,3,4,8,0,0,0,4,0,0,23,2,0,0,1,6,7,2,24,0,26,2,0,0,6,1,27,0,1,6,21,1,0,2,0,1,0,0,4,1,16,10,0,0,14
10,0,5,1,6,4,10,0,1,1,6,7,4,3,0,1,6,4,6,3,3,7,16,2,12,8,0,0,0,22,5,11,3,3,0,11,3,8,19,7,3,2,0,1,8,2,4,0,14,13,2,1,7,2,3,3,0,0,4,12,1,0,10,8,3,7,9,4,4,17,5,6,3,1,1,8,1,1,5,2,4,7,2,9,0,2,1,9,23,1,11,10,1,1,4,1,1,9,0,1,5,0,1,6,15,11,7,7,4,1,1,3,2,13,7,2,7,0,19,0,11,13,11,0,0,0,0,0,4,2,5,0,4,0,16,1,2,3,2,0,3,2,0,2,25,3,1,3,9,2,0,5,9,8,11,0,10,5,2,0,1,4,11,6
0,25,1,41,0,0,0,8,6,0,0,0,8,0,31,0,0,1,3,0,0,3,0,6,17,1,0,0,0,0,0,2,0,0,0,0,34,0,0,0,3,0,47,0,0,4,0,30,0,0,36,10,28,9,0,0,0,9,0,0,0,0,0,0,1,0,0,0,0,1,0,6,2,5,0,0,0,0,0,3,0,3,0,0,26,23,0,0,0,33,0,26,0,6,0,60,0,0,2,37,5,0,15,0,0,0,0,0,0,0,12,0,0,0,0,0,0,0,4,0,1,0,0,5,4,5,0,24,4,0,33,0,0,0,0,0,18,0,1,0,0,2,5,0,0,0,26,2,2,0,0,0,0,2,2,8,0,1,3,0,0,15,1,0
23,0,9,1,8,5,1,0,0,67,15,6,0,11,0,0,0,6,11,53,21,26,23,0,0,30,0,0,0,6,5,2,4,3,0,6,0,4,0,22,15,4,0,1,5,0,6,0,2,2,0,0,0,2,0,40,22,0,14,1,0,32,2,12,0,17,8,5,54,1,11,2,1,0,60,1,4,10,7,1,9,40,26,4,0,1,15,7,7,0,8,1,73,1,19,0,19,5,0,6,2,1,0,8,4,6,3,37,32,0,0,15,2,5,3,2,1,12,2,5,9,4,1,0,0,1,6,0,2,22,3,0,4,17,9,7,0,11,0,10,1,0,0,8,15,45,1,2,0,37,13,0,2,0,1,0,1,5,1,26,3,0,0,19
12,1,10,1,15,26,5,9,0,17,5,24,0,5,0,6,0,0,7,0,35,10,38,4,11,3,22,0,6,0,6,21,15,19,1,12,7,12,10,5,16,11,0,2,28,0,13,3,49,6,0,2,1,5,1,6,5,0,10,6,2,9,7,12,14,26,13,31,1,9,3,22,7,3,9,5,13,12,10,0,19,14,1,19,0,1,2,20,23,0,33,6,0,8,0,1,2,5,5,2,9,2,0,0,17,31,9,3,8,3,0,20,4,17,11,42,5,2,14,0,13,57,14,0,0,13,18,0,0,6,4,0,11,11,9,17,7,16,6,10,0,3,0,0,10,28,4,3,4,19,4,9,7,1,28,0,32,54,3,8,46,0,5,25
5,1,0,2,4,3,0,1,0,1,0,19,4,17,0,0,0,4,4,2,3,7,30,2,2,8,5,0,5,6,0,0,1,8,5,3,0,5,6,3,7,3,0,5,0,0,1,1,6,6,2,1,0,4,2,4,5,0,0,1,3,0,4,17,0,7,16,11,22,2,1,3,6,0,5,12,4,9,0,3,2,23,15,14,0,0,0,3,0,0,13,0,11,0,0,1,9,0,0,1,6,8,0,3,2,8,11,2,0,0,0,0,2,5,10,0,0,3,4,1,3,4,1,1,0,2,4,0,3,2,0,0,5,2,6,5,2,3,0,2,8,0,0,1,16,13,0,2,0,0,4,0,9,0,9,0,0,4,1,38,15,2,5,4
8,4,1,3,4,11,12,7,0,1,7,12,1,2,1,9,6,2,1,0,12,0,0,13,10,1,11,2,2,21,0,0,15,2,3,8,3,0,4,1,13,2,0,2,1,5,2,9,7,11,3,8,2,5,9,0,0,8,10,16,10,2,1,17,7,1,0,6,2,20,3,17,10,6,1,4,0,3,2,2,14,15,0,0,0,9,6,18,18,1,4,8,0,12,0,10,2,24,6,15,9,3,9,0,11,3,3,4,0,4,2,8,2,4,14,9,7,0,5,2,4,6,0,2,6,1,12,0,15,1,9,0,0,1,2,11,10,9,1,10,10,21,0,0,10,1,13,11,5,0,0,1,8,8,8,8,16,13,5,2,8,18,14,2
6,0,4,5,14,18,8,1,0,0,6,12,1,7,0,2,3,4,4,0,30,8,5,0,4,0,3,0,4,15,1,15,0,19,6,13,0,1,7,2,3,7,0,1,6,0,4,0,8,29,0,0,4,12,1,0,4,1,11,6,4,0,8,3,6,17,10,1,1,13,9,8,8,1,1,7,4,0,10,4,7,37,2,9,0,0,7,23,18,0,11,9,0,0,3,0,0,5,0,3,7,1,1,8,12,10,2,11,2,0,3,13,4,28,6,22,14,1,16,0,8,14,10,1,3,4,8,0,7,6,9,0,15,7,13,18,9,3,0,5,1,4,0,2,22,4,11,2,1,0,6,14,12,2,6,0,31,14,1,7,15,0,6,0
7,0,13,4,13,7,5,1,0,3,6,5,0,2,0,0,2,5,8,2,12,7,12,2,1,0,3,0,3,19,8,2,19,0,0,5,0,2,7,1,16,2,0,3,2,0,6,0,12,12,0,1,0,5,1,5,19,2,1,4,0,7,4,14,11,10,8,12,7,6,16,7,6,0,13,20,7,24,8,3,4,6,7,9,0,0,11,14,12,0,27,2,0,6,3,0,4,7,0,1,9,1,0,8,8,15,11,5,5,3,0,2,8,4,7,7,0,1,11,2,0,9,1,0,2,4,3,0,2,32,1,0,15,7,6,16,1,2,2,3,0,0,0,2,22,14,0,1,3,1,0,1,13,5,10,0,9,4,3,19,0,1,6,9
11,0,5,0,19,4,4,0,0,4,10,8,0,6,0,0,7,12,9,0,0,0,15,13,2,5,0,0,0,1,5,3,6,0,0,5,3,13,8,0,15,0,0,6,5,0,3,5,8,7,2,0,2,0,4,3,25,0,4,2,8,7,10,29,12,3,19,5,10,8,15,8,19,16,3,13,5,36,9,1,4,27,0,10,0,1,5,30,4,8,9,1,1,0,5,0,9,7,0,4,9,13,3,5,9,2,13,0,16,10,0,3,10,18,11,1,0,2,3,21,1,15,0,0,1,6,4,1,4,2,2,0,4,3,2,2,2,8,4,8,11,2,0,1,19,4,0,4,0,14,1,0,1,11,0,0,19,5,0,3,10,3,3,0
7,0,7,1,15,9,29,2,0,19,5,11,0,10,0,6,0,23,9,1,6,2,21,7,3,15,11,0,6,12,3,8,13,5,5,0,0,8,4,4,8,8,0,13,7,0,9,3,19,24,0,0,2,12,1,3,6,1,19,2,0,4,9,15,6,15,7,25,13,5,5,17,4,6,13,1,0,5,7,6,17,21,11,16,0,2,25,10,27,1,13,4,0,1,19,4,2,5,3,5,16,3,2,25,23,25,8,6,5,17,0,3,4,8,10,3,7,13,9,10,4,12,1,0,2,20,16,0,3,7,2,0,3,12,8,9,5,9,0,0,4,1,0,2,16,21,6,3,0,10,10,12,22,5,8,0,12,5,1,6,10,0,6,5
0,33,4,12,0,0,1,12,11,0,5,8,13,3,5,9,21,0,0,0,1,2,1,8,13,0,3,34,0,7,0,3,0,0,3,0,0,1,0,0,1,0,5,0,2,24,0,20,2,3,16,20,19,22,35,0,2,15,1,0,15,0,0,1,9,1,0,11,1,3,1,3,9,13,0,2,0,0,0,9,0,2,0,8,6,22,0,0,8,9,2,10,0,13,0,10,0,0,9,21,8,0,13,0,7,2,0,0,1,4,1,0,5,3,1,6,5,0,7,1,7,0,0,6,2,18,0,6,18,0,4,1,5,0,0,3,12,3,11,3,14,26,2,0,3,0,11,2,10,0,0,1,0,11,8,12,0,6,18,0,3,18,14,1
13,1,0,2,13,7,1,0,0,0,3,2,2,6,0,7,0,9,3,0,6,4,8,1,1,5,8,0,4,12,5,0,1,2,13,8,1,0,6,0,2,2,0,22,1,0,1,1,16,27,1,0,0,4,0,5,10,0,1,9,2,3,5,18,1,3,6,21,2,4,6,10,0,3,2,17,5,22,20,10,4,18,1,18,0,0,10,10,9,1,5,3,0,5,3,0,2,5,1,6,5,6,1,7,8,3,38,0,0,6,0,6,6,5,3,13,3,0,19,2,8,7,0,0,0,1,3,0,1,18,2,0,21,3,2,7,1,5,6,0,0,0,0,0,10,6,0,3,0,0,5,0,17,10,3,0,11,15,1,2,6,1,6,3
4,2,1,1,14,3,4,2,1,0,4,9,14,4,2,7,0,0,1,0,5,12,0,6,8,0,19,0,0,10,6,4,7,7,8,4,0,6,0,0,1,5,0,11,4,5,7,5,2,15,3,3,0,2,4,0,7,1,0,10,10,2,5,10,5,15,17,6,0,3,4,4,4,4,0,7,9,2,8,9,9,0,1,13,9,0,3,13,34,0,9,7,0,3,3,1,0,10,4,2,18,8,3,0,16,4,23,4,0,2,1,8,0,11,20,12,2,0,4,1,9,8,1,0,6,11,3,0,13,0,2,0,16,2,4,9,1,2,2,8,4,6,0,1,17,6,5,13,2,4,3,2,23,13,5,1,11,3,4,0,2,1,23,1
3,0,6,0,3,14,3,0,0,10,2,2,0,9,0,1,0,4,22,29,15,9,18,0,0,10,7,0,22,5,3,1,2,1,0,4,0,0,0,0,14,2,0,0,0,0,5,7,16,3,0,0,0,1,0,11,20,1,8,0,0,9,3,21,1,3,6,0,7,5,6,3,2,0,18,3,3,0,0,1,19,22,4,4,0,5,3,3,8,0,4,2,6,2,8,0,3,1,0,0,3,2,0,5,7,3,4,9,5,1,0,9,3,3,1,0,3,4,3,5,5,6,1,0,0,0,0,0,0,25,0,0,1,6,0,8,1,8,0,0,0,0,0,0,0,15,0,0,0,9,5,0,4,0,3,0,2,3,0,19,1,0,4,15
2,5,11,9,10,18,7,10,3,5,14,17,10,8,2,14,10,6,8,11,7,8,24,4,5,7,3,3,15,16,7,13,3,16,15,8,1,2,1,14,0,1,0,9,13,2,14,0,17,19,2,9,4,14,9,7,23,4,29,12,10,1,10,32,18,12,22,13,30,2,28,9,4,6,9,18,6,4,8,9,25,20,7,18,0,6,15,14,9,0,8,11,14,21,9,5,3,10,4,17,14,4,9,5,14,28,7,9,4,4,5,25,7,11,27,6,12,7,20,22,7,5,1,0,4,7,10,0,2,12,10,0,11,8,9,11,8,10,0,9,3,0,0,4,22,4,7,23,4,5,9,4,7,2,8,2,19,27,5,9,17,6,14,6
2,0,8,3,4,2,2,1,0,9,2,7,2,0,0,0,0,6,4,23,19,2,4,0,1,0,2,0,4,11,3,2,7,2,0,8,0,2,5,2,1,0,0,3,1,0,1,1,11,2,0,0,0,3,3,10,2,1,2,0,0,0,3,2,1,3,1,10,17,15,16,0,1,0,6,3,2,0,0,2,2,13,4,3,0,0,0,0,1,0,4,1,10,0,5,0,0,8,1,2,1,0,0,7,6,4,4,6,1,0,0,15,3,1,11,1,2,0,2,0,7,7,3,0,0,0,6,0,0,17,0,0,0,5,7,13,1,5,0,6,3,1,0,0,18,8,1,3,0,1,1,3,10,0,4,0,9,4,2,1,7,0,3,10
0,31,0,37,0,0,0,0,16,0,0,0,0,0,30,0,0,0,0,0,0,0,0,0,20,0,0,47,0,0,0,0,0,0,0,0,5,0,0,0,0,0,0,0,0,13,0,13,0,0,36,0,29,6,9,0,0,4,0,0,0,0,0,0,0,0,0,0,0,0,0,0,1,0,0,0,0,0,0,0,0,0,0,0,13,12,0,0,0,11,0,20,0,0,0,21,0,0,8,0,2,0,8,0,0,0,0,0,0,0,16,0,0,0,0,0,0,0,0,0,0,0,0,20,1,0,0,21,0,0,0,0,0,0,0,0,8,0,0,0,0,4,12,0,0,0,6,0,0,0,0,0,0,0,0,6,0,0,0,0,0,4,0,0
1,1,0,0,7,5,9,0,0,2,1,7,3,0,0,4,2,7,4,0,3,4,6,9,2,0,1,0,1,2,5,2,1,3,6,13,0,22,11,0,9,3,0,0,3,0,0,2,2,24,0,3,0,7,2,0,7,0,2,3,4,2,1,4,7,3,13,27,1,5,7,4,1,2,0,8,8,11,5,8,1,11,0,5,0,0,0,6,5,0,4,1,0,2,2,2,0,14,7,3,4,1,1,5,8,8,35,6,3,0,2,7,4,1,9,9,0,0,8,0,4,12,0,1,3,4,8,0,1,0,0,0,13,13,12,7,1,9,3,4,0,3,0,0,15,2,1,9,0,3,4,5,14,2,4,0,8,4,0,12,10,0,2,10
14,0,7,1,4,7,3,1,0,9,2,3,0,8,0,1,4,4,4,15,8,10,35,1,2,14,8,0,5,28,0,1,6,2,5,7,2,1,4,0,13,1,0,3,0,0,4,0,10,20,0,1,0,3,2,10,16,1,6,0,0,1,7,11,2,13,10,5,0,6,56,2,1,6,7,4,4,2,8,4,8,10,0,11,1,2,13,11,3,0,15,0,16,1,19,0,0,0,0,4,2,5,2,11,6,3,4,3,16,9,0,14,9,9,8,26,0,2,3,23,10,7,5,0,0,6,7,0,5,31,1,0,2,18,6,15,4,10,1,3,0,0,0,6,23,6,3,2,0,11,21,5,4,1,1,0,0,3,3,2,1,0,5,2
0,5,0,12,0,0,6,3,13,0,1,0,2,0,12,1,5,0,0,0,0,0,0,7,7,0,2,4,0,0,0,5,0,0,0,0,24,0,5,0,2,0,13,0,0,0,0,15,0,1,18,13,2,6,7,0,0,20,0,2,2,0,0,1,1,1,3,1,0,4,3,4,14,8,0,2,0,0,0,2,0,0,2,0,9,0,0,1,1,4,1,0,0,7,1,12,0,0,1,14,2,1,4,0,6,0,0,0,0,1,0,0,0,0,0,0,1,0,6,0,1,0,0,10,2,5,1,4,7,0,6,0,2,0,0,0,2,0,11,0,4,1,3,0,0,1,4,3,5,0,0,3,0,5,1,28,2,0,23,0,0,8,4,0
0,0,27,0,6,16,9,6,8,21,0,1,1,6,0,0,1,0,10,42,7,6,3,7,3,0,4,0,6,13,1,2,4,6,3,9,0,1,7,5,14,1,0,0,4,0,0,0,18,6,1,0,0,0,4,11,17,1,6,3,3,10,6,1,6,11,16,2,9,9,14,2,1,0,2,4,11,4,12,1,19,16,4,4,0,0,1,16,3,0,7,3,3,6,0,3,7,7,0,3,6,1,0,1,1,9,0,8,23,1,0,0,5,11,4,14,6,7,4,1,3,8,0,2,2,2,16,0,0,20,0,0,13,5,0,2,0,4,0,2,0,0,0,2,0,14,4,10,0,17,8,0,1,2,4,0,3,13,2,0,6,0,1,9
1,23,1,15,6,0,0,4,14,2,7,7,5,0,13,0,8,3,0,0,1,3,4,31,24,0,0,30,0,3,1,9,0,0,5,3,20,1,5,7,0,1,13,2,0,15,0,0,6,3,6,9,32,6,28,3,0,32,8,0,12,0,1,7,15,1,5,12,1,0,6,16,0,14,0,6,0,2,5,6,13,6,1,3,19,48,0,1,25,30,5,47,1,3,0,14,1,7,14,38,3,8,23,2,5,0,20,3,0,9,2,0,2,3,3,1,2,1,17,12,0,2,0,13,15,14,12,26,6,0,28,1,9,1,3,3,20,3,12,3,13,18,2,3,7,0,15,3,10,1,2,0,0,19,7,32,13,13,13,0,1,15,16,1
27,0,11,9,24,38,5,0,0,6,3,22,0,14,0,0,0,21,14,10,38,10,39,10,4,8,14,0,2,49,6,7,8,12,8,19,2,16,2,16,17,11,0,2,10,0,18,6,0,9,0,1,0,8,1,4,4,3,34,5,0,2,15,3,18,13,28,21,10,16,9,21,8,0,16,1,3,7,10,4,14,43,25,7,0,1,32,14,21,0,20,4,5,5,3,3,2,24,2,2,6,17,0,7,19,5,9,39,10,2,0,31,6,16,7,36,19,7,18,11,13,36,6,0,0,0,9,0,3,21,3,0,16,28,36,20,2,11,3,13,9,2,0,16,23,6,1,10,0,6,10,6,49,0,8,0,39,11,2,4,12,2,28,21
9,1,7,10,6,9,9,6,0,7,1,6,13,11,3,3,5,16,5,0,10,6,14,2,6,1,13,0,2,6,6,11,29,12,7,24,3,27,15,3,19,2,0,24,20,1,6,3,9,0,3,7,2,23,6,1,9,0,6,17,10,4,15,15,15,10,2,41,1,6,5,17,17,8,0,15,9,6,24,11,11,22,3,22,0,13,5,10,26,1,19,5,11,18,2,4,0,19,5,12,11,6,2,0,21,25,14,0,13,13,1,1,14,28,14,3,11,2,19,1,18,10,2,2,3,0,11,0,1,5,17,0,17,10,16,8,9,5,2,23,0,6,0,1,39,2,2,10,1,3,0,11,4,19,23,2,8,35,11,18,15,7,2,33
1,24,0,19,1,0,5,10,8,0,5,1,8,1,21,7,9,1,0,0,0,0,0,9,11,1,2,36,0,0,2,3,0,0,2,0,16,1,3,0,2,0,36,0,0,18,1,6,0,3,0,21,18,12,8,0,2,14,1,9,6,0,1,1,3,2,0,0,0,7,0,16,18,9,0,4,0,0,2,3,2,2,0,1,20,22,0,0,0,8,0,10,0,2,0,13,0,8,15,8,5,1,5,0,4,1,3,0,0,3,4,0,1,0,0,2,5,0,19,1,6,0,0,6,4,11,6,10,1,0,10,0,1,0,0,6,36,2,2,1,2,8,6,0,5,0,8,6,3,0,0,2,0,3,3,19,1,1,31,5,0,17,2,0
0,22,0,23,3,1,4,22,4,0,3,0,12,0,9,9,21,0,2,0,0,0,1,16,8,0,1,10,0,2,1,8,0,1,0,0,20,0,3,0,9,0,0,3,1,13,0,9,1,7,21,0,19,7,19,1,2,10,0,1,9,1,0,0,5,4,0,2,0,4,0,5,8,12,0,5,0,0,0,3,3,0,0,0,19,11,0,1,0,11,2,16,0,8,0,60,0,10,7,9,9,0,19,0,2,3,2,1,0,1,2,0,1,1,5,4,7,0,4,0,2,0,1,28,23,9,6,4,3,1,12,3,1,2,1,7,16,0,14,3,0,4,0,0,3,0,26,8,13,0,0,2,0,21,2,23,7,8,12,0,0,10,6,0
2,31,3,12,1,2,0,9,3,0,0,0,6,0,14,4,14,1,0,0,0,1,3,27,22,0,7,28,0,1,0,2,4,0,2,2,19,0,0,0,4,0,29,0,0,2,0,32,0,2,18,19,0,34,7,0,3,28,5,0,7,0,0,1,19,0,1,11,0,3,1,1,11,35,0,4,0,0,2,7,2,1,0,0,14,53,3,0,5,10,3,7,0,9,0,13,0,5,18,12,12,4,8,0,4,1,1,0,0,10,5,0,1,0,3,0,6,0,9,3,2,0,0,6,19,27,3,20,5,1,18,0,1,1,0,5,12,0,35,2,9,9,3,0,5,0,13,1,14,0,0,1,0,35,2,26,6,6,102,5,3,19,17,3
2,20,2,35,4,0,10,8,8,0,14,4,16,1,12,6,19,7,1,1,2,0,1,16,40,4,2,9,2,5,4,5,12,5,0,12,22,4,2,1,14,3,6,7,3,6,0,6,8,23,12,7,34,0,29,1,0,11,5,17,8,1,6,5,12,7,2,10,0,20,1,6,23,9,0,10,2,3,5,23,3,9,1,5,12,19,12,6,3,19,1,30,0,17,2,48,0,2,32,5,16,1,8,4,11,9,11,4,5,0,10,0,3,1,9,2,9,0,20,5,3,7,1,15,11,17,10,8,13,8,28,0,0,0,1,2,35,13,24,2,11,22,5,3,3,0,17,15,22,0,1,4,0,28,15,10,16,13,30,0,3,30,26,2
3,23,0,14,2,0,5,17,3,4,5,1,12,0,8,16,12,2,0,0,0,0,2,37,31,2,3,0,0,1,2,9,1,1,4,1,35,0,4,0,9,3,9,2,2,7,4,28,1,6,8,19,7,29,0,0,3,5,1,7,9,1,4,1,10,4,2,9,0,4,1,13,12,15,0,6,2,4,8,11,13,6,0,2,3,25,2,0,4,5,0,22,0,22,0,34,0,8,14,20,17,2,21,4,3,1,4,0,0,3,11,0,3,1,10,6,6,2,10,2,19,0,0,18,9,22,6,17,9,2,15,0,3,0,0,0,24,2,11,2,4,26,7,6,5,0,25,10,22,0,0,4,3,4,9,14,4,14,38,1,2,16,8,3
8,0,19,0,0,4,0,0,0,41,3,10,0,9,0,0,0,18,17,33,12,28,11,0,0,19,3,0,40,6,4,0,0,5,3,3,0,5,0,11,7,10,0,0,10,0,11,3,4,1,0,1,0,1,0,0,11,0,1,0,0,23,4,6,0,22,18,1,63,7,14,0,1,0,19,2,0,3,21,0,3,22,39,0,0,1,11,0,0,0,21,0,74,0,43,0,28,1,0,0,0,1,0,46,0,0,10,42,6,0,0,4,4,2,2,1,3,36,2,2,0,0,0,0,0,0,4,0,0,24,0,0,2,21,1,19,1,18,0,0,5,0,0,0,6,5,0,0,0,18,10,0,0,0,3,0,2,11,4,18,11,0,0,22
10,1,6,1,20,21,7,0,0,32,7,13,1,17,2,1,3,23,38,5,19,2,20,0,2,14,0,0,22,5,5,0,4,19,25,6,2,10,7,20,23,2,0,7,16,0,17,0,4,9,2,2,3,0,3,11,0,0,10,4,1,15,5,17,8,14,27,2,14,5,18,2,6,1,23,18,10,7,7,2,3,46,17,14,0,3,10,10,3,0,10,15,25,1,16,1,27,2,0,4,3,1,2,27,13,12,24,10,17,2,0,13,3,7,9,25,1,13,2,8,0,7,12,0,0,8,18,0,1,62,0,0,18,12,7,5,1,30,0,27,4,3,0,17,22,11,1,2,11,12,17,0,12,2,7,0,5,12,2,18,14,0,3,23
2,74,0,14,2,4,6,4,5,2,3,0,5,0,9,4,11,4,0,0,0,0,0,25,16,2,0,9,0,0,0,8,1,2,0,1,15,0,1,1,4,1,4,0,1,20,1,32,3,0,14,10,28,11,5,0,0,0,0,0,23,0,4,15,2,3,0,0,0,5,3,6,3,15,0,0,0,1,4,5,8,12,0,0,5,12,4,0,14,23,6,12,0,8,1,8,0,0,28,11,5,0,8,0,0,3,3,0,0,11,0,0,2,0,6,0,14,0,11,1,1,0,0,7,11,1,5,12,10,0,14,0,1,0,0,9,9,5,2,0,0,8,1,1,2,1,8,6,2,0,0,1,0,3,0,2,14,3,9,2,0,17,13,0
23,0,4,0,8,6,7,1,3,3,3,10,0,4,0,0,1,16,6,0,3,10,21,10,0,2,4,0,14,10,0,10,11,1,4,19,1,1,0,8,29,2,0,2,6,0,6,8,34,6,1,0,5,5,1,1,10,0,0,0,4,6,11,2,1,15,9,0,1,6,5,10,4,2,3,5,0,1,3,12,14,9,13,4,0,7,2,2,7,0,8,1,1,0,4,2,1,1,8,3,12,5,2,8,10,3,0,0,3,1,1,2,2,9,7,6,9,1,17,11,3,2,4,0,6,3,4,0,4,0,3,0,21,17,10,17,4,7,1,1,0,17,0,9,32,2,1,0,1,5,3,1,11,1,6,0,2,9,1,12,6,5,20,9
1,6,5,4,3,6,8,9,0,7,3,4,10,0,3,8,11,0,5,0,10,0,1,5,5,1,12,0,1,6,1,16,6,4,2,2,0,9,10,0,12,0,0,3,0,2,3,0,5,17,9,1,0,17,7,0,4,0,0,0,14,0,8,1,3,16,0,9,0,3,10,2,1,2,8,7,8,1,18,25,2,2,5,1,0,2,1,3,5,4,10,13,0,38,2,8,0,11,12,4,12,4,1,0,32,9,14,3,0,4,4,5,0,7,12,9,20,0,57,5,20,1,5,5,9,6,10,0,3,3,2,0,16,3,4,10,7,2,0,2,0,2,0,0,7,1,2,19,4,0,2,11,2,13,37,0,0,19,2,0,5,6,21,10
1,15,3,36,11,3,6,15,8,2,15,1,12,2,5,15,16,1,1,0,1,2,1,10,15,3,1,0,0,2,3,10,4,0,8,0,15,2,10,0,10,0,0,4,0,2,3,12,0,10,6,9,7,8,9,0,1,23,4,14,0,0,3,7,13,4,0,9,0,3,3,10,8,3,0,3,1,0,2,22,6,9,0,1,0,1,1,1,10,3,0,17,0,38,10,38,3,3,7,1,10,0,13,2,5,1,7,0,0,2,4,5,1,11,2,5,11,0,12,1,19,2,0,7,11,25,19,0,5,1,11,1,4,2,1,20,7,12,0,2,0,4,0,6,1,0,3,14,14,0,0,2,2,13,8,51,20,10,5,2,12,6,1,1
10,0,7,0,20,2,1,0,0,44,3,0,0,21,0,1,0,1,16,35,4,0,17,0,2,22,0,0,32,9,0,2,0,7,7,4,0,3,2,9,1,0,0,2,1,0,10,0,2,4,0,1,0,1,1,23,15,0,6,0,0,0,5,5,0,30,3,3,9,0,10,0,0,0,22,1,6,16,4,3,3,8,2,6,0,0,3,22,2,0,2,1,17,1,11,0,22,2,0,0,2,6,1,24,3,9,1,7,26,0,0,0,0,8,0,12,0,6,4,0,1,4,0,0,0,0,2,0,0,16,2,0,4,14,5,16,0,8,1,19,0,0,0,7,5,17,0,2,0,7,4,0,2,0,2,0,4,4,1,13,7,1,0,8
5,0,5,0,21,14,4,2,0,4,4,11,0,19,4,0,4,4,3,10,14,20,40,5,10,5,10,0,2,7,4,1,8,4,10,9,0,5,5,3,10,3,0,1,7,0,6,1,15,15,1,0,0,6,4,4,5,4,11,8,3,5,0,10,9,23,9,6,17,4,9,9,4,0,8,18,24,31,11,3,9,5,9,13,0,1,6,0,3,1,2,2,0,2,7,4,3,10,4,4,8,13,1,4,3,5,18,4,3,8,1,17,12,6,20,3,5,5,6,43,11,34,0,0,1,6,21,0,2,28,8,0,6,7,27,26,3,11,2,0,1,6,0,0,4,10,4,10,2,7,10,8,7,2,7,0,18,22,3,9,6,1,6,5
19,2,3,0,7,4,15,1,0,19,5,21,4,11,0,0,0,6,18,1,15,14,37,9,0,7,8,0,12,12,17,17,3,14,29,15,1,18,10,21,32,2,0,4,11,1,1,7,3,15,1,0,1,5,1,6,17,15,2,1,7,5,10,0,4,2,12,40,23,3,41,6,7,3,2,7,10,25,4,8,15,15,6,15,0,0,24,4,11,0,26,3,6,8,25,0,14,15,6,4,11,13,1,25,6,2,13,1,7,19,0,13,16,1,6,9,10,17,3,42,6,9,3,1,0,2,7,1,2,17,14,0,1,5,16,18,7,36,2,14,26,4,0,6,27,8,2,7,2,8,19,7,5,8,2,1,0,3,12,4,14,2,11,13
1,5,4,9,7,5,2,6,2,3,9,0,8,3,2,14,10,0,2,0,9,1,2,8,21,1,3,1,0,14,0,7,6,11,12,6,9,1,5,1,18,1,0,7,2,1,6,15,18,15,3,5,19,12,10,0,8,2,1,3,13,0,9,4,0,1,7,17,0,7,6,16,7,12,1,3,2,0,7,7,17,12,2,9,1,12,1,5,15,4,5,2,0,1,1,8,2,17,3,14,9,3,4,1,18,8,2,3,5,7,5,8,14,2,2,8,10,8,18,0,7,2,0,7,3,10,15,1,11,1,10,0,5,0,7,8,15,5,5,12,2,12,0,2,20,0,4,4,4,0,1,3,4,7,10,2,11,5,14,0,6,8,10,1
28,1,9,1,5,2,9,2,2,11,16,5,2,22,0,0,2,6,14,30,37,9,21,9,4,2,7,0,17,26,7,1,17,10,3,15,1,3,15,3,12,3,0,3,13,1,11,1,13,10,2,4,0,7,4,22,14,3,15,16,4,30,23,2,1,0,16,22,10,18,45,14,7,5,39,7,11,5,26,8,4,39,22,5,0,0,7,5,12,0,36,1,19,0,5,2,7,11,1,7,12,7,0,5,11,21,0,18,41,2,1,37,4,7,47,13,12,26,15,5,10,25,14,1,5,11,17,0,1,17,2,0,24,24,10,36,0,13,2,5,5,0,0,11,16,25,1,1,2,30,22,8,10,6,30,0,1,31,2,12,16,0,1,11
20,2,9,0,4,5,3,0,0,7,2,3,0,7,0,0,3,2,14,18,8,3,18,12,1,5,9,0,8,13,16,0,10,8,19,7,0,6,17,6,22,1,0,13,10,3,16,5,28,2,0,0,1,2,2,18,27,0,9,0,0,3,9,12,7,16,0,13,14,2,11,3,1,1,2,14,8,27,8,1,0,30,3,4,0,0,24,8,2,7,7,1,6,0,2,1,27,11,4,7,3,5,0,10,3,0,17,17,11,1,0,24,3,37,18,21,0,21,2,17,0,11,5,0,0,8,5,1,0,7,4,0,5,5,17,13,0,21,8,14,24,0,0,4,18,21,1,4,2,24,14,0,8,11,5,2,5,4,1,17,25,4,4,14
15,1,10,8,5,5,3,2,0,3,6,4,7,10,0,6,1,10,9,12,13,1,10,20,15,11,4,0,5,31,11,6,1,12,5,25,11,21,6,0,13,10,0,27,5,1,2,12,21,41,0,2,11,10,9,1,2,0,0,9,9,3,6,40,17,22,13,0,12,11,0,13,1,28,0,5,11,44,17,21,10,18,7,6,4,9,15,20,28,0,3,10,0,11,5,13,9,18,17,5,27,7,7,20,11,7,18,1,11,6,0,8,10,11,3,11,10,38,11,6,10,6,12,3,9,1,12,0,1,22,12,0,6,4,26,17,10,3,61,13,9,14,0,0,16,11,5,6,7,16,0,7,25,1,15,5,3,13,8,0,14,3,7,8
7,0,16,0,11,16,0,0,0,26,3,2,1,6,0,0,0,11,9,75,23,32,39,0,0,25,4,0,54,1,22,2,1,7,10,13,1,2,0,7,30,17,0,1,0,0,9,1,10,1,0,0,0,0,0,63,14,0,1,0,0,9,17,23,0,10,14,12,0,1,20,1,2,0,27,5,7,4,10,2,3,4,25,1,0,0,5,7,10,0,7,1,20,2,42,0,26,0,0,0,17,2,0,4,0,8,3,20,25,0,0,2,0,5,6,4,0,28,3,8,13,2,2,0,0,2,0,0,0,41,5,0,0,24,15,16,0,7,0,7,5,0,0,9,22,27,0,4,1,37,8,0,1,3,2,0,4,4,0,8,3,0,4,27
1,2,6,2,9,15,3,6,3,6,5,4,7,5,6,10,8,13,1,5,1,1,3,4,8,0,17,1,1,9,2,20,13,6,8,5,3,4,3,5,2,15,0,5,6,4,9,0,16,6,7,4,3,20,4,7,5,5,6,3,3,0,4,3,7,18,2,11,1,0,1,7,15,4,0,13,7,1,8,2,27,11,4,15,0,4,4,2,12,2,5,5,0,2,1,4,1,5,1,6,11,4,1,3,9,22,8,12,2,0,1,11,2,5,7,2,8,0,9,1,17,25,0,11,2,6,12,0,6,2,6,0,2,3,21,17,8,2,1,9,3,4,0,0,8,10,2,7,4,7,0,3,29,17,26,4,21,9,8,0,4,1,9,5
11,0,18,0,8,15,5,1,0,21,3,2,1,38,0,0,2,24,25,26,19,14,41,1,1,21,5,0,11,3,1,3,9,16,15,5,1,6,4,6,28,16,0,7,56,3,14,6,9,5,0,0,1,1,1,14,18,3,5,10,3,10,9,41,6,45,11,0,20,1,0,3,4,0,29,6,31,20,21,0,25,29,12,10,0,0,12,9,5,0,41,1,16,5,12,2,19,3,4,3,3,10,0,13,5,11,6,3,12,3,3,17,27,4,15,0,6,7,2,12,8,22,0,1,1,3,26,0,3,28,4,0,3,24,2,11,2,21,1,1,3,1,0,9,16,26,0,7,0,1,14,1,1,3,7,0,9,8,3,38,17,2,2,24
7,14,5,19,14,4,1,3,2,5,11,9,3,2,2,2,3,3,1,0,9,1,11,15,9,1,6,6,2,22,3,17,8,7,8,17,3,10,4,3,9,0,0,4,2,4,2,16,21,17,16,5,1,6,13,0,2,6,10,2,10,0,9,6,16,14,3,13,1,7,3,0,6,12,1,8,11,5,5,16,8,7,1,14,0,3,19,0,34,0,10,9,0,11,6,14,2,5,11,14,7,9,5,5,10,5,9,0,5,0,4,3,5,12,8,8,3,1,3,2,40,18,3,3,4,1,6,1,21,5,19,0,2,3,7,25,24,8,4,3,8,4,0,1,14,0,6,16,7,0,1,0,13,9,7,17,6,19,7,4,17,2,15,1
4,3,1,17,13,5,1,6,4,1,4,8,5,1,3,4,23,0,2,4,5,8,5,25,20,0,3,2,1,7,6,10,8,6,19,4,9,0,4,2,4,1,1,1,1,14,1,0,8,17,18,8,11,23,12,1,6,3,4,1,8,0,4,7,7,7,1,1,2,15,4,6,0,4,0,6,1,0,2,6,5,1,0,4,1,1,0,3,22,8,0,15,3,1,4,7,1,7,21,21,5,4,4,0,7,6,3,0,2,2,0,4,11,1,6,2,10,0,11,13,7,3,0,5,3,13,6,0,15,1,12,0,5,0,1,4,11,5,5,0,11,4,1,0,7,0,14,9,9,5,3,8,6,6,11,14,5,12,6,2,8,6,11,1
2,25,2,24,4,0,3,9,19,2,6,3,6,0,3,11,13,0,1,0,0,0,1,47,28,0,1,5,0,3,0,6,1,0,16,6,13,3,4,0,6,0,0,2,6,8,0,14,0,8,9,12,35,9,15,0,1,15,2,2,3,0,0,3,12,5,1,28,0,4,0,12,4,0,0,2,2,1,4,11,21,7,0,2,21,14,2,0,0,28,1,27,0,7,1,17,0,4,26,14,5,0,22,1,8,1,2,1,1,2,3,0,3,5,1,5,9,0,8,6,3,0,1,4,14,38,1,5,9,3,15,0,0,0,0,1,16,1,3,1,1,14,0,4,0,2,6,8,4,0,0,11,0,17,4,10,2,4,15,3,1,17,4,2
11,0,1,0,15,13,0,0,0,10,0,1,0,22,0,0,0,2,43,5,9,4,11,0,0,8,1,0,60,9,5,1,1,13,3,13,0,2,0,18,9,6,0,0,7,0,2,0,16,0,0,0,0,0,0,19,23,0,3,8,0,22,8,2,1,39,2,0,27,0,29,1,0,0,0,7,2,14,12,0,10,20,7,12,0,0,1,10,1,0,13,1,39,0,7,0,7,2,0,4,4,4,0,34,6,11,6,56,14,0,0,11,2,4,2,7,1,4,4,3,0,1,0,0,0,0,2,0,0,31,3,0,5,8,8,10,0,12,1,1,0,0,0,3,2,34,0,0,0,47,5,0,5,0,4,0,1,13,0,0,10,0,0,21
10,0,2,0,12,6,10,1,2,2,0,7,2,2,3,3,1,1,2,1,18,17,17,7,2,1,8,0,1,5,12,4,7,20,13,1,2,17,7,3,18,3,0,8,4,2,4,6,1,15,4,5,4,10,6,2,18,0,5,7,3,1,18,7,3,7,14,5,5,13,6,8,6,2,7,0,7,6,23,11,8,15,3,6,0,2,3,9,13,0,3,5,10,5,3,2,21,10,1,5,19,0,1,23,10,11,10,0,1,3,4,7,3,4,31,3,5,16,19,14,11,11,1,2,7,12,3,0,3,8,4,0,5,9,7,7,0,10,0,8,19,1,0,4,6,4,2,9,8,1,3,6,1,5,7,1,3,13,1,4,11,4,9,10
11,0,12,0,2,23,0,0,0,8,0,10,0,27,3,0,2,10,16,24,10,7,25,2,1,8,1,0,4,13,4,0,4,7,5,0,0,5,9,3,6,2,0,8,4,0,11,0,3,9,0,0,0,2,2,0,10,0,0,8,1,6,24,10,2,11,8,11,7,7,31,11,1,2,2,7,0,20,23,0,21,21,20,21,0,3,5,22,13,0,12,0,6,2,18,0,17,2,3,4,4,11,0,10,5,3,16,0,3,5,0,7,1,16,4,6,3,4,3,12,2,22,0,0,0,2,18,0,3,9,0,0,14,7,4,0,1,28,3,4,11,0,0,2,2,16,0,3,1,1,0,1,11,0,5,3,4,7,0,12,14,0,1,6
8,0,4,0,6,3,4,0,0,4,0,5,1,8,0,0,0,14,14,0,13,4,10,17,2,12,1,0,10,12,9,3,0,24,36,5,0,22,2,0,4,0,0,11,2,0,4,2,7,6,0,0,0,3,4,3,7,1,1,1,0,16,31,25,0,5,27,44,4,1,20,5,0,1,14,6,20,0,15,19,7,19,2,16,0,0,16,22,7,0,13,0,2,0,7,0,6,25,0,20,6,5,0,25,7,7,22,3,24,12,0,15,4,17,7,47,4,8,12,6,0,16,1,0,0,2,8,3,3,18,3,0,6,6,10,4,2,14,10,7,0,0,0,0,0,11,0,3,0,11,3,1,4,2,1,1,15,5,0,18,37,0,3,9
17,0,10,3,20,8,2,0,0,26,6,2,1,21,1,2,2,12,27,1,15,4,8,4,1,13,5,0,7,10,0,2,10,8,9,7,0,20,8,0,8,0,0,5,8,0,12,5,10,24,2,0,2,5,8,21,7,4,3,18,2,4,11,4,7,26,8,17,10,8,21,5,2,4,12,23,23,15,0,9,25,18,9,12,0,0,3,25,5,0,48,4,5,3,8,1,2,4,8,5,7,12,4,10,28,15,13,1,7,6,0,3,13,6,15,12,4,1,7,19,10,19,0,0,0,2,18,0,5,9,6,0,6,21,24,8,0,29,1,0,2,2,0,2,25,7,1,8,0,12,3,0,6,6,18,3,11,10,6,16,29,0,6,36
2,9,4,7,4,7,2,9,0,0,2,2,19,0,7,12,16,3,1,1,22,2,1,20,12,2,2,3,1,0,3,2,4,3,1,6,9,10,9,1,9,2,0,8,4,2,1,6,4,11,3,3,7,23,11,0,2,5,12,25,22,3,3,8,7,8,1,21,2,2,0,16,6,11,0,11,0,19,9,0,1,3,0,5,1,6,1,4,3,7,4,14,0,11,3,26,0,14,7,5,35,1,9,0,13,9,5,2,1,9,2,0,1,3,1,2,18,0,11,0,9,2,0,6,14,7,15,2,14,1,18,0,6,5,2,5,17,5,8,3,9,6,3,1,2,1,6,26,11,0,0,10,6,22,12,6,24,9,17,1,1,7,17,4
7,6,2,9,16,1,5,3,0,10,3,9,3,6,0,4,6,18,3,0,8,19,16,11,4,0,4,0,9,19,2,14,7,4,4,17,0,4,9,19,25,2,0,1,8,0,19,13,14,11,2,3,2,3,13,3,3,8,14,2,6,3,9,15,17,4,0,10,3,27,25,8,5,21,10,8,21,7,25,1,0,15,0,5,2,3,36,5,16,1,15,10,2,4,14,8,3,18,0,5,5,6,1,3,23,16,18,8,2,7,8,16,7,8,8,24,12,6,9,31,15,9,9,0,8,13,18,0,2,12,2,0,0,8,4,13,2,15,3,4,24,4,0,1,18,1,1,1,8,7,3,6,0,1,7,0,2,4,0,14,13,4,20,14
42,3,10,3,17,3,7,0,3,32,21,15,3,21,0,4,7,23,29,12,13,8,23,5,3,14,7,3,40,14,23,15,37,6,27,21,2,18,0,22,20,13,0,11,10,0,16,6,43,22,2,0,1,9,6,22,46,12,9,2,9,8,5,15,12,39,30,18,4,11,29,7,1,7,20,15,21,19,18,3,15,0,35,14,0,3,16,20,28,0,29,0,21,1,6,5,12,29,1,17,7,27,0,31,18,13,17,14,14,3,0,23,22,21,13,17,11,27,9,38,8,18,12,0,3,4,9,0,5,22,10,0,5,40,30,20,5,29,5,10,15,4,0,14,50,20,2,8,1,15,14,4,6,3,6,3,12,12,1,31,34,1,11,11
20,0,5,0,4,6,1,0,2,31,2,5,0,2,0,0,0,14,10,39,49,15,26,0,0,2,2,0,26,1,15,0,2,7,0,11,0,1,1,4,7,4,0,0,0,2,4,1,25,3,0,0,0,1,0,39,17,0,13,5,0,2,9,6,2,22,3,7,25,4,12,1,0,0,7,3,20,2,9,0,0,35,0,0,0,0,18,1,0,0,14,8,15,0,14,0,3,0,0,0,3,2,0,23,0,5,4,12,8,1,0,36,2,0,5,4,0,1,1,7,5,19,1,0,0,0,4,0,0,9,0,0,17,15,12,10,0,20,0,0,4,0,0,13,21,52,0,0,0,2,5,1,18,0,4,0,1,1,0,32,0,0,1,4
7,4,7,2,41,24,2,1,0,5,1,18,0,8,0,1,2,6,4,5,7,5,8,2,2,3,9,0,4,19,14,0,9,9,10,16,8,18,13,4,18,3,0,5,11,0,4,3,7,22,1,0,0,5,2,0,14,0,4,1,1,6,13,15,9,5,4,6,1,15,10,14,4,2,12,6,21,16,12,5,5,14,0,0,0,1,0,11,15,0,39,2,3,2,8,1,0,3,0,8,9,5,0,15,17,8,1,12,6,4,0,5,15,10,0,9,3,1,6,12,29,7,0,0,0,5,19,0,14,11,2,0,17,6,38,16,6,5,2,5,5,2,0,1,26,13,0,4,0,2,7,8,13,1,2,0,15,2,4,8,18,1,0,7
0,23,0,24,0,0,0,8,8,0,0,0,2,0,30,7,10,3,0,0,0,0,0,14,25,0,0,26,0,0,0,0,0,0,0,0,6,0,9,0,0,0,13,0,1,9,0,19,0,0,20,19,14,12,3,0,0,5,0,0,0,0,0,0,1,0,0,4,0,0,0,0,1,21,0,0,0,0,0,1,2,0,0,0,0,33,0,0,1,13,0,20,0,7,0,29,0,0,6,0,3,2,26,0,3,0,0,0,0,0,6,0,0,0,0,0,2,0,2,0,4,0,0,4,3,4,0,10,0,0,1,2,1,0,0,4,38,0,0,0,0,11,2,0,0,0,15,2,0,0,0,1,0,1,0,12,0,5,0,0,0,2,0,0
1,38,0,37,0,2,1,2,26,1,1,1,16,0,1,1,4,3,1,0,0,5,1,20,14,0,2,23,1,1,0,9,0,0,1,2,22,0,0,5,6,0,12,0,2,0,0,48,1,13,22,11,53,19,25,1,3,12,7,2,1,0,1,0,12,0,0,9,0,4,0,3,1,14,0,2,3,0,0,6,3,3,0,1,33,0,5,0,2,44,4,28,0,4,4,16,0,11,40,18,5,11,11,0,0,0,1,0,1,22,9,0,4,3,4,11,12,0,15,0,3,0,3,22,21,8,0,13,19,3,6,0,0,1,4,1,38,1,2,0,10,8,0,0,1,4,20,7,12,2,0,2,0,7,2,16,0,10,24,0,1,37,22,0
36,3,3,5,5,10,3,3,6,25,8,5,0,6,0,0,0,24,12,4,14,20,37,12,1,7,1,0,15,2,0,6,7,11,5,25,0,10,3,3,15,0,0,0,13,0,1,0,32,5,0,0,3,12,2,11,10,4,2,1,1,3,6,24,1,7,24,15,5,4,12,19,0,2,1,3,5,16,3,1,36,16,18,0,0,5,0,8,14,3,2,21,7,0,16,3,8,13,5,2,4,4,0,4,2,6,8,0,9,3,0,26,17,4,6,23,4,3,3,48,9,17,3,0,4,0,5,0,2,13,0,0,0,4,18,10,0,23,0,8,62,10,0,1,33,3,0,8,0,12,6,2,3,6,7,4,4,1,0,22,4,0,6,8
7,0,10,0,15,16,0,0,0,10,0,5,5,10,0,3,0,0,11,28,6,5,19,0,1,5,9,0,7,20,3,18,23,14,30,10,0,10,13,3,14,0,0,6,11,1,16,1,14,10,0,1,0,6,0,0,10,0,2,3,1,22,0,4,5,5,8,20,7,2,9,0,3,0,10,9,22,22,25,4,5,20,1,11,0,0,8,0,15,1,3,0,11,0,7,2,7,3,0,1,1,4,4,7,10,2,6,26,2,0,0,20,0,1,6,12,0,16,11,0,6,13,4,0,2,4,6,0,3,26,0,0,7,15,4,6,0,9,0,9,7,18,0,0,29,79,0,5,0,5,4,0,17,0,8,2,28,14,0,7,26,6,0,2
8,4,3,7,14,15,5,0,3,19,0,22,2,9,2,14,9,13,9,4,5,5,7,4,6,3,23,0,7,23,0,18,18,12,4,27,8,9,34,8,9,1,0,5,3,1,3,25,21,26,0,0,5,3,4,0,3,14,7,5,10,2,3,11,15,12,2,28,10,12,5,34,22,0,1,13,13,7,5,3,16,28,0,15,1,2,14,15,0,1,24,7,1,5,10,4,5,10,13,7,20,17,4,9,17,13,14,5,7,9,1,17,24,10,11,5,13,11,14,8,14,5,2,1,7,1,19,0,2,20,10,0,5,9,5,7,19,16,6,7,7,6,0,0,8,3,4,8,11,1,5,10,16,4,16,1,19,6,3,20,30,7,11,10
2,23,0,23,0,0,0,3,14,0,0,0,10,0,7,6,9,0,0,0,0,0,2,84,19,0,1,33,0,0,0,1,0,0,8,1,9,1,0,0,0,0,11,0,0,4,0,30,0,1,8,11,10,19,5,0,0,23,0,4,3,0,1,0,4,0,7,0,0,2,0,0,8,28,0,0,0,0,0,7,1,0,0,0,13,44,3,1,1,0,0,4,0,2,1,13,0,1,23,8,0,21,11,0,0,0,2,0,0,3,5,0,0,3,4,2,3,0,16,11,12,0,0,13,21,2,4,15,0,1,3,0,0,2,0,0,7,0,0,6,13,32,2,0,0,0,10,1,5,0,0,4,0,7,3,4,1,0,8,0,0,1,2,0
25,0,4,2,14,1,22,2,1,10,9,20,0,17,1,8,3,13,23,5,3,9,4,14,7,16,11,0,8,33,13,4,11,27,9,13,2,5,9,4,8,4,0,4,15,1,7,5,20,19,0,2,3,1,0,21,10,6,8,10,0,2,2,26,5,36,7,3,7,5,41,10,0,1,13,3,12,13,48,4,15,29,14,39,0,4,2,3,24,0,0,4,5,1,23,3,0,8,0,2,4,8,2,8,18,12,22,0,3,10,0,17,12,20,1,2,1,29,4,9,14,11,4,1,0,19,10,2,17,34,2,0,9,16,2,7,2,10,2,4,7,1,0,2,3,15,3,10,0,5,3,4,7,1,5,0,8,17,1,37,13,2,2,10
1,11,0,44,2,4,2,23,21,0,7,3,2,1,14,10,24,4,0,1,1,0,5,36,13,3,10,26,1,6,0,8,9,2,1,4,10,3,7,2,11,1,20,1,0,0,3,47,4,5,10,16,7,30,22,0,15,12,1,13,17,1,2,3,2,1,1,10,1,5,1,9,15,27,1,5,0,0,4,14,10,0,8,2,20,28,21,0,7,4,4,0,2,23,0,17,0,3,23,6,9,9,24,2,2,1,7,2,0,5,13,11,2,0,1,0,17,0,18,0,4,2,2,7,37,28,17,15,6,2,25,2,1,1,4,2,32,8,10,0,5,12,6,0,6,0,35,6,19,0,7,9,2,15,4,23,5,13,17,2,1,10,6,6
2,0,20,0,3,1,0,0,0,46,9,8,0,51,0,0,0,5,18,54,6,32,26,0,0,43,1,0,73,0,11,0,0,0,1,0,0,0,0,6,14,10,0,0,16,0,3,1,5,11,0,0,0,0,0,74,25,0,1,0,0,17,0,6,0,19,6,0,20,0,16,0,3,0,39,10,6,2,5,0,2,21,15,3,0,0,7,11,1,0,5,2,0,0,5,0,30,0,0,4,3,1,0,11,0,0,1,36,4,0,0,2,0,3,1,1,1,15,0,4,2,5,0,0,0,0,0,0,0,28,0,0,0,15,24,0,0,10,0,15,10,0,0,14,30,44,0,0,0,36,25,0,0,11,6,0,0,3,0,7,8,0,0,38
0,12,0,13,1,7,12,9,11,0,20,2,17,0,15,15,26,5,4,3,2,0,2,16,19,1,1,6,1,8,0,12,0,6,0,1,13,5,3,2,21,0,0,2,1,7,6,3,5,18,2,8,9,17,22,0,1,8,0,38,38,1,2,8,1,0,0,11,2,2,5,11,1,7,0,5,2,0,3,11,4,1,0,2,7,4,0,0,5,2,1,23,0,0,0,17,0,10,17,6,8,2,5,0,10,2,1,0,0,1,1,0,4,2,3,1,23,0,31,1,54,0,0,2,4,15,35,4,4,1,14,0,0,1,3,0,3,7,3,2,3,14,0,0,0,3,7,18,7,0,0,3,0,4,22,1,4,31,25,0,2,6,13,4
1,0,7,0,1,12,8,1,0,22,1,6,0,24,0,0,0,8,11,5,19,14,21,3,0,13,4,0,19,0,0,0,3,3,5,19,0,3,3,8,9,5,0,2,19,1,0,0,3,2,0,0,0,2,0,43,16,1,4,2,10,11,7,25,1,5,2,5,42,1,12,6,4,1,7,3,18,7,8,3,14,6,14,8,0,4,16,7,10,1,23,0,5,0,0,0,15,4,0,0,19,9,1,9,3,7,2,0,7,0,0,9,7,4,0,1,10,4,0,6,15,9,0,0,1,4,17,0,1,6,1,0,5,25,6,21,0,28,0,6,0,1,0,1,5,19,0,0,0,4,0,1,0,0,0,0,0,2,0,7,9,0,3,16
2,27,0,14,3,8,0,32,28,0,6,0,7,0,22,12,22,0,0,0,0,0,3,6,19,0,1,60,0,1,1,10,0,0,0,4,10,0,1,0,5,0,21,2,0,12,3,14,3,4,13,60,13,48,34,0,1,8,2,8,38,0,4,0,8,2,1,13,0,4,2,14,7,17,0,2,0,0,1,26,8,5,0,1,29,16,3,2,4,13,3,17,0,17,0,0,0,5,11,6,7,1,20,0,7,0,4,1,1,4,20,0,2,1,5,1,8,0,18,1,5,1,0,19,22,13,7,5,16,0,27,0,5,1,2,1,25,4,11,1,3,11,5,1,3,0,6,16,8,0,1,7,1,10,14,6,3,7,33,0,2,19,5,0
0,0,5,0,17,7,0,0,0,13,0,0,0,20,0,0,0,7,16,18,6,2,10,4,0,28,1,0,19,2,9,2,0,4,9,2,0,2,0,3,3,0,0,0,0,0,7,1,2,0,0,0,0,0,0,28,27,0,1,0,3,22,3,14,2,7,27,9,26,1,19,2,1,0,7,21,17,6,2,0,3,12,3,0,0,0,8,7,5,0,0,0,30,0,15,0,0,7,0,0,3,3,0,14,3,7,10,18,7,0,0,14,9,7,3,0,0,11,1,0,0,4,0,0,0,0,7,0,0,20,0,0,5,8,4,2,0,3,1,20,14,0,0,5,5,9,0,0,0,6,11,0,0,0,1,0,1,7,0,9,15,0,0,27
20,1,4,14,16,14,8,5,5,8,5,1,4,24,0,0,2,1,5,0,10,3,3,3,28,2,9,0,5,5,0,24,5,7,7,5,0,5,10,1,10,8,0,14,0,0,7,7,24,19,8,10,5,2,8,1,2,0,1,11,3,2,10,15,17,11,11,18,0,5,3,5,7,4,2,10,2,25,4,14,18,29,0,3,0,11,13,3,10,1,8,3,0,10,4,5,7,0,6,9,14,3,4,1,20,7,1,2,6,7,0,9,9,20,16,6,15,8,7,0,8,1,2,9,5,6,19,0,6,13,8,0,22,5,5,11,5,4,4,2,1,1,0,8,13,0,6,12,1,1,1,21,7,20,20,1,7,8,9,5,8,3,11,7
0,23,4,33,1,1,5,8,8,0,1,0,4,0,1,5,8,0,0,0,1,2,0,22,20,0,0,2,0,5,0,6,0,0,0,3,9,1,4,0,4,1,8,7,0,1,0,14,2,5,15,7,18,32,14,0,0,28,8,12,7,0,4,6,3,1,4,17,0,1,4,11,21,26,0,1,3,0,8,7,0,1,0,0,6,40,5,0,13,23,0,23,0,17,0,11,0,6,0,14,6,7,11,0,9,2,1,0,1,9,8,0,1,0,2,1,5,0,13,3,5,0,0,15,15,16,7,18,0,2,8,0,5,3,0,3,25,4,1,0,6,20,5,8,0,0,10,15,7,0,0,4,1,10,4,10,4,8,16,0,2,17,32,0
0,19,9,2,1,7,0,6,10,1,24,9,2,2,9,2,5,1,1,0,0,2,7,16,6,5,1,37,6,2,1,15,3,1,4,5,21,6,2,0,17,2,0,3,4,14,3,38,2,12,8,9,12,5,20,0,4,11,3,4,1,0,4,4,14,7,7,5,0,6,3,14,21,14,4,5,4,20,5,5,5,17,0,8,0,18,2,1,7,8,2,6,4,6,0,6,0,9,14,0,9,3,13,8,3,5,10,1,0,10,4,0,10,13,8,4,7,0,20,15,1,4,0,5,7,8,7,7,9,4,17,2,8,1,1,5,3,3,8,20,18,7,0,0,21,2,10,13,9,6,1,0,1,10,8,8,5,9,28,5,6,13,2,5
4,3,9,10,11,10,14,13,4,6,10,2,11,3,2,4,14,1,8,9,18,5,10,7,34,2,5,5,2,9,6,9,7,9,9,16,8,5,18,3,14,1,2,4,2,2,6,3,6,11,5,9,12,16,17,0,3,5,12,12,10,2,8,11,9,12,3,27,17,11,3,7,5,5,4,19,4,6,7,35,5,7,3,9,3,5,4,1,20,0,4,9,3,8,19,7,3,14,6,9,0,3,16,2,10,16,11,3,3,4,3,7,5,9,9,7,10,16,25,10,15,3,2,10,12,25,12,4,10,11,5,0,9,5,19,2,8,2,4,5,8,11,0,1,24,1,2,19,7,5,2,1,6,7,7,3,14,13,24,8,21,3,13,7
7,0,24,16,0,7,0,1,3,9,20,19,4,11,1,2,2,13,8,24,1,5,15,6,1,3,0,0,1,2,8,3,1,1,13,3,0,6,8,2,4,0,0,1,5,1,1,8,17,6,1,0,4,1,2,1,1,0,5,4,0,6,13,13,3,7,5,7,2,4,10,9,4,0,4,0,11,5,12,1,6,27,2,5,2,11,4,4,17,21,8,9,1,2,9,1,3,3,7,3,3,0,5,20,0,1,5,2,1,7,0,1,9,2,5,11,4,4,3,7,6,3,0,2,1,1,7,1,2,5,2,0,11,0,5,23,2,10,1,4,14,2,0,0,26,3,2,3,1,1,13,5,7,0,1,0,8,1,5,5,19,4,8,12
0,7,0,19,1,4,0,13,14,0,3,0,5,2,9,3,16,0,0,0,0,0,0,18,15,1,1,15,0,0,0,9,1,0,3,2,13,1,3,0,9,0,8,1,2,4,0,23,0,2,5,19,8,8,21,0,2,8,2,1,13,1,1,1,4,0,0,7,0,1,0,5,4,22,0,1,0,0,4,9,1,0,0,0,26,11,0,4,4,11,2,24,0,5,1,20,0,4,11,13,16,5,0,0,1,3,0,0,0,6,8,0,0,1,1,0,9,1,15,0,4,0,0,20,16,6,8,3,3,1,13,1,1,0,2,4,13,1,3,1,0,9,6,0,1,0,15,7,11,0,0,0,0,12,2,6,4,5,17,0,0,17,16,0
4,0,15,4,6,13,5,0,0,22,7,9,0,26,0,0,0,16,31,2,19,0,5,0,2,26,6,0,8,0,3,0,8,8,5,25,0,7,0,5,5,7,0,5,11,0,1,2,7,0,0,0,0,4,4,46,27,0,8,0,2,24,4,25,1,5,10,20,4,3,13,5,0,1,34,23,10,25,10,0,3,31,23,15,0,0,4,7,9,0,8,2,11,0,9,0,14,1,0,8,2,20,0,0,5,5,5,9,9,7,3,11,0,9,4,13,3,17,3,11,15,3,0,0,1,5,2,0,0,2,0,0,4,16,23,3,0,14,2,21,3,0,0,4,7,49,1,1,2,36,2,1,13,6,2,0,6,9,0,28,35,0,7,8
6,4,6,2,21,14,6,11,1,3,11,6,3,15,4,7,3,5,5,0,4,2,5,3,5,1,15,0,4,17,2,11,12,8,9,23,7,8,16,7,14,6,0,8,6,6,1,5,19,21,4,2,4,11,3,0,13,0,10,32,5,3,3,6,18,11,3,11,0,9,5,10,7,8,6,10,5,7,28,13,23,18,0,17,3,0,2,10,17,0,18,2,0,10,3,7,3,20,9,3,10,0,1,5,0,8,5,5,0,3,4,4,5,3,9,4,8,1,21,0,13,11,3,0,3,1,6,4,6,13,10,0,7,5,8,13,6,9,4,7,1,4,0,0,13,3,1,7,6,0,2,1,21,8,27,2,17,27,8,5,9,2,9,1
16,3,4,3,11,5,6,2,0,0,1,8,0,10,0,2,1,7,22,0,19,5,20,0,3,1,11,0,6,31,8,3,10,15,2,25,2,3,4,3,28,4,0,8,3,0,9,0,5,25,1,3,1,9,1,0,12,3,3,9,1,9,5,2,8,21,0,7,8,22,11,5,6,1,11,11,3,7,15,9,16,13,5,8,0,0,6,2,13,0,12,1,0,2,7,0,7,7,2,5,16,1,3,5,8,0,16,2,4,7,0,6,16,7,12,10,10,8,4,17,0,21,1,0,0,2,7,0,0,21,2,0,12,8,11,4,0,2,1,8,0,3,0,3,20,15,3,1,2,2,1,3,13,1,6,0,24,8,2,5,11,5,4,5
14,0,0,3,20,29,1,0,0,0,3,2,1,18,0,3,0,4,8,3,5,1,8,2,2,7,7,0,3,9,11,3,2,11,13,8,0,38,23,4,7,4,0,35,4,0,0,20,9,14,3,2,1,11,4,10,24,3,0,14,7,1,18,13,2,0,17,18,3,8,6,9,3,2,6,10,16,22,13,5,18,17,4,1,0,1,8,6,14,2,22,7,1,1,2,4,10,1,1,10,11,5,0,5,5,16,0,1,2,1,0,6,26,0,0,2,0,8,8,7,17,16,3,1,2,0,10,0,7,8,0,0,13,4,1,10,2,16,5,2,15,6,0,3,10,5,0,10,3,5,4,0,6,1,4,4,3,6,1,18,18,1,5,13
9,0,6,0,21,35,8,1,0,0,3,0,0,4,0,0,0,0,9,25,44,25,3,0,2,22,7,0,37,3,2,4,11,5,0,6,0,0,4,9,9,6,0,6,3,0,8,3,39,0,0,1,0,4,0,42,10,0,0,3,0,7,4,1,3,18,17,1,20,12,3,0,0,1,56,0,0,3,1,2,8,14,12,12,0,0,0,26,5,0,0,2,36,0,0,1,18,2,0,1,3,2,0,9,5,2,1,0,8,0,0,27,2,3,9,26,6,15,8,0,5,0,1,0,0,1,7,0,0,6,5,0,1,20,4,30,0,7,2,0,0,0,0,2,13,32,0,5,0,66,14,4,7,0,5,0,4,18,0,12,7,0,2,7
27,1,12,0,5,5,2,2,1,16,2,6,0,7,0,0,0,7,9,14,14,4,19,4,3,5,4,0,32,8,0,0,2,5,16,5,1,0,0,5,4,1,0,3,16,0,23,0,10,13,0,0,0,5,0,6,17,0,3,0,0,26,3,7,5,41,11,11,25,2,12,5,2,1,14,1,3,24,7,1,2,14,8,6,0,1,9,2,7,0,3,0,4,0,7,1,7,6,1,0,3,1,0,9,0,4,2,8,0,0,0,6,7,5,8,6,3,12,1,7,1,11,0,1,1,1,2,0,6,21,8,0,3,9,25,9,0,1,0,2,2,1,0,4,1,12,0,1,1,30,12,0,7,3,2,0,29,6,0,6,13,0,4,6
5,1,1,14,4,0,0,1,2,0,2,5,11,0,0,2,10,3,1,0,1,1,9,12,1,3,1,0,0,3,0,4,0,3,10,17,4,6,2,1,4,0,0,0,9,1,1,9,2,13,3,1,10,0,3,0,2,11,1,4,2,0,8,19,7,2,1,6,0,0,3,0,2,2,0,3,5,12,6,9,7,3,1,4,0,22,3,0,9,3,10,5,0,1,0,4,0,7,9,10,4,7,6,7,3,7,1,0,0,0,0,1,12,6,1,5,8,0,6,11,3,0,3,0,5,7,6,1,4,5,2,0,0,0,4,3,12,5,0,1,2,5,0,0,5,0,2,7,3,3,1,15,0,11,2,3,7,13,3,2,4,11,37,11
0,3,2,9,0,0,0,10,3,0,3,1,1,0,3,1,15,0,0,0,0,0,0,10,10,0,1,12,0,0,0,2,3,0,0,0,1,0,1,0,5,0,16,2,0,0,0,2,0,1,4,2,5,10,11,0,0,0,1,4,4,0,1,0,5,1,0,0,0,1,3,4,0,3,0,4,0,0,0,2,8,0,0,0,6,9,0,0,1,5,0,13,0,1,0,20,0,0,8,4,3,0,8,3,4,0,0,0,0,0,0,0,1,0,1,1,3,0,4,0,5,0,1,5,12,9,3,0,1,2,0,0,0,0,0,2,2,0,1,0,0,1,2,0,0,0,8,12,3,0,0,4,0,13,4,0,7,2,2,0,0,5,3,0
14,0,5,0,14,10,5,0,0,4,3,27,0,11,0,4,2,26,6,52,28,36,72,0,1,5,3,0,15,20,0,8,13,2,3,3,0,6,8,9,25,15,0,7,14,0,0,0,31,1,0,0,0,0,0,4,13,0,2,5,5,0,17,13,8,37,24,8,2,11,17,3,4,0,11,7,7,15,3,0,16,23,36,5,0,0,26,20,17,0,17,11,2,0,9,0,14,9,0,0,7,1,0,11,4,6,6,27,6,1,0,0,15,0,5,0,4,9,3,9,7,1,1,0,0,1,15,0,2,12,0,0,17,13,7,8,1,18,1,2,1,0,0,19,13,7,1,6,1,0,9,6,33,2,8,0,9,11,0,15,30,0,1,6
24,1,15,1,9,8,4,1,0,2,8,0,2,10,0,1,3,14,9,0,3,4,14,7,0,3,2,0,2,4,2,2,4,8,10,4,5,6,0,3,7,3,0,4,9,0,5,2,6,14,1,1,1,3,3,4,3,2,2,0,1,0,12,16,14,4,3,10,0,2,27,5,11,3,2,3,1,4,13,1,7,22,2,15,0,4,17,0,24,0,12,2,0,4,7,2,9,9,1,10,5,9,0,0,5,16,26,2,7,12,1,15,0,13,1,4,1,3,3,3,1,18,0,2,0,6,3,0,0,12,1,0,4,14,3,7,2,7,2,1,13,0,0,1,23,1,5,1,3,0,2,1,9,9,8,1,0,3,1,8,21,2,11,9
13,0,18,0,23,24,3,3,0,11,1,7,1,20,0,0,1,14,3,1,4,2,4,2,3,5,13,0,5,17,5,4,28,4,18,8,3,5,11,3,11,1,0,1,9,0,11,3,16,28,0,1,0,1,1,2,7,0,9,7,11,8,6,1,2,7,37,11,5,5,4,12,1,5,4,4,16,17,6,3,8,21,0,10,0,3,4,1,10,3,20,0,3,2,4,1,7,20,0,13,9,2,1,9,3,7,0,3,5,6,0,0,13,0,3,8,6,4,6,4,7,20,5,0,0,8,5,3,0,26,4,0,1,4,9,12,3,4,0,2,2,0,0,3,9,5,0,1,0,1,2,2,8,7,1,0,5,9,1,10,10,0,6,25
4,2,3,4,6,9,1,3,0,0,10,14,9,7,0,1,3,5,1,22,3,11,5,1,4,6,7,0,3,11,10,14,6,7,11,10,1,3,20,1,27,11,0,9,8,0,4,3,7,14,0,5,3,9,10,2,9,6,7,12,2,0,20,6,2,47,18,3,6,7,15,8,6,1,2,31,4,7,15,1,8,13,5,0,0,4,6,6,11,4,1,1,1,3,0,5,3,16,2,8,9,5,1,4,9,12,0,9,8,1,1,5,1,3,0,2,0,2,12,1,25,11,1,2,4,3,9,3,8,0,2,0,8,4,15,43,7,10,3,4,10,0,0,3,39,1,5,11,2,1,3,4,11,0,7,0,20,49,1,11,8,1,8,7
4,3,4,0,28,9,0,0,0,1,0,9,3,3,0,1,0,1,6,7,29,6,21,9,2,8,2,0,2,42,0,9,22,7,1,3,6,13,12,0,6,1,0,9,26,0,14,1,36,3,2,4,0,2,6,1,25,0,6,9,5,12,3,9,8,13,21,11,4,2,0,8,2,5,7,3,6,47,12,2,24,17,4,9,0,11,23,12,5,2,2,0,1,1,1,1,0,6,1,4,7,11,0,13,4,10,2,26,6,5,1,0,4,8,2,0,14,3,9,2,15,43,0,1,1,23,9,0,0,17,5,0,6,18,14,28,7,21,0,1,14,1,0,0,18,21,1,4,3,6,0,4,18,0,11,0,7,19,3,14,23,0,7,30
2,2,3,6,9,9,5,12,10,7,20,8,18,3,0,3,13,3,1,1,7,0,5,15,9,0,7,0,1,5,0,7,14,0,0,7,5,3,2,3,12,2,0,0,0,1,6,2,19,11,5,7,6,9,6,3,1,14,9,20,11,0,5,10,10,12,0,10,0,8,6,3,10,9,1,5,3,4,4,18,12,11,0,3,2,12,4,0,13,3,1,17,1,23,10,8,0,15,5,7,10,4,9,3,8,10,0,6,3,8,3,4,1,6,0,14,0,3,11,0,26,5,9,3,2,7,25,2,7,4,4,0,2,0,3,6,3,4,5,1,5,6,0,6,4,3,7,23,3,1,0,5,1,10,15,7,15,6,7,9,5,8,11,7
11,0,27,0,20,2,0,0,0,25,0,0,0,2,0,0,0,0,23,7,6,23,29,0,0,5,0,0,12,2,3,0,1,1,2,13,0,0,0,4,7,0,0,0,2,0,7,1,7,2,0,0,0,0,2,36,13,0,1,0,0,6,5,17,8,26,21,38,28,0,7,1,0,0,4,16,4,8,1,0,6,27,1,1,0,0,3,16,11,0,29,0,15,0,4,0,11,8,0,0,16,4,1,17,1,8,8,15,12,0,0,9,3,4,2,3,3,0,2,4,0,2,0,0,0,5,2,0,0,22,0,0,7,12,6,5,0,10,1,6,0,0,0,0,0,23,0,0,0,10,12,0,20,7,0,0,3,4,4,29,5,0,1,7
15,8,0,11,14,16,4,12,3,0,11,7,6,5,2,11,15,1,6,0,6,4,6,13,21,7,19,4,2,14,4,5,16,11,3,9,7,19,4,3,20,2,0,8,3,6,4,17,18,19,19,4,9,20,10,2,2,11,17,57,12,4,6,3,18,15,2,11,3,9,2,3,11,8,4,19,3,12,7,11,9,9,1,6,2,15,3,11,14,16,4,18,0,31,0,18,1,7,13,20,25,3,15,3,21,4,8,8,1,6,4,3,3,6,12,9,11,2,0,2,40,7,5,6,10,14,49,5,10,1,16,0,7,3,13,11,10,8,3,8,2,16,0,2,22,1,10,22,4,1,9,10,5,20,39,3,12,41,23,1,5,13,15,2
13,0,10,0,7,2,0,3,0,14,3,8,0,9,2,0,0,4,9,6,8,3,12,8,0,4,0,0,5,0,1,2,0,2,21,10,1,2,1,5,22,0,0,0,23,0,1,12,11,1,1,0,3,5,2,2,8,1,11,5,1,0,43,42,0,5,17,6,8,1,12,2,13,6,3,14,12,6,19,0,31,38,7,12,0,0,48,0,8,11,9,0,4,1,6,1,0,0,3,15,10,7,0,11,0,17,7,0,7,11,0,9,3,4,1,2,0,4,2,0,1,10,0,0,0,10,0,0,0,10,0,0,0,6,13,2,0,26,0,10,26,6,0,3,10,0,3,0,3,0,2,8,0,2,1,1,0,10,0,14,5,0,17,12
0,3,1,14,35,5,1,6,2,8,9,15,9,2,3,10,9,19,1,3,21,10,5,6,11,3,11,1,9,13,3,4,8,0,1,4,7,8,9,5,7,7,0,4,10,1,3,0,13,18,6,2,2,3,19,0,0,1,3,20,19,1,11,6,7,10,0,10,13,17,8,40,7,3,0,11,2,0,10,9,15,8,5,29,4,3,9,6,14,12,14,4,2,54,15,5,0,8,5,1,15,6,4,15,13,0,17,5,1,3,5,7,1,7,25,15,26,0,40,1,0,1,0,2,9,4,19,0,3,15,7,0,9,7,3,24,8,9,3,3,13,9,0,0,12,2,7,12,2,0,0,11,4,20,19,1,9,43,1,4,12,5,5,3
16,0,3,2,6,8,1,1,0,6,6,14,1,27,0,0,0,5,11,0,7,14,25,0,6,4,13,0,4,57,4,6,14,9,15,12,0,7,8,6,5,7,0,12,7,0,8,2,36,10,0,0,0,7,0,0,7,0,2,1,2,4,34,9,2,25,11,6,2,25,22,18,3,0,1,11,22,16,19,2,9,18,19,7,0,0,17,13,5,0,11,2,5,0,9,1,4,1,0,4,3,3,0,3,11,21,16,0,11,0,0,1,18,20,11,43,5,2,7,10,1,0,8,0,1,0,2,0,3,9,3,0,12,11,25,4,2,8,0,13,0,0,0,0,6,25,3,2,5,24,0,1,16,0,4,0,11,7,0,2,0,2,2,12
0,0,1,0,13,0,1,0,0,13,1,15,0,1,0,8,0,15,1,0,1,6,14,6,0,8,11,0,1,14,1,0,10,1,0,1,0,0,1,1,1,3,0,0,5,0,0,0,6,2,0,1,0,1,0,0,12,0,4,5,0,0,0,3,0,14,5,12,2,0,0,3,0,1,0,1,0,1,0,0,9,12,1,0,0,3,3,4,2,0,4,2,0,0,0,0,0,2,0,0,2,0,0,0,3,1,3,1,0,3,1,1,0,5,1,0,9,0,5,0,0,8,0,0,1,0,2,0,1,4,0,0,3,0,11,2,0,2,1,1,1,0,0,64,27,1,0,1,0,11,0,0,0,0,3,1,1,5,1,0,15,5,5,1
0,19,0,21,4,1,7,3,19,0,3,0,1,0,19,2,16,0,0,0,0,0,0,3,11,0,0,5,0,0,1,2,1,0,0,0,6,0,0,0,0,0,20,1,0,10,2,13,0,2,6,28,6,15,18,0,0,7,0,5,7,0,0,1,7,1,0,3,0,11,1,3,5,4,0,2,0,0,0,6,0,0,0,0,4,22,0,0,1,13,1,7,0,2,0,19,0,9,15,5,10,2,20,0,0,0,1,0,1,0,5,0,2,0,2,1,3,0,6,0,2,0,0,0,17,1,11,4,3,2,7,0,2,0,1,1,20,0,3,1,0,8,0,0,1,0,15,3,24,0,0,1,1,21,2,2,9,3,15,0,3,7,6,0
0,18,4,18,9,0,0,12,5,0,2,1,14,0,5,7,19,1,1,0,2,1,0,17,37,0,0,4,0,0,0,6,3,2,1,2,2,0,6,0,4,0,1,3,0,2,2,15,0,3,4,23,19,11,9,0,0,11,6,9,11,0,1,0,3,5,0,9,0,2,1,4,3,14,0,7,0,0,0,14,8,3,0,0,3,21,4,2,7,21,0,37,0,4,1,22,0,5,15,7,12,1,16,1,3,0,2,0,1,5,12,0,0,0,4,1,2,0,10,0,9,1,1,17,0,7,10,1,20,1,29,0,1,0,0,9,20,5,7,2,1,16,0,1,3,0,22,6,21,0,2,8,0,30,4,11,11,7,33,0,1,17,11,1
0,8,2,16,6,11,7,5,2,3,4,12,2,1,9,10,19,0,0,0,2,1,4,15,13,0,0,5,1,13,2,1,4,4,6,20,18,1,11,0,7,0,0,4,6,5,2,14,0,0,11,9,27,17,22,0,8,1,3,6,25,0,6,2,10,11,8,1,2,6,3,1,13,38,0,12,2,2,2,7,13,4,0,5,4,8,0,4,1,2,19,28,0,15,4,13,0,6,16,8,25,1,6,5,1,2,0,1,1,7,9,1,6,8,3,23,7,5,14,10,4,0,0,1,7,0,14,4,14,0,14,0,3,3,2,1,32,7,0,3,4,8,0,2,4,9,21,6,3,2,1,2,3,16,2,10,4,8,15,0,0,19,10,1
0,2,2,19,16,26,11,8,2,4,14,23,11,13,3,9,9,6,7,2,10,0,6,2,16,4,0,0,6,18,4,12,8,3,4,16,0,3,3,0,10,6,0,8,7,1,16,12,9,11,6,6,3,10,6,4,18,5,4,10,19,2,21,7,15,17,5,12,0,12,26,6,6,1,2,3,18,8,18,15,18,9,4,19,0,0,5,6,19,4,10,17,0,35,17,7,7,19,7,7,12,7,8,2,6,7,10,7,2,6,3,15,3,5,9,9,25,2,49,0,19,2,2,11,10,14,0,2,6,16,6,0,15,13,6,14,2,18,6,2,4,4,0,0,6,6,6,11,7,1,6,14,2,7,26,4,9,22,3,9,8,3,15,3
1,15,0,11,0,0,0,1,12,0,3,0,0,0,2,1,7,0,0,0,0,0,0,12,5,0,0,24,0,0,0,0,0,0,1,0,6,0,0,0,0,0,21,0,0,4,0,26,0,0,10,4,20,8,17,0,0,12,0,0,0,0,0,1,1,0,1,0,0,0,0,1,0,5,0,0,0,3,0,2,0,0,0,0,10,13,0,0,0,15,2,15,0,4,0,5,0,0,18,7,4,1,3,0,4,0,0,0,0,1,0,0,0,3,3,0,2,0,5,0,0,0,0,4,1,4,2,0,0,0,6,0,1,0,0,0,6,0,0,0,0,11,6,0,0,0,5,0,12,0,0,0,0,14,1,6,0,2,1,0,0,3,3,0
2,2,3,17,3,0,4,3,18,2,11,7,2,5,2,3,14,0,0,0,3,0,6,17,19,0,4,4,2,0,3,15,7,2,4,3,18,1,13,0,2,0,0,1,5,7,0,6,3,1,1,3,5,13,9,0,1,10,4,3,5,0,2,2,11,1,0,1,0,6,3,21,15,9,0,3,3,3,5,14,2,5,0,14,0,19,2,3,2,0,17,6,0,4,1,16,0,6,0,9,10,2,3,0,6,0,7,0,6,4,1,2,0,0,8,0,7,0,10,0,3,3,1,3,20,14,6,0,0,1,7,0,0,1,1,2,16,5,5,1,11,6,0,6,4,0,4,10,8,0,0,1,0,5,16,10,0,7,7,1,0,19,11,0
17,0,12,0,13,12,10,0,0,26,13,2,0,37,0,0,0,6,14,17,9,27,25,0,2,23,2,0,22,6,2,1,6,32,2,7,0,18,0,25,12,17,0,0,31,0,20,0,21,5,0,1,1,8,2,24,62,0,0,3,1,16,28,17,1,17,7,22,41,2,28,5,1,3,31,8,9,18,9,1,12,22,9,11,0,3,13,26,20,1,34,2,28,1,6,0,20,13,2,4,11,5,1,2,13,21,8,6,21,5,2,12,12,26,0,17,4,22,1,10,15,9,4,2,1,0,16,0,1,0,3,0,18,12,1,8,0,10,2,2,5,0,0,10,10,16,2,7,0,3,16,5,6,1,3,1,9,7,1,14,16,0,11,14
1,5,3,29,5,0,0,16,13,0,14,1,2,2,5,1,19,1,8,2,0,2,1,20,9,2,5,33,3,4,0,9,9,1,2,2,4,2,2,0,10,0,0,0,1,6,0,28,3,17,10,12,18,28,15,0,0,14,3,2,11,2,8,14,10,2,4,12,5,6,4,19,12,15,3,4,0,3,6,18,2,10,0,2,1,6,0,0,10,3,2,25,0,14,1,27,0,8,8,17,5,2,13,0,10,2,0,5,8,2,0,0,1,4,2,5,4,0,16,0,7,3,0,7,29,14,6,6,7,3,0,0,0,2,3,8,13,2,5,0,4,10,0,5,0,0,11,0,14,2,1,0,0,21,6,8,8,14,32,3,5,10,9,2
0,0,0,0,0,0,0,0,0,0,0,0,0,0,1,0,1,0,0,0,0,0,0,1,0,0,0,0,0,0,0,0,0,0,0,0,1,0,0,0,0,0,0,0,0,0,0,1,0,0,0,3,0,0,0,0,0,0,0,0,1,0,0,0,0,0,0,0,0,0,0,0,0,0,0,0,0,0,0,0,0,0,0,0,2,0,0,0,0,0,0,2,0,0,0,0,0,0,0,2,0,0,1,0,0,0,0,0,0,0,0,0,0,0,0,0,0,0,0,0,0,0,0,0,0,0,0,0,0,0,0,0,0,0,0,0,0,0,0,0,0,0,0,0,0,0,0,2,0,0,0,0,0,0,0,0,0,0,0,0,0,0,0,0
3,0,3,0,16,14,5,2,1,0,0,12,4,15,1,2,0,0,4,0,11,0,14,3,5,0,4,0,4,11,5,0,15,15,4,3,5,21,16,1,11,0,0,13,2,2,13,9,16,17,1,1,1,0,3,2,18,1,21,16,4,4,6,1,5,24,5,6,0,2,3,2,5,0,5,5,14,6,6,6,0,5,17,17,1,0,0,7,5,0,9,1,0,0,5,5,5,22,5,8,9,11,1,4,7,12,13,1,3,0,0,17,4,1,8,6,2,7,7,0,9,12,3,2,1,3,15,1,0,18,0,0,0,4,1,6,0,2,2,7,3,2,0,14,13,3,3,10,0,4,6,1,27,1,13,0,5,13,0,3,10,0,2,3
3,0,10,2,5,3,4,1,0,20,11,3,3,13,0,0,1,0,13,17,39,17,28,1,0,1,0,0,17,11,2,1,7,7,3,12,0,3,2,6,8,5,0,13,18,0,5,1,28,10,0,2,1,0,0,21,12,0,17,3,2,14,7,5,0,24,5,4,24,3,24,3,0,0,8,9,7,6,21,5,8,40,15,6,0,1,4,15,9,2,16,1,15,1,25,1,8,5,3,1,5,0,0,16,5,8,4,20,9,0,0,13,14,4,4,18,0,12,3,6,7,11,0,0,0,3,13,0,1,12,2,0,4,0,0,19,5,14,4,4,0,1,0,11,7,10,3,0,1,2,4,2,34,0,5,0,5,20,3,29,23,0,1,10
7,0,10,1,8,17,0,0,0,8,1,13,0,14,0,2,1,13,0,3,14,1,29,1,4,6,16,0,9,9,6,2,13,6,2,8,0,2,4,0,9,7,0,12,6,0,0,3,36,16,0,1,0,1,0,1,7,0,10,4,1,5,27,16,7,10,17,26,15,21,2,7,1,0,8,7,4,10,24,2,4,30,12,38,0,4,18,4,5,0,2,4,24,3,6,2,4,5,0,1,19,5,2,23,8,11,1,4,25,4,0,7,3,9,15,14,3,6,13,13,3,25,11,1,0,2,6,0,1,1,3,0,1,0,0,8,5,4,0,4,20,0,0,2,47,15,1,1,0,7,6,2,27,1,7,0,1,7,3,5,36,3,23,7
1,2,11,4,24,12,12,6,0,6,10,13,9,20,1,4,7,18,4,27,37,3,15,6,3,7,1,0,7,17,5,11,18,16,2,9,3,7,9,8,11,13,0,7,15,0,2,3,20,8,6,7,5,2,0,19,5,9,17,10,20,16,26,18,8,36,13,17,16,17,11,25,4,1,10,7,0,4,8,5,13,20,10,16,4,1,10,6,7,0,7,2,0,0,21,1,2,11,3,5,2,23,4,3,13,4,10,30,9,3,2,8,7,12,43,28,6,5,11,2,24,4,2,1,9,1,14,0,2,8,8,0,6,19,8,0,1,5,8,5,13,0,0,12,20,15,1,4,6,11,1,7,23,0,8,0,9,30,3,56,1,0,3,9
0,30,0,40,8,1,1,9,15,0,6,2,0,0,20,13,7,0,0,0,1,0,0,31,19,2,2,18,0,7,2,10,9,1,2,5,12,1,1,1,8,1,8,1,4,2,0,20,2,9,36,16,12,35,24,1,1,9,4,7,7,0,3,7,15,0,0,10,0,8,2,24,11,16,0,0,1,2,0,17,2,5,0,6,38,38,0,0,19,7,2,32,0,3,0,25,0,5,25,3,8,2,13,0,6,0,2,0,0,12,2,1,2,3,7,7,3,0,10,0,8,2,0,20,20,32,2,6,16,0,13,0,0,5,5,1,0,4,2,13,1,22,8,5,5,0,8,2,14,1,0,5,2,11,3,15,9,3,9,2,8,17,17,1
10,1,9,4,8,1,1,1,0,17,6,17,2,10,0,1,2,19,4,6,15,7,18,13,3,24,3,0,11,16,3,9,3,2,8,9,3,5,2,8,10,5,0,9,10,0,4,3,11,5,2,0,0,13,2,18,30,5,7,2,12,8,11,36,5,13,21,3,7,2,21,8,5,1,12,10,28,14,29,5,15,29,20,5,0,1,23,9,16,0,10,8,10,7,28,4,3,4,4,3,2,10,1,14,9,2,16,7,1,5,0,18,7,4,10,21,4,10,8,26,9,8,2,0,5,7,18,0,5,10,2,0,2,14,4,5,4,0,1,10,23,2,0,9,10,15,2,5,6,12,3,6,4,5,18,0,0,16,3,21,10,1,7,18
1,3,0,4,0,2,1,19,2,0,4,1,0,0,4,1,3,14,8,0,0,0,4,23,6,0,2,1,0,6,0,1,0,2,4,0,11,6,2,0,0,0,0,3,1,11,0,12,3,2,2,14,35,24,11,0,0,2,1,0,0,1,2,2,5,2,8,61,0,1,1,4,5,3,1,0,3,10,1,8,3,5,0,2,0,2,0,0,6,0,2,10,0,3,0,11,1,4,1,8,4,1,3,2,4,1,5,2,0,0,1,1,2,0,3,0,5,1,3,0,3,0,1,3,7,0,6,0,5,2,5,0,2,4,0,8,2,1,0,0,3,7,0,1,9,0,7,3,4,1,0,12,9,9,1,0,4,3,21,1,1,8,4,0
6,0,4,0,13,2,2,3,0,11,6,0,2,24,0,1,4,2,16,1,1,0,3,2,9,26,0,0,10,10,2,10,5,3,8,0,3,0,8,0,9,6,0,4,3,0,2,3,13,23,1,3,2,2,2,0,27,0,1,2,2,19,0,14,12,5,14,13,7,9,1,3,0,1,1,8,4,7,0,3,4,10,0,5,0,0,8,9,7,6,4,0,15,2,6,1,20,2,0,20,5,4,1,21,7,8,2,0,2,1,0,2,1,2,4,1,1,6,8,10,3,13,1,1,2,3,2,0,1,2,0,0,7,4,4,5,13,10,0,0,16,5,0,0,10,10,3,6,2,6,0,2,1,11,12,2,6,1,2,4,18,0,5,1
5,3,36,2,25,0,2,0,4,5,13,9,0,1,4,0,3,16,0,3,1,0,24,13,0,2,3,0,1,0,8,10,1,0,11,4,14,0,4,0,3,3,0,0,0,4,0,13,9,0,2,0,9,11,4,5,4,0,0,0,0,0,1,26,2,5,24,9,5,3,3,8,11,1,0,19,11,0,2,9,24,15,4,5,0,10,62,7,7,13,7,5,10,3,0,3,14,1,6,18,8,14,0,3,1,0,15,0,2,2,0,1,13,2,10,14,5,0,2,26,13,0,1,0,1,4,4,0,11,5,4,0,3,0,20,13,1,23,3,16,0,40,0,2,21,0,1,2,1,0,2,0,0,14,0,3,0,5,6,16,10,2,21,4
2,23,1,20,11,3,1,4,12,0,6,9,3,1,9,12,9,0,2,0,1,0,0,8,23,0,2,2,0,3,0,21,4,0,2,1,26,0,6,0,0,1,4,3,0,1,0,18,2,6,8,4,9,22,26,0,3,8,17,2,4,0,6,4,12,0,0,14,0,4,1,4,4,14,0,1,0,0,2,6,4,4,0,2,11,8,10,18,6,32,1,12,0,14,1,11,0,1,20,7,11,2,9,0,4,3,6,0,1,5,1,0,0,0,0,1,6,0,16,6,9,0,0,8,16,8,4,11,6,0,10,0,2,1,0,0,22,2,7,5,40,0,4,1,11,1,11,2,18,0,0,6,1,16,1,11,4,2,13,0,4,12,7,1
0,3,0,11,0,0,0,0,4,0,0,0,0,0,2,0,0,0,0,0,0,0,0,7,2,0,0,5,0,0,0,0,0,0,0,0,2,0,0,0,0,0,12,0,0,3,0,2,0,0,6,0,3,5,7,0,0,1,0,0,0,0,0,0,0,0,0,0,0,0,0,0,1,0,0,0,0,0,0,3,0,0,0,0,2,0,0,0,0,2,0,6,0,0,0,5,0,0,5,0,0,0,6,0,0,0,0,0,0,0,2,0,0,0,0,0,0,0,0,0,0,0,0,0,0,0,0,6,0,0,0,0,0,0,0,0,8,0,0,0,0,4,0,0,0,0,5,0,0,0,0,0,0,0,0,2,0,0,0,0,0,3,0,0
5,0,7,0,10,1,0,0,0,1,2,11,0,0,0,0,1,0,3,4,6,10,27,5,0,6,2,0,8,0,1,0,2,2,1,2,0,0,1,0,4,0,0,0,6,0,2,3,16,1,0,0,0,3,6,0,17,1,9,0,6,7,0,6,2,11,4,0,9,0,9,1,0,4,3,4,2,0,2,1,1,14,13,1,0,0,1,0,0,0,2,0,14,0,1,1,5,8,8,0,1,0,0,4,0,3,3,2,4,0,0,19,1,3,3,0,6,0,2,3,0,0,64,0,1,2,0,0,6,10,5,0,14,11,2,12,5,9,1,0,2,1,0,0,16,1,0,1,1,12,5,0,6,1,1,0,1,2,3,9,0,0,0,3
17,0,11,0,4,10,12,2,0,3,2,20,9,10,0,3,0,23,11,4,36,32,82,0,6,1,25,0,15,10,16,10,22,22,19,16,3,10,17,0,22,18,0,15,23,0,0,7,23,39,5,3,5,3,5,6,22,2,32,7,1,5,4,27,20,16,18,16,22,8,16,14,7,0,2,6,2,0,25,2,18,50,21,26,0,1,33,29,8,0,3,6,30,0,5,3,5,13,0,21,24,26,1,7,13,20,10,13,1,5,0,13,23,9,39,18,4,0,22,10,12,6,27,1,3,4,6,0,4,10,0,0,13,7,47,20,5,10,9,10,21,11,0,16,0,46,17,4,4,12,12,6,10,6,6,0,7,15,8,26,14,9,18,10
34,0,6,0,17,7,1,0,0,13,0,5,0,11,0,0,1,8,30,70,14,17,35,0,1,27,3,0,45,28,13,1,4,14,4,21,0,6,6,15,4,8,0,2,6,1,14,0,6,2,0,0,0,0,0,5,11,1,2,1,0,17,10,8,0,25,21,11,27,10,26,0,0,2,34,4,16,11,7,1,1,20,52,13,0,4,3,79,3,0,15,0,44,3,19,0,9,0,0,2,1,3,0,49,3,15,5,32,12,0,0,7,1,5,1,21,3,23,1,0,2,25,1,0,0,9,6,0,0,16,0,0,3,10,15,15,0,15,0,10,0,1,0,1,46,0,2,0,1,13,0,0,12,0,6,1,1,8,2,31,28,0,0,18
1,11,1,38,0,0,2,27,20,2,4,2,3,1,10,6,18,1,0,0,3,1,0,13,17,0,1,26,1,4,0,13,11,0,0,6,11,0,5,0,7,1,6,1,3,4,4,15,1,2,8,26,13,17,25,0,1,8,1,2,3,0,4,2,4,1,1,5,0,2,0,6,14,6,0,2,0,0,1,6,1,2,0,0,15,20,0,0,4,10,3,35,0,7,0,6,0,6,10,10,2,2,15,1,1,3,0,0,0,2,8,1,5,0,5,1,7,0,10,3,7,3,0,15,22,21,6,5,4,2,11,0,3,3,1,1,8,2,7,3,1,11,5,0,17,2,0,13,13,0,1,4,5,12,4,9,24,2,5,1,2,12,12,1
2,7,1,1,8,3,4,7,1,2,4,4,20,0,3,9,3,2,0,3,19,1,0,12,20,1,3,2,2,3,2,11,2,1,4,3,2,3,13,0,23,3,0,9,2,3,10,3,10,10,6,8,1,15,10,0,2,6,0,19,14,2,10,7,4,1,4,6,4,7,7,16,9,8,0,9,3,3,8,26,1,8,0,4,2,7,8,5,8,1,10,6,0,18,0,16,0,12,15,13,19,3,7,1,7,1,10,5,1,7,12,6,1,1,11,4,23,0,22,0,12,2,1,3,6,6,11,0,10,7,0,2,10,0,1,4,2,5,3,6,2,2,0,1,4,0,13,0,10,0,2,18,0,22,25,3,3,21,12,0,2,3,5,4
1,17,0,8,3,1,2,5,3,0,3,1,3,0,2,6,5,0,2,0,2,6,7,13,24,6,9,2,0,4,0,5,1,3,0,0,10,0,2,0,4,0,0,0,0,5,0,10,0,1,3,13,14,22,22,0,11,2,1,4,14,0,2,2,4,2,2,7,1,4,0,7,9,4,0,8,1,0,0,11,8,1,0,0,0,12,0,0,11,5,0,19,0,7,0,8,0,1,7,9,7,1,11,2,6,2,3,0,1,3,3,1,3,0,2,3,3,0,4,3,2,5,0,24,21,3,7,12,8,0,14,0,0,1,0,6,14,6,4,2,1,18,0,1,4,1,13,10,0,1,2,3,0,25,4,9,13,7,14,2,1,21,15,4
18,0,8,0,2,5,2,2,0,13,2,5,2,16,0,1,0,9,28,3,4,14,29,0,0,21,2,0,37,19,0,0,0,1,14,10,0,0,4,9,5,1,0,3,11,0,17,1,6,3,0,0,0,0,0,18,12,0,5,0,0,7,7,8,0,30,24,16,37,7,1,0,5,0,47,1,1,11,12,0,7,15,2,2,0,2,12,5,1,0,5,0,36,0,4,0,6,1,0,6,5,1,0,36,0,2,5,66,30,3,0,0,0,1,1,6,1,10,1,0,0,24,11,0,0,2,1,0,0,3,2,0,4,2,7,11,1,12,1,6,0,0,0,12,12,13,0,0,1,0,9,0,6,0,2,0,18,3,0,9,9,0,4,13
12,0,4,0,25,6,0,1,0,13,1,9,0,8,0,0,0,4,8,48,7,23,14,0,0,1,0,0,13,4,4,0,6,0,1,10,0,5,3,5,9,1,0,4,21,0,8,2,10,0,0,0,0,1,0,10,17,0,3,2,0,4,10,19,1,22,14,0,8,0,14,1,3,0,5,3,0,3,3,0,3,14,5,7,0,0,6,4,5,0,3,7,25,0,0,1,11,1,0,1,2,13,0,2,2,1,4,14,12,1,0,9,2,2,3,0,0,12,9,2,0,0,0,0,2,1,6,0,0,16,1,0,6,4,6,1,0,3,0,0,2,0,0,5,12,0,1,2,2,9,0,0,7,2,0,0,2,11,0,16,0,0,0,8
8,2,0,3,5,5,8,2,6,0,3,0,3,0,1,3,2,1,1,26,8,1,2,2,2,0,5,0,0,9,0,1,14,1,0,12,1,0,2,0,4,3,0,5,5,3,0,0,6,11,2,2,1,4,4,0,0,1,1,11,2,0,8,7,3,8,0,7,0,3,1,0,8,11,0,6,1,1,0,10,6,4,1,8,1,2,2,0,10,4,4,9,0,3,1,7,0,21,4,0,1,5,0,1,1,3,0,4,0,15,4,6,1,2,4,4,5,0,10,8,11,1,0,1,8,2,14,0,1,5,0,0,1,2,2,7,5,6,12,2,0,6,0,0,6,0,4,18,3,0,0,0,3,22,3,3,4,16,1,0,2,0,9,0
12,0,7,0,23,21,7,2,0,0,0,8,0,4,0,4,0,4,8,0,18,0,27,0,5,2,9,0,2,7,9,8,12,13,1,22,0,17,23,4,7,10,0,14,4,0,1,0,49,4,0,0,0,0,3,0,12,0,11,2,2,2,7,5,4,10,8,25,1,29,1,13,6,0,5,1,11,4,6,6,0,6,18,13,0,0,3,17,16,0,7,2,0,0,0,1,0,7,1,1,6,7,0,13,21,13,6,7,7,0,0,33,9,8,11,18,1,20,5,0,4,16,0,1,0,3,2,0,0,6,0,0,27,34,27,23,2,4,9,1,0,1,0,6,10,12,5,0,0,6,7,3,0,1,7,2,30,4,0,0,16,0,7,4
10,9,1,34,5,4,1,23,1,1,1,2,15,2,9,7,24,2,3,1,0,1,1,36,21,0,8,2,0,1,0,8,2,5,11,5,11,10,13,0,2,0,0,2,1,5,2,19,0,19,3,21,35,28,4,0,2,3,1,13,13,0,2,8,7,6,11,1,3,17,3,9,6,17,0,5,0,2,6,22,1,3,0,1,1,7,6,0,4,7,1,15,11,4,0,10,0,20,10,10,7,0,12,6,8,1,1,0,3,11,13,2,9,7,0,0,10,7,20,2,20,0,0,21,30,16,7,14,5,1,21,0,1,0,1,0,11,5,9,11,14,16,0,1,6,0,12,22,25,0,2,22,1,0,12,15,3,6,22,3,0,5,17,1
10,2,5,5,5,10,13,4,1,8,9,7,3,5,1,1,11,4,0,0,16,2,4,9,6,1,11,2,1,28,9,8,6,10,0,8,8,3,5,3,8,4,0,4,1,1,4,7,8,23,3,2,2,15,9,3,7,0,6,37,8,2,7,2,10,30,5,15,2,26,7,7,11,4,4,7,5,1,18,12,7,6,4,2,0,2,7,8,16,3,5,4,6,22,0,14,1,20,4,8,7,1,2,2,27,6,4,5,2,2,4,8,8,1,7,11,15,0,39,1,19,4,3,2,4,2,26,1,16,3,6,0,13,5,7,8,3,18,1,12,0,1,0,1,6,6,4,25,4,2,0,3,7,12,0,0,4,14,5,3,4,4,11,2
0,15,0,21,1,0,1,2,23,0,0,1,10,0,5,12,10,0,0,0,0,0,0,22,11,0,0,8,0,0,0,8,0,0,0,0,12,0,1,0,2,0,6,0,0,28,0,32,0,2,19,23,26,10,14,0,0,2,0,0,51,0,0,1,2,0,2,5,0,4,0,17,14,10,0,1,3,1,3,6,0,3,0,0,12,16,4,2,1,4,0,23,0,1,0,6,0,1,10,8,3,0,6,0,2,0,4,0,0,3,0,0,1,0,0,0,7,0,3,1,1,0,1,2,11,10,4,6,10,1,8,0,0,0,0,0,15,0,0,2,3,11,2,0,0,1,9,3,9,0,0,3,2,15,0,0,1,1,8,1,0,15,1,0
9,4,3,10,24,8,9,0,0,0,19,33,4,15,0,4,7,0,8,0,18,1,8,10,2,0,10,0,1,32,0,16,31,9,19,12,0,11,11,2,19,9,0,8,0,2,3,13,39,8,1,7,6,16,4,2,5,14,2,0,20,4,18,0,11,1,5,3,4,21,9,6,5,2,1,3,4,15,11,24,2,12,1,15,0,0,4,28,19,1,8,5,0,4,0,3,1,7,4,5,14,8,4,6,17,24,3,4,29,7,7,9,0,5,20,7,15,3,12,0,9,11,1,9,11,4,9,0,0,9,8,0,5,5,1,9,9,0,4,6,0,4,0,1,7,1,24,3,13,18,2,4,30,3,4,1,0,5,14,0,16,4,1,4
4,2,5,9,8,25,2,3,5,3,4,11,16,8,3,6,4,1,5,7,26,11,8,10,7,4,5,1,5,54,4,13,14,4,5,5,6,15,3,3,27,4,0,4,3,0,13,13,11,35,1,8,6,13,14,11,12,3,9,19,10,4,22,3,5,31,4,13,4,9,8,19,12,4,13,13,7,5,10,9,4,12,1,2,5,10,1,14,6,0,17,13,3,31,2,7,7,8,8,9,13,1,5,9,27,8,6,18,6,13,2,11,3,9,49,19,6,4,41,10,43,7,5,3,7,8,22,2,7,7,14,0,13,20,7,30,3,16,3,1,5,2,0,2,15,8,2,21,7,3,11,16,4,6,14,1,5,0,7,6,12,7,34,3
6,23,1,15,2,1,1,11,1,0,3,5,6,0,23,17,21,0,2,0,0,0,3,39,31,1,2,3,1,3,1,5,1,3,0,1,18,1,4,0,5,2,0,0,3,23,2,13,2,11,31,12,102,30,38,4,2,9,1,2,5,1,3,12,14,2,1,8,0,8,3,7,6,15,0,1,0,0,6,17,0,1,0,4,0,24,0,0,3,8,1,17,0,25,0,33,0,9,16,28,24,5,17,0,8,2,1,0,0,3,2,0,1,1,1,3,7,4,23,0,1,0,1,15,33,15,3,1,7,1,32,0,0,3,3,3,9,3,21,2,6,13,0,3,8,2,5,12,14,0,0,1,0,22,5,8,14,7,0,0,2,26,24,0
12,0,20,0,2,3,5,0,0,12,3,9,1,11,0,0,0,15,23,14,27,26,32,0,1,16,0,0,26,8,38,2,7,19,3,6,0,2,0,19,9,1,0,12,2,0,0,0,4,18,5,0,5,0,1,18,18,2,12,0,2,13,9,4,0,12,17,0,8,0,38,4,2,3,0,4,12,18,16,1,14,31,32,8,0,0,22,7,20,0,37,2,7,0,7,0,9,5,0,5,8,5,0,28,5,5,18,12,6,2,0,15,8,10,11,14,9,29,1,14,4,2,0,0,0,0,9,0,1,14,3,0,3,29,5,56,2,21,1,4,16,0,0,9,26,31,1,0,2,9,16,0,0,3,3,1,0,6,0,0,15,2,1,14
22,0,46,1,19,14,8,0,1,8,4,14,0,44,0,0,4,4,30,0,6,21,15,5,9,10,1,0,3,46,15,8,15,0,10,10,3,6,2,1,17,7,0,10,1,0,6,1,12,15,0,0,3,3,2,11,14,0,6,5,12,7,6,14,6,16,25,14,3,4,17,17,8,1,10,11,14,37,29,1,13,34,0,18,0,1,4,26,30,0,13,1,8,2,9,2,15,8,2,6,21,19,0,35,9,11,18,7,13,4,0,30,21,10,8,23,5,5,5,5,12,0,15,3,1,0,8,0,0,16,5,0,10,23,36,1,8,10,1,18,10,4,0,0,14,28,2,2,1,9,0,2,16,0,4,0,16,12,2,15,0,1,9,21
2,15,0,21,4,0,8,4,9,0,0,2,0,1,13,6,6,0,0,0,0,0,0,20,10,0,4,15,0,0,2,18,0,1,3,0,18,1,1,0,6,0,4,0,0,8,0,15,2,7,17,10,19,30,16,0,0,17,5,6,6,1,1,2,8,0,4,3,0,1,2,2,6,17,0,4,0,0,0,7,4,1,0,1,2,37,0,6,7,1,2,10,0,6,0,19,0,3,17,13,3,4,17,0,2,5,1,0,0,11,5,0,2,0,1,0,8,0,13,0,5,2,5,7,17,19,3,3,19,0,10,0,0,0,3,0,17,1,8,0,2,12,3,0,9,0,12,3,21,0,0,0,0,5,4,15,4,7,26,2,1,0,11,0
3,0,4,17,12,10,0,1,7,2,14,13,1,3,1,7,6,6,1,10,2,1,18,18,2,0,11,1,0,5,5,14,6,6,3,6,14,6,23,4,14,3,0,2,5,4,1,16,28,2,2,6,17,26,8,0,3,13,20,21,1,0,6,11,10,1,4,7,4,9,2,15,11,4,0,9,1,3,6,17,20,11,1,0,0,22,6,0,11,2,2,6,0,13,3,5,0,11,32,2,13,8,16,7,9,4,5,2,4,37,3,1,11,6,8,7,11,1,15,17,5,2,5,6,11,10,15,3,11,11,9,0,2,1,23,3,17,7,4,5,21,7,0,0,18,0,12,5,15,4,0,9,7,17,11,1,1,34,24,1,9,11,0,16
10,0,23,1,8,6,4,0,0,9,4,16,0,24,0,1,0,20,27,52,24,16,20,2,1,14,6,0,19,25,4,2,0,9,0,5,1,3,1,15,6,10,0,10,2,0,9,1,21,33,0,0,3,2,3,22,23,0,9,10,1,8,5,13,1,11,14,8,27,5,24,1,1,2,21,10,6,9,36,4,14,11,4,7,0,0,8,2,10,0,10,6,38,4,16,0,27,7,0,5,7,12,0,8,1,5,13,7,6,11,0,6,9,25,7,30,7,7,2,12,3,12,1,0,1,1,3,0,0,14,2,0,3,10,7,9,1,18,0,1,4,1,0,3,10,18,1,4,4,13,8,0,4,1,2,0,4,3,0,14,21,0,16,0
