Ant4,Ant57,Ant260,Ant5,Ant52,Ant59,Ant65,Ant244,Ant540,Ant929,Ant2,Ant6,Ant25,Ant26,Ant30,Ant38,Ant74,Ant99,Ant102,Ant148,Ant158,Ant191,Ant196,Ant202,Ant209,Ant245,Ant268,Ant278,Ant308,Ant604,Ant620,Ant646,Ant673,Ant838,Ant12,Ant13,Ant20,Ant27,Ant28,Ant29,Ant32,Ant40,Ant42,Ant43,Ant50,Ant55,Ant62,Ant66,Ant68,Ant70,Ant71,Ant80,Ant81,Ant82,Ant91,Ant97,Ant100,Ant105,Ant111,Ant112,Ant113,Ant114,Ant117,Ant126,Ant135,Ant137,Ant139,Ant142,Ant149,Ant156,Ant159,Ant169,Ant170,Ant173,Ant174,Ant195,Ant198,Ant207,Ant212,Ant217,Ant218,Ant219,Ant226,Ant229,Ant242,Ant243,Ant250,Ant255,Ant256,Ant257,Ant261,Ant263,Ant265,Ant294,Ant299,Ant301,Ant305,Ant318,Ant320,Ant332,Ant334,Ant342,Ant347,Ant353,Ant356,Ant376,Ant387,Ant390,Ant391,Ant394,Ant395,Ant437,Ant475,Ant492,Ant501,Ant527,Ant549,Ant552,Ant556,Ant575,Ant580,Ant592,Ant600,Ant607,Ant610,Ant614,Ant621,Ant632,Ant635,Ant638,Ant650,Ant663,Ant665
0,0,7,2,12,17,9,5,4,0,2,1,2,0,6,1,5,0,0,2,0,12,0,0,14,16,4,14,8,0,0,1,15,0,0,4,1,14,1,3,4,19,10,1,0,1,14,18,41,0,7,1,4,0,0,1,11,2,0,0,3,2,8,2,0,3,0,9,0,0,2,1,0,0,1,0,0,0,6,1,3,0,9,0,4,0,0,31,0,0,10,3,0,6,2,0,1,0,0,0,0,0,0,2,0,0,4,0,21,0,0,0,0,1,0,1,0,0,0,0,17,0,0,1,2,0,0,0,3,12,0,2,7
0,0,2,3,0,1,3,2,1,0,4,56,18,0,1,0,1,16,0,1,3,1,2,47,1,6,13,1,0,60,43,16,1,11,2,0,3,6,23,0,0,1,7,9,4,10,7,0,2,7,14,19,3,26,0,1,10,4,45,5,19,12,8,0,0,20,20,13,0,0,9,4,1,25,5,2,40,0,0,0,14,6,8,9,4,4,0,4,23,14,6,2,13,0,37,13,7,0,20,16,4,9,46,0,11,1,0,13,0,36,0,5,13,3,3,12,1,5,8,0,1,6,20,8,21,21,5,2,8,2,16,0,4
7,2,0,2,8,4,7,2,27,0,15,5,2,1,1,1,2,4,0,8,2,3,19,1,0,11,5,15,7,1,2,39,11,2,0,12,4,3,15,2,0,7,5,1,9,0,6,6,10,0,16,0,21,0,7,5,7,8,8,0,2,9,7,36,0,3,3,20,0,0,1,29,2,0,15,1,5,0,19,1,1,1,3,17,3,7,0,9,1,2,26,0,0,3,18,5,4,1,3,12,0,6,8,1,9,0,0,0,1,0,0,0,3,5,0,3,0,0,0,0,11,0,4,3,8,0,1,1,24,3,0,0,3
2,3,2,0,1,32,5,16,13,0,8,0,3,0,4,0,3,0,0,3,0,9,6,0,3,2,2,8,4,0,0,2,7,0,0,3,0,1,0,6,5,4,0,0,0,0,0,3,3,0,17,0,0,2,2,1,1,6,2,0,0,2,7,9,0,0,0,2,0,0,1,3,3,0,9,1,1,1,9,0,10,0,2,1,12,12,0,21,0,0,10,1,0,3,0,0,11,0,1,2,4,2,0,15,0,6,2,0,0,0,0,0,1,2,0,2,1,0,0,1,10,0,2,9,1,1,0,2,17,6,0,5,12
12,0,8,1,0,1,0,3,7,1,0,3,2,0,4,2,3,0,1,1,0,9,1,4,0,2,4,6,6,2,0,1,6,1,0,1,0,11,0,7,0,0,0,4,0,0,9,12,4,0,2,0,3,0,5,0,15,9,3,0,0,1,28,0,1,0,2,0,0,0,0,0,2,1,7,2,0,2,4,0,4,2,2,1,0,2,0,2,0,0,4,7,0,2,1,1,0,0,1,0,1,11,0,0,1,0,4,0,14,0,0,0,0,1,0,2,5,0,0,0,0,0,0,6,0,2,0,0,4,2,0,2,5
17,1,4,32,1,0,21,2,14,1,13,3,2,3,19,3,8,1,0,3,0,2,7,0,5,7,0,20,3,0,0,3,4,0,0,10,5,6,1,24,3,22,5,7,1,0,0,5,9,0,4,0,5,0,52,4,32,8,0,0,3,5,4,14,0,0,0,1,0,0,0,8,0,0,8,2,2,0,16,0,1,0,12,1,16,12,0,8,0,0,6,10,0,5,2,0,14,0,0,1,7,1,0,4,6,12,7,0,16,0,0,0,0,8,0,1,4,0,1,0,9,0,1,4,5,0,2,3,4,13,1,1,18
9,3,7,5,0,21,0,6,15,1,10,1,2,0,11,0,4,0,0,0,0,18,1,1,9,6,4,13,5,1,0,7,4,1,0,10,4,12,1,1,41,12,4,5,3,0,6,22,5,0,15,0,11,0,35,0,8,0,3,0,1,4,17,15,0,1,0,1,0,0,2,4,0,1,3,2,4,0,11,0,3,0,2,1,6,3,1,15,0,2,17,0,0,15,6,0,7,0,0,2,13,1,0,0,0,3,19,0,41,0,0,0,1,0,0,2,3,0,3,0,1,0,1,11,11,2,0,0,8,18,0,3,1
5,2,2,16,3,2,6,0,4,4,22,6,9,0,10,0,15,2,1,6,1,10,6,3,5,7,6,10,11,1,8,34,12,0,10,7,11,5,1,0,22,9,17,3,4,0,11,8,18,0,19,0,2,0,3,0,16,14,3,7,0,8,28,8,1,0,1,10,0,0,11,11,4,2,9,2,2,1,22,13,26,1,5,5,6,6,2,1,2,1,26,8,0,19,8,1,13,0,1,6,0,3,1,1,10,3,9,2,4,2,0,0,1,16,0,3,12,1,1,0,18,3,3,31,7,12,3,2,5,10,3,17,10
4,1,27,13,7,14,15,4,0,0,14,3,1,0,8,1,6,0,0,2,2,12,0,1,0,0,1,6,5,0,1,13,1,0,0,0,0,1,0,10,2,26,0,1,2,1,9,8,18,0,17,0,3,1,20,3,6,3,2,0,0,1,1,13,0,0,0,5,0,0,0,5,1,0,28,0,0,0,14,0,1,0,8,0,10,5,0,9,0,0,12,2,0,3,0,0,5,0,0,0,11,0,0,3,0,16,3,0,18,0,0,0,0,0,0,0,2,0,0,6,1,0,1,8,0,1,0,0,22,2,4,0,10
0,0,0,0,1,1,1,4,0,0,7,4,11,1,1,13,1,1,6,1,4,1,13,1,7,5,26,7,10,0,10,1,0,0,1,5,4,1,0,0,0,3,5,11,1,1,0,1,1,1,1,4,2,0,0,14,9,4,21,0,6,5,0,0,9,2,5,3,0,0,15,6,6,6,0,29,5,19,4,0,6,1,1,2,4,0,32,0,0,1,5,0,5,1,2,5,1,0,5,2,0,6,8,1,13,0,0,2,0,2,0,5,10,15,1,5,79,0,0,0,11,7,3,1,1,19,1,13,1,4,3,1,0
2,4,15,8,0,13,10,22,14,7,0,2,3,0,11,2,21,1,0,1,6,4,17,1,0,2,5,12,3,5,6,5,31,0,0,3,1,17,5,26,0,7,1,6,2,0,11,2,2,0,9,0,15,0,2,3,3,10,4,0,3,5,6,15,0,3,0,8,0,0,1,4,2,1,12,9,2,0,18,0,3,1,8,12,13,5,4,7,1,1,22,2,1,11,0,2,29,0,5,0,5,9,1,1,5,0,2,0,0,11,0,0,4,3,0,10,6,0,7,0,3,0,2,8,8,4,3,14,13,20,2,4,1
1,56,5,0,3,3,1,6,3,4,2,0,10,1,2,15,6,30,5,6,10,0,9,17,1,4,7,4,4,23,43,14,3,4,5,5,29,1,14,6,2,4,15,12,3,23,7,0,3,11,3,3,5,10,10,28,5,8,48,49,10,29,4,4,5,16,16,5,7,1,8,2,4,23,2,15,23,27,4,7,9,9,4,2,5,1,14,4,15,20,6,5,10,7,20,40,1,5,5,10,4,24,25,0,10,2,1,18,10,33,11,19,22,4,15,14,14,10,12,0,5,23,16,6,3,84,6,23,6,4,9,15,2
2,18,2,3,2,2,2,9,1,11,3,10,0,2,9,7,1,0,1,6,1,5,4,10,0,26,4,5,7,26,13,8,5,1,3,8,13,4,1,1,1,2,18,6,5,2,0,1,2,0,1,3,7,7,0,3,8,4,7,0,12,17,1,2,7,5,16,0,0,0,8,0,3,7,1,3,11,5,4,2,6,3,0,12,8,3,3,1,5,12,14,3,4,6,2,2,2,1,1,18,1,11,13,0,8,0,0,3,0,22,0,2,8,8,0,10,49,1,11,0,9,1,5,1,13,11,2,5,8,9,5,16,12
0,0,1,0,0,3,0,0,0,1,0,1,2,0,0,5,3,9,12,1,12,0,2,0,4,2,2,4,1,32,6,11,0,3,11,3,4,0,3,0,1,3,3,10,10,33,3,4,1,2,0,4,1,9,0,5,4,0,7,6,4,20,1,2,6,16,24,0,13,0,4,2,0,21,1,7,3,9,2,4,0,9,1,1,2,0,7,0,16,3,1,0,10,0,2,7,0,9,2,11,0,2,11,0,12,0,2,9,0,0,8,7,2,7,6,7,6,11,13,0,3,10,6,0,3,5,3,5,0,0,17,14,1
6,1,1,4,4,19,11,10,8,1,11,2,9,0,0,0,13,4,0,9,2,19,4,2,11,13,1,19,29,4,2,1,12,2,0,3,0,1,2,3,22,7,5,2,2,0,2,6,19,0,5,0,1,0,0,6,9,11,2,0,2,7,9,9,1,0,0,0,0,0,2,5,0,1,7,1,2,2,37,1,20,0,2,2,7,7,3,0,0,0,2,3,0,28,3,0,3,0,4,7,0,6,0,2,4,3,6,0,7,1,0,1,0,2,0,7,29,0,0,1,12,3,5,3,3,9,1,0,14,9,0,3,9
1,0,1,0,2,3,0,0,1,13,2,15,7,5,0,0,0,0,7,3,14,0,4,1,1,8,3,3,4,2,14,0,0,2,1,4,1,0,1,0,0,1,4,11,1,3,0,0,0,2,0,1,0,1,0,12,3,2,23,0,0,3,0,0,52,1,8,0,0,0,5,0,2,10,0,15,3,34,0,0,2,1,2,0,2,0,14,0,3,2,0,0,10,0,2,5,3,1,29,2,0,0,9,0,4,0,0,0,0,3,0,3,6,7,0,19,46,0,0,2,5,9,0,1,0,17,1,6,5,1,0,3,2
5,1,2,3,3,8,4,15,6,1,21,6,1,3,13,0,0,4,0,4,4,19,11,2,1,12,10,29,17,1,2,19,14,0,0,4,6,3,0,2,14,3,3,18,0,2,24,4,6,0,4,0,4,1,7,6,1,26,1,0,0,10,5,33,0,2,0,4,0,0,0,14,1,0,4,0,3,2,21,0,9,4,1,12,17,4,1,14,1,0,10,11,2,27,5,0,6,0,7,2,0,13,0,6,2,0,12,0,8,0,0,0,2,3,0,4,6,2,0,0,11,5,8,28,8,3,1,3,16,7,7,1,4
0,16,4,0,0,1,0,2,0,1,1,30,0,9,4,0,4,0,8,0,14,0,0,8,0,1,2,0,3,18,13,35,0,50,13,0,5,2,13,0,0,0,1,4,14,32,0,1,1,16,2,10,1,40,0,10,1,0,12,29,13,6,0,5,0,13,45,2,15,5,9,3,6,44,0,2,9,0,2,9,0,22,0,11,0,0,1,0,27,23,3,3,12,0,22,30,0,4,12,13,0,8,8,0,13,0,0,47,0,8,19,9,39,1,9,17,1,32,45,0,0,35,23,0,3,9,10,6,0,0,32,1,0
0,0,0,0,1,0,0,1,0,6,0,5,1,12,0,7,0,8,0,0,5,0,1,2,0,0,10,0,2,12,10,1,0,12,3,0,1,0,0,0,3,1,2,2,4,8,0,0,0,15,0,2,2,8,0,0,1,0,9,7,3,7,0,4,9,5,8,0,20,0,0,0,1,25,1,7,7,10,2,2,0,7,0,0,2,0,9,0,8,3,0,0,7,1,2,4,0,7,2,14,0,4,9,0,1,0,0,9,0,0,18,8,5,2,0,14,12,6,12,0,3,10,5,0,0,12,9,13,0,2,13,0,0
2,1,8,3,1,3,0,6,2,1,1,6,6,1,9,3,4,0,0,0,0,2,9,7,8,9,15,25,9,1,3,1,1,0,0,3,8,9,2,0,1,4,1,3,9,1,4,2,12,0,0,0,12,0,0,6,5,10,1,0,1,3,5,1,0,2,0,1,0,0,19,2,74,1,6,3,0,1,1,0,50,0,6,0,36,10,6,2,0,0,2,1,0,13,1,1,3,0,1,1,4,2,1,0,5,0,1,1,0,0,0,0,2,18,0,44,7,0,0,209,55,2,2,0,4,1,4,6,3,8,0,2,12
0,3,2,0,0,0,0,1,2,4,6,10,1,12,2,14,4,14,5,0,0,3,0,5,1,2,7,0,3,18,2,5,0,17,17,1,14,4,5,0,0,2,1,17,5,18,0,1,2,14,1,2,6,4,1,16,1,1,17,15,3,13,1,6,6,5,17,0,1,6,1,2,3,18,0,10,7,1,3,13,9,9,0,7,3,3,2,0,14,6,1,0,10,1,8,18,0,12,13,9,0,21,17,0,4,0,0,27,0,8,7,22,13,2,2,23,3,1,6,0,4,25,6,2,11,6,13,14,5,0,17,1,1
12,1,3,9,9,2,18,10,12,1,4,0,5,0,19,0,19,0,0,2,3,0,3,0,1,7,3,38,7,1,1,4,5,0,0,7,2,4,1,10,6,11,3,3,0,0,12,30,26,2,3,0,4,0,33,7,14,13,0,0,0,8,6,17,0,0,2,7,0,0,2,4,2,2,15,2,1,1,13,0,1,4,19,0,18,18,0,1,0,1,4,14,0,13,0,0,10,0,1,1,0,1,1,2,0,8,6,0,13,1,0,0,0,2,1,1,4,0,0,0,21,0,2,8,5,2,1,1,15,11,1,0,18
0,2,19,6,1,7,1,6,0,13,17,9,4,2,4,4,11,0,1,9,0,3,0,1,4,11,5,18,16,5,10,4,3,1,0,9,5,2,3,2,2,10,13,1,1,0,2,0,25,0,4,0,3,1,0,2,15,6,2,1,4,12,10,1,1,0,1,3,0,0,7,8,11,2,0,18,3,2,2,3,20,0,4,9,14,4,3,5,2,2,12,0,0,4,3,5,10,0,6,16,2,14,3,0,16,1,2,0,1,12,0,1,7,21,0,2,15,0,5,8,6,0,2,8,0,4,2,6,5,12,6,3,1
0,47,1,0,4,0,1,3,1,1,1,17,10,0,2,1,2,8,2,7,5,0,1,0,3,3,7,4,6,32,8,22,1,13,0,0,1,2,7,2,2,3,9,1,2,38,7,0,1,6,0,6,1,11,3,9,2,4,7,18,6,5,2,2,3,0,60,3,2,1,6,1,3,51,2,9,43,6,1,3,3,5,0,8,4,2,1,0,6,12,2,2,8,3,13,10,1,0,7,5,0,3,38,0,3,1,0,34,1,24,1,7,24,2,6,10,13,13,18,0,6,6,5,3,3,27,5,2,1,0,7,4,2
14,1,0,3,0,5,9,5,0,7,0,1,0,4,11,1,1,0,0,8,1,1,4,3,0,6,1,9,3,1,2,0,2,0,6,22,2,12,1,8,26,8,2,1,1,0,5,4,0,0,0,0,0,0,1,7,2,6,5,0,0,4,13,6,1,0,0,0,0,0,2,0,3,0,4,4,2,4,4,1,15,2,11,2,9,29,1,2,4,0,3,0,0,2,0,2,43,3,2,2,3,3,1,0,2,16,4,0,0,0,0,0,1,8,0,3,17,0,1,0,12,1,1,8,3,7,3,6,0,20,4,5,2
16,6,11,2,2,7,6,7,0,5,2,4,26,2,13,8,12,1,0,9,2,7,11,3,6,0,5,15,12,0,1,15,8,1,4,17,3,2,1,0,6,14,14,11,6,3,0,4,1,0,5,0,6,0,0,7,12,8,4,0,3,9,6,3,2,5,2,1,0,0,2,1,11,9,0,1,3,6,10,1,5,6,7,12,23,1,3,5,1,0,8,4,1,17,0,0,0,0,17,3,0,3,0,0,0,2,3,0,3,7,0,0,0,5,0,8,44,0,3,4,10,3,0,7,9,7,2,14,8,5,1,9,10
4,13,5,2,4,0,4,6,1,26,5,7,4,2,1,3,10,2,10,15,7,3,5,7,1,5,0,6,9,7,5,3,5,3,5,15,5,5,1,0,3,2,15,8,7,4,8,6,9,4,1,3,8,8,1,8,18,5,12,13,2,8,1,7,3,6,11,0,9,0,8,8,14,11,1,12,14,13,6,7,8,8,1,6,6,3,12,0,5,2,1,0,9,7,4,11,3,3,3,17,1,14,3,0,10,0,2,5,12,2,4,9,9,8,3,5,24,11,2,2,4,10,6,2,7,2,8,5,0,7,8,9,5
14,1,15,8,6,20,13,10,6,7,12,4,5,4,19,3,29,0,0,25,0,38,18,4,9,15,6,0,12,2,3,13,10,1,0,16,3,14,3,8,15,6,5,7,5,2,21,2,19,2,11,0,20,0,22,7,18,19,4,0,3,15,7,19,2,1,3,1,0,0,5,19,8,2,8,5,3,6,14,0,16,1,30,2,19,18,6,11,1,0,6,6,0,29,2,2,18,0,1,10,11,6,1,4,0,7,8,1,10,3,0,0,0,6,0,7,31,0,4,0,32,1,0,6,7,3,2,3,20,24,1,3,9
8,0,7,4,6,3,5,11,5,10,3,4,7,1,29,4,17,3,2,9,3,7,16,6,3,12,9,12,0,2,2,4,14,2,1,7,1,5,1,3,33,14,0,6,17,0,1,2,15,3,0,0,8,0,2,6,21,5,7,0,5,7,16,0,0,1,11,11,0,0,2,12,7,5,0,12,0,4,10,3,7,0,1,10,3,2,4,9,1,2,14,5,1,6,1,1,4,1,1,2,7,3,4,6,5,7,0,0,3,10,0,0,0,5,0,3,34,0,4,0,9,1,1,12,8,5,2,2,6,10,0,9,11
0,60,1,0,2,0,1,1,0,0,5,23,26,32,4,2,1,18,12,1,18,1,5,32,1,0,7,2,2,0,28,2,0,19,26,0,19,1,12,0,0,1,32,0,12,67,0,1,2,28,2,37,3,26,0,0,9,0,4,54,11,8,2,0,1,25,89,1,13,21,3,0,0,29,0,1,16,14,2,14,1,18,0,9,0,1,0,0,22,56,1,0,24,1,56,30,0,11,0,15,4,9,39,0,9,1,1,55,0,37,17,37,21,3,10,37,7,21,42,0,4,22,21,1,13,47,13,5,1,8,26,10,1
0,43,2,0,0,0,0,8,1,10,6,43,13,6,2,14,2,13,10,3,2,1,10,8,2,1,5,3,2,28,0,15,0,7,9,5,16,3,3,3,3,1,16,3,1,3,7,0,1,2,2,0,1,3,0,14,4,0,38,0,10,9,2,1,40,2,8,1,0,0,7,5,3,10,4,8,8,39,0,2,13,0,2,3,4,3,20,2,7,10,1,0,11,1,14,0,1,1,13,6,1,18,4,0,11,1,0,0,0,32,0,8,8,8,1,10,27,5,5,1,12,13,5,3,8,59,4,16,4,4,12,12,2
1,16,39,2,1,3,7,34,13,1,5,14,8,11,1,0,19,35,1,1,5,4,4,22,0,15,3,13,4,2,15,0,0,2,0,8,8,0,11,1,0,17,3,2,12,0,29,2,14,0,49,2,0,4,0,3,17,3,29,12,15,36,18,22,0,1,4,6,0,0,0,26,4,0,4,0,6,0,17,2,12,0,4,44,10,1,0,5,1,0,20,0,6,5,45,5,0,0,20,12,0,27,6,0,4,4,1,0,0,7,0,1,8,12,0,10,9,1,4,0,2,2,12,7,25,0,1,0,8,1,7,2,0
15,1,11,7,6,4,4,12,1,0,31,3,5,0,12,0,14,0,0,1,0,5,3,1,2,8,5,10,14,0,0,0,0,0,0,2,1,5,1,3,8,16,4,3,0,0,2,22,19,0,2,0,20,0,0,1,2,23,2,0,5,2,10,0,0,2,3,9,0,0,1,5,1,1,0,1,0,0,16,0,1,0,2,0,4,3,1,7,0,2,12,2,0,8,2,4,2,0,0,0,7,11,1,3,2,1,4,0,0,0,0,0,0,1,0,4,7,0,0,0,5,0,1,4,15,3,0,1,9,8,0,5,16
0,11,2,0,1,0,1,0,0,0,0,4,1,3,2,2,0,50,12,0,17,0,1,13,0,1,3,1,2,19,7,2,0,0,14,0,8,5,17,0,0,0,3,1,18,40,1,0,4,16,0,14,0,22,0,7,1,0,11,38,16,4,1,6,3,12,32,0,5,11,3,1,2,41,3,6,7,9,0,8,1,13,6,1,0,0,3,0,23,24,0,1,15,0,30,27,1,4,13,3,2,8,21,0,5,0,0,59,0,16,23,12,21,2,2,14,1,9,15,0,2,2,12,0,1,11,9,1,1,0,11,0,0
0,2,0,0,0,0,0,10,0,1,0,5,3,11,0,1,0,13,3,0,17,0,0,0,6,4,5,0,1,26,9,0,0,14,0,0,7,0,2,0,0,0,3,4,12,19,0,0,0,4,0,6,0,12,0,4,1,0,10,8,0,2,1,0,1,10,22,0,24,2,5,0,0,9,0,0,16,2,0,2,8,9,0,0,1,0,0,0,18,18,1,0,6,0,1,4,0,2,11,5,0,3,8,0,5,0,0,17,0,9,12,3,12,3,0,12,0,3,9,0,0,7,15,1,1,1,13,5,0,0,17,2,0
4,0,12,3,1,10,10,7,0,5,3,5,8,3,3,4,4,0,0,3,1,7,9,0,22,17,15,16,7,0,5,8,2,0,0,0,4,3,0,0,5,9,10,5,12,0,1,7,12,0,1,0,8,1,0,9,18,13,9,0,2,9,4,5,3,1,1,6,0,0,8,13,14,1,4,0,2,3,5,0,9,3,8,8,14,3,5,3,0,0,2,0,3,22,0,2,1,0,4,2,5,5,0,0,5,2,1,0,0,0,0,0,1,9,0,15,33,1,2,1,3,1,0,4,2,13,0,3,2,23,4,7,8
1,3,4,0,0,5,4,11,0,4,1,29,13,4,0,1,6,5,1,8,14,2,5,1,2,3,5,3,1,19,16,8,1,8,7,4,0,0,5,0,1,6,13,3,23,18,0,0,3,7,1,1,1,8,0,2,4,4,2,10,1,2,2,1,1,10,23,5,5,0,3,2,1,5,1,13,6,0,3,1,7,2,0,1,8,2,1,0,4,11,3,0,12,3,2,2,5,1,4,3,0,3,7,0,5,1,0,6,0,19,10,3,4,5,5,9,6,2,9,2,4,1,1,0,4,12,5,2,7,1,7,4,0
14,6,3,1,11,6,12,5,1,1,17,1,4,0,1,0,3,2,0,9,4,4,2,2,12,2,5,14,5,1,3,0,5,5,0,3,0,0,2,14,12,5,2,5,0,0,21,10,1,0,14,1,4,1,49,2,5,13,0,0,4,1,7,26,1,3,2,0,0,0,4,0,1,0,11,1,0,1,14,0,3,0,20,2,13,3,0,17,2,0,8,8,0,10,2,2,18,0,1,11,13,2,2,0,0,1,11,0,2,0,0,0,1,3,1,7,4,0,2,1,6,1,2,5,8,3,1,1,8,17,2,3,8
1,23,15,0,0,1,1,1,0,0,5,14,1,3,2,1,0,13,0,2,5,1,3,7,1,1,1,3,1,12,3,11,1,17,2,0,5,2,0,3,0,1,5,0,0,14,1,0,1,4,2,0,1,5,0,0,4,0,5,2,9,5,0,27,1,8,17,0,3,7,1,0,0,16,1,9,5,4,0,1,4,1,1,1,2,2,0,3,3,2,0,0,7,2,5,10,2,0,4,10,5,5,10,0,1,2,1,25,0,17,9,1,8,0,0,9,0,0,13,0,3,3,1,1,10,22,5,1,1,0,8,9,0
3,0,2,6,7,24,1,0,10,0,26,6,1,0,3,0,2,0,0,0,0,10,2,2,8,0,0,8,3,0,3,1,3,0,0,0,0,14,3,0,8,4,1,0,2,0,4,2,4,0,1,0,6,0,45,0,4,6,0,0,0,1,10,12,0,0,0,2,0,0,0,1,2,0,20,1,2,0,6,0,1,0,19,0,0,7,0,24,0,0,10,9,0,3,1,0,14,0,2,0,12,2,0,9,0,12,2,0,9,0,0,0,0,0,0,1,1,0,0,0,0,2,0,1,12,0,0,0,12,2,0,2,9
4,0,0,5,0,3,41,22,2,0,0,2,1,1,22,0,14,0,3,1,0,6,2,2,26,6,3,15,33,0,3,0,8,0,0,5,1,12,0,8,0,8,4,3,6,0,0,1,5,0,1,0,8,0,34,0,4,2,3,0,0,1,7,7,0,0,2,1,0,0,1,6,3,0,4,0,2,1,5,0,4,0,6,0,3,12,2,15,0,0,6,4,0,4,0,0,17,0,0,0,10,6,0,16,0,21,24,0,1,0,0,0,0,0,0,0,1,0,0,0,4,0,1,17,12,1,0,0,6,13,0,3,2
19,1,7,4,0,22,12,9,26,3,7,4,2,3,7,1,3,0,1,4,2,11,10,3,8,14,2,6,14,1,1,17,16,0,0,9,6,5,1,4,8,0,2,6,3,0,11,7,10,0,6,0,10,0,7,1,19,6,5,0,0,6,12,8,0,0,1,7,0,0,2,11,5,2,8,2,0,0,3,1,10,1,1,1,23,3,3,9,0,0,5,0,0,2,1,1,4,1,0,1,4,7,0,7,3,1,2,0,9,2,0,9,2,2,0,3,9,0,1,5,19,2,1,14,3,5,0,1,11,6,2,1,13
10,7,5,0,0,5,4,17,0,5,1,15,18,3,5,4,3,1,2,1,1,3,13,9,2,14,15,5,0,32,16,3,4,3,3,10,13,2,5,1,4,2,0,4,0,10,0,1,1,1,0,2,10,2,0,5,6,1,16,1,29,16,6,10,1,3,6,0,0,0,9,1,2,13,3,3,6,4,1,3,4,1,0,22,3,3,7,2,10,1,5,1,8,13,3,15,2,1,0,3,0,20,8,0,7,0,1,0,1,18,0,1,8,15,0,17,11,5,11,0,4,6,6,8,8,3,2,2,3,4,11,14,12
1,9,1,0,4,7,5,3,1,11,6,12,6,10,2,11,18,4,2,3,17,3,1,1,1,11,8,7,6,0,3,2,3,1,4,5,3,5,0,0,3,6,4,0,2,2,2,1,10,1,0,0,29,1,0,14,8,4,19,0,5,7,4,4,2,6,0,5,0,0,1,12,3,1,7,14,3,3,13,0,7,1,0,5,5,2,10,2,0,0,2,0,2,1,2,2,1,0,9,17,0,1,4,0,7,0,1,2,0,1,0,0,3,4,0,12,12,0,0,0,8,2,3,1,5,4,4,1,5,6,2,0,0
0,4,9,0,0,1,3,4,2,1,2,3,5,10,2,1,0,14,4,9,5,0,1,2,1,6,7,5,17,12,1,12,0,18,12,12,23,0,0,2,6,3,0,2,0,9,0,0,0,2,1,3,2,2,4,5,5,0,21,8,3,11,3,2,0,8,16,4,9,0,0,10,1,8,1,0,11,0,1,1,5,11,0,2,1,0,3,0,11,18,7,0,4,2,2,5,14,8,2,7,0,6,4,4,12,1,6,21,0,7,6,4,16,7,1,10,3,6,10,2,2,13,9,2,7,1,12,5,5,0,15,1,0
1,10,0,0,0,0,0,0,1,1,0,23,2,33,0,3,2,32,8,1,18,0,0,38,0,3,4,2,0,67,3,0,0,40,19,0,18,0,14,0,0,0,10,2,9,0,0,0,0,25,2,57,1,26,0,3,0,2,12,61,5,3,1,3,6,15,148,0,22,39,5,3,0,44,0,1,23,2,0,21,1,41,2,3,2,0,2,0,14,48,6,0,12,0,31,49,0,14,4,8,0,4,74,0,3,0,0,180,0,18,51,32,63,4,29,13,0,43,37,0,0,23,16,0,2,4,8,2,0,1,19,2,2
14,7,6,0,9,0,6,11,9,0,11,7,0,3,2,0,24,0,0,4,0,12,2,7,5,0,8,21,1,0,7,29,2,1,0,1,0,21,1,4,0,11,0,2,0,0,0,1,6,0,13,0,0,1,6,0,1,4,4,0,6,0,22,6,0,0,7,22,0,0,0,4,3,1,30,0,4,1,0,1,4,0,1,1,8,13,1,26,0,0,47,19,0,4,18,0,4,0,1,0,0,5,0,14,0,7,0,0,31,0,0,0,0,0,0,1,10,1,5,0,0,1,0,30,0,0,0,0,2,20,8,0,10
18,0,6,3,12,5,22,8,8,1,2,0,1,4,6,0,4,1,0,2,1,30,0,0,4,4,6,2,2,1,0,2,22,0,0,7,0,10,0,2,1,7,1,1,0,0,1,0,5,0,8,0,1,0,17,0,13,5,1,0,0,3,6,8,0,0,0,3,0,0,0,3,3,0,10,1,0,0,32,0,17,0,8,0,3,6,1,10,1,0,8,3,0,9,0,0,0,0,1,3,0,1,0,6,0,0,4,0,5,1,0,0,0,1,0,1,2,0,0,3,2,1,0,11,1,0,1,4,5,13,1,1,5
41,2,10,3,4,9,5,18,18,1,2,3,2,1,19,0,6,1,0,12,2,26,25,1,0,1,9,19,15,2,1,14,19,4,0,12,3,1,1,4,5,10,1,10,0,0,6,5,0,0,24,0,20,1,5,3,13,0,0,0,4,5,7,12,0,1,0,4,0,0,0,10,7,0,11,2,3,5,10,0,2,1,6,10,16,4,0,19,0,0,7,0,2,11,5,5,13,0,5,1,2,10,2,2,6,7,7,0,0,7,0,1,1,4,0,3,6,0,5,3,6,0,4,1,4,0,1,0,17,11,2,7,12
0,7,0,0,0,0,0,0,0,1,0,11,0,2,0,2,0,16,15,0,14,2,0,6,0,0,4,2,3,28,2,0,0,16,4,0,7,0,4,0,0,0,1,1,2,25,0,0,0,0,1,11,0,29,0,0,1,0,2,19,0,2,0,0,5,1,18,0,4,4,3,1,2,20,0,3,9,1,0,2,0,5,2,0,0,0,0,0,9,7,0,0,8,0,5,12,0,2,2,4,0,0,14,0,1,0,0,24,1,1,12,3,9,0,2,5,0,2,28,0,1,16,7,0,0,2,12,0,0,0,10,0,0
7,14,16,17,2,4,15,19,17,1,9,3,1,0,5,0,4,2,0,0,1,3,4,0,0,5,1,11,0,2,2,49,2,0,0,1,1,14,2,1,1,6,0,0,1,2,13,8,24,1,0,0,0,2,47,0,12,5,2,0,1,0,6,28,0,2,2,8,0,0,2,9,2,0,12,0,2,0,30,1,18,0,10,7,10,0,1,3,0,0,25,0,0,4,7,1,0,0,9,4,0,4,3,4,0,12,1,0,0,0,0,0,0,0,0,1,0,0,0,0,2,0,0,6,2,1,1,1,21,0,2,3,4
1,19,0,0,0,0,0,0,0,4,0,3,3,4,0,1,0,10,2,0,2,0,0,6,0,0,3,0,0,37,0,2,0,14,6,0,1,1,0,0,0,0,2,0,3,57,0,0,0,11,0,0,1,13,0,0,0,0,3,18,1,1,1,0,0,5,42,0,5,1,1,0,0,18,0,0,4,3,1,8,0,15,0,2,0,0,1,0,6,12,1,0,2,0,15,21,0,3,1,2,0,2,26,0,4,0,0,61,0,23,9,10,5,0,3,9,0,6,6,0,2,8,15,0,1,8,6,2,0,3,13,0,0
4,3,21,0,3,5,11,2,3,2,15,5,7,1,1,0,4,1,2,12,6,4,3,1,0,6,8,20,8,3,1,0,20,0,0,8,1,4,1,6,8,10,10,29,2,1,0,1,20,0,0,1,0,0,11,10,18,12,4,0,3,7,21,5,0,1,0,0,0,0,1,6,4,7,8,7,2,2,20,4,5,0,1,24,2,15,1,3,2,0,22,3,1,4,4,4,11,0,0,0,14,9,2,3,4,0,5,2,2,4,0,0,4,8,0,9,18,2,3,0,5,0,2,2,29,2,0,8,39,13,1,5,10
0,26,0,2,0,0,0,0,1,0,0,10,7,9,0,1,1,40,8,0,4,0,1,11,0,0,8,0,0,26,3,4,0,22,12,1,8,1,5,0,0,0,2,1,2,26,1,0,1,29,2,13,0,0,0,4,0,0,12,20,3,1,3,1,4,11,35,0,1,3,0,1,0,21,1,0,13,3,0,5,5,14,0,1,1,0,0,0,17,15,0,0,14,0,17,11,0,11,2,3,0,3,22,0,3,0,0,43,0,12,8,7,33,0,4,11,2,28,22,0,0,14,4,1,2,27,13,0,0,3,28,1,0
0,0,7,2,5,52,35,3,20,0,2,10,0,0,0,0,7,0,0,0,1,33,0,3,1,0,1,22,2,0,0,0,0,0,0,0,0,49,0,45,34,7,0,0,4,0,6,17,5,0,47,0,11,0,0,0,11,15,0,0,1,0,2,47,0,2,0,5,0,0,0,0,0,0,63,0,4,0,6,1,0,0,19,2,15,12,0,117,0,0,26,57,0,7,2,2,7,0,0,0,75,0,0,59,0,47,31,0,30,0,0,0,0,1,0,2,2,0,0,0,1,0,1,5,7,0,0,0,3,23,0,0,32
1,1,5,1,0,4,0,0,3,14,3,28,3,5,6,12,6,10,0,6,16,7,2,9,7,7,8,7,6,0,14,3,1,7,4,9,2,2,0,0,0,1,5,14,5,3,0,0,3,0,0,0,10,4,0,0,16,1,44,0,1,20,10,0,10,0,0,0,0,0,3,6,5,13,0,6,3,12,3,0,6,2,4,3,7,3,4,0,3,6,4,1,20,6,1,12,5,7,18,11,0,8,6,0,2,0,4,2,1,0,0,0,15,4,0,5,14,0,3,0,13,4,16,1,2,25,15,96,1,2,8,3,1
11,10,7,1,15,32,8,16,6,9,3,5,8,4,9,3,1,1,1,5,1,14,15,2,2,12,18,18,21,9,4,17,2,1,1,18,4,5,4,4,4,19,6,8,5,0,1,13,13,1,12,0,18,0,11,16,0,3,13,0,30,4,17,25,4,5,0,3,0,0,6,17,4,4,8,9,5,2,9,0,4,7,2,17,10,23,15,4,0,3,27,2,5,17,3,3,10,0,2,5,8,14,7,5,2,11,7,3,4,3,0,5,1,13,0,3,25,0,1,3,5,3,8,14,17,9,7,9,11,7,5,11,17
2,4,8,6,9,8,0,14,3,4,10,8,4,0,11,2,26,0,0,10,1,13,6,4,6,8,5,19,5,0,0,3,23,0,0,13,4,13,0,6,2,6,1,4,0,2,4,5,0,0,5,0,12,0,15,1,3,0,1,0,1,0,21,3,0,0,2,13,0,0,3,5,1,0,15,4,4,1,8,0,10,0,4,4,12,1,0,3,0,0,11,6,0,7,7,1,15,0,4,16,7,3,0,5,1,5,0,0,6,0,0,0,1,4,0,4,3,0,0,0,10,0,0,12,1,0,0,0,7,7,1,0,3
0,45,8,2,3,0,3,3,2,21,4,48,7,7,2,23,1,12,9,1,17,0,2,7,5,4,12,4,7,4,38,29,2,11,10,9,2,0,5,0,3,5,16,19,21,12,4,1,0,2,2,3,4,12,0,44,13,1,0,25,16,22,4,0,25,9,20,3,1,1,7,11,1,9,2,25,26,28,3,7,2,7,5,9,11,0,11,0,8,8,5,2,13,5,42,11,0,9,29,14,1,23,33,0,21,0,2,17,0,11,0,10,25,4,4,17,13,12,9,0,5,22,24,1,4,33,17,44,5,3,40,4,2
0,5,0,0,0,0,0,7,0,0,0,49,0,6,0,0,0,29,7,0,15,0,1,18,0,0,13,0,0,54,0,12,0,38,8,0,10,0,2,0,0,0,1,0,8,61,0,0,0,19,0,18,0,20,0,0,0,0,25,0,1,1,2,0,0,11,54,2,8,4,0,0,0,33,0,2,30,0,0,7,1,28,0,1,0,0,1,0,13,44,1,0,6,0,6,41,0,2,2,5,0,10,24,0,0,0,0,29,0,8,6,8,25,0,1,1,1,18,35,0,0,22,21,0,0,11,6,0,0,0,17,1,0
3,19,2,0,0,3,1,0,0,6,3,10,12,4,2,0,0,13,3,1,3,0,4,6,0,3,2,3,5,11,10,15,5,16,0,2,1,4,9,0,0,0,29,5,3,5,6,0,4,0,1,1,3,3,1,1,30,1,16,1,0,2,5,1,2,5,10,0,0,0,1,5,2,0,1,8,5,0,14,0,0,0,2,24,6,1,1,0,2,12,12,0,2,2,20,5,0,0,10,5,17,6,9,0,2,0,0,0,0,5,0,2,3,4,1,8,5,0,4,0,6,1,4,4,12,7,1,0,3,5,4,0,5
2,12,9,2,1,5,4,8,1,5,5,29,17,20,7,3,10,6,7,3,13,8,12,5,4,9,8,15,7,8,9,36,2,4,2,9,2,1,5,1,1,6,16,7,11,3,0,3,5,2,0,1,7,1,0,20,4,0,22,1,2,0,14,17,7,1,4,7,0,0,6,4,12,5,0,6,9,5,5,1,8,7,3,23,6,4,2,2,2,0,14,2,6,10,9,5,3,1,9,5,1,21,2,0,14,0,1,0,4,0,0,2,6,10,0,9,12,3,5,0,13,2,8,0,3,2,2,8,13,11,29,11,9
8,8,7,7,28,4,17,28,1,0,6,4,1,1,9,0,5,0,0,5,1,6,10,2,13,6,1,7,16,2,2,18,10,1,1,4,2,7,0,10,7,12,6,4,3,1,22,6,7,0,6,1,21,3,2,10,17,21,4,2,5,14,0,14,0,0,2,6,0,0,3,8,1,25,9,5,6,2,6,0,7,0,7,2,22,34,2,20,0,0,24,23,0,5,3,4,9,0,2,3,33,7,2,4,0,10,7,1,34,0,0,0,1,7,0,3,0,0,0,0,0,0,0,15,11,1,6,2,30,4,4,2,15
2,0,36,9,0,14,15,8,13,0,15,4,2,2,9,0,33,5,4,1,6,17,1,2,6,3,7,19,0,0,1,22,0,6,0,5,1,26,27,12,7,8,10,4,2,3,6,8,12,0,28,0,5,1,47,0,25,3,0,0,1,17,14,0,0,2,5,5,0,0,2,32,2,0,14,0,0,0,24,0,0,1,20,9,6,5,0,3,0,0,25,5,0,8,2,6,7,0,10,3,10,6,2,1,1,3,5,1,0,0,0,0,0,2,0,2,2,1,1,0,3,2,3,4,1,2,1,1,15,1,4,0,23
0,0,0,0,1,0,0,1,0,9,0,5,7,6,1,52,0,0,9,0,6,0,1,3,1,2,3,2,0,1,40,0,0,3,1,3,1,1,1,0,0,0,1,2,0,6,0,0,0,5,0,0,0,4,0,10,4,0,25,0,2,7,0,0,0,1,6,0,0,0,3,1,2,21,1,12,4,69,0,0,2,0,1,2,5,0,34,0,0,0,1,0,4,1,11,4,0,2,31,8,0,1,15,0,2,0,0,0,0,8,0,0,22,6,0,10,96,0,0,0,6,11,2,1,0,17,8,6,0,0,6,1,0
3,20,3,0,0,0,1,0,0,2,3,16,5,16,0,1,2,13,5,2,5,0,0,0,0,5,6,1,1,25,2,1,2,12,10,1,10,3,8,0,0,0,3,6,8,15,0,0,1,1,2,5,1,11,2,0,5,0,9,11,5,1,0,2,1,0,14,0,10,7,1,4,0,33,2,2,6,4,5,10,5,5,1,2,0,0,6,0,9,28,7,0,13,0,26,6,1,6,14,8,0,5,12,0,0,0,0,19,6,23,12,19,16,1,15,11,5,5,17,0,0,8,17,0,0,8,13,2,0,1,4,2,1
0,20,3,0,2,0,0,1,0,5,0,16,16,24,0,8,0,45,8,0,17,2,1,60,0,2,11,3,11,89,8,4,3,32,22,1,23,2,17,0,2,1,6,0,16,148,7,0,0,18,2,42,0,35,0,0,0,2,20,54,10,4,2,5,6,14,0,4,30,27,5,4,1,33,4,2,40,0,4,29,3,33,2,1,0,0,8,0,22,53,2,0,19,2,49,49,0,14,9,5,4,4,59,0,4,0,0,125,0,23,24,22,68,0,27,23,9,21,38,0,5,15,16,0,0,6,12,4,1,0,22,0,1
9,13,20,2,0,1,1,10,5,3,8,5,0,0,0,0,4,2,0,1,0,7,3,3,0,1,0,1,11,1,1,6,9,0,0,6,5,0,0,2,1,7,0,5,4,0,22,3,4,0,8,0,0,0,5,0,3,13,3,2,0,7,6,5,0,0,4,0,0,0,0,15,9,0,9,0,0,0,5,0,6,0,1,0,4,5,0,9,0,0,26,1,0,5,4,1,3,0,1,2,0,24,3,0,0,0,2,0,0,3,0,1,0,0,0,2,0,0,0,0,1,1,0,24,6,2,1,0,8,0,2,0,5
0,0,0,0,0,0,0,0,0,0,0,7,0,13,0,0,0,15,20,0,1,0,0,2,0,0,9,0,0,13,0,0,0,5,24,0,5,0,3,0,0,0,0,0,9,22,0,0,0,4,0,5,0,1,0,0,0,0,1,8,0,0,0,0,0,10,30,0,0,0,0,0,0,26,0,0,8,0,0,0,0,8,0,0,0,0,0,0,24,17,0,0,21,0,1,6,0,10,2,18,0,0,25,0,2,0,0,37,0,8,14,16,7,0,5,5,0,4,15,0,0,10,22,0,0,0,24,0,0,0,32,0,0
0,0,0,0,0,0,0,0,0,0,0,1,0,0,0,0,0,5,0,0,6,0,0,1,0,0,0,0,0,21,0,0,0,11,2,0,0,0,7,0,0,0,0,0,0,39,0,0,0,4,0,1,0,3,0,0,0,0,1,4,0,0,0,0,0,7,27,0,0,0,0,0,0,8,0,0,1,0,0,2,0,3,0,0,0,0,0,0,3,0,0,0,1,0,0,6,0,0,0,2,0,0,15,0,0,0,0,72,0,18,0,0,21,0,0,1,0,1,0,0,0,0,2,0,0,0,0,0,0,0,0,0,0
2,9,1,1,0,0,2,11,0,15,1,8,8,4,2,5,0,9,0,19,1,2,7,6,2,2,8,5,2,3,7,0,1,3,5,8,3,4,1,0,1,2,9,1,0,5,0,0,0,3,2,1,1,0,0,3,6,3,7,0,1,6,3,2,3,1,5,0,0,0,0,1,10,7,0,10,4,14,2,10,14,0,5,4,7,1,13,1,0,2,1,0,6,19,3,1,2,0,2,8,0,1,8,0,7,1,0,0,1,3,0,1,5,10,0,6,57,0,5,2,11,4,1,5,0,9,1,7,0,4,7,3,4
1,4,29,3,0,8,4,11,5,6,4,2,0,2,5,0,14,3,0,2,2,4,8,1,0,1,8,19,12,0,5,26,5,1,0,13,2,0,0,1,6,11,1,12,10,3,4,3,10,1,9,0,6,1,0,6,17,5,11,0,5,4,8,32,1,4,4,15,0,0,1,0,6,5,1,3,2,1,8,0,7,0,6,7,15,4,2,1,1,0,5,0,1,6,4,1,1,0,6,4,0,5,2,1,4,7,3,0,0,2,0,0,0,4,0,5,7,0,0,0,11,0,5,4,9,1,3,5,8,7,2,7,2
0,1,2,3,2,0,0,4,1,6,2,4,3,0,0,2,1,6,1,74,3,2,11,3,3,11,14,8,7,0,3,4,1,2,0,14,1,1,0,2,3,5,2,3,1,0,3,3,7,2,2,0,4,0,0,5,4,1,1,0,2,12,1,2,2,0,1,9,0,0,10,6,0,0,3,12,3,6,1,0,23,0,4,9,18,1,7,0,1,0,7,1,0,24,8,6,9,0,4,3,0,3,1,1,5,0,2,0,0,3,0,0,11,14,0,10,9,0,0,50,25,0,1,2,0,6,6,13,2,4,5,2,1
0,25,0,0,1,0,1,2,0,6,1,23,7,21,1,10,0,44,25,1,18,2,2,51,0,9,11,2,5,29,10,0,1,41,9,1,5,0,16,0,0,2,13,1,8,44,1,0,0,20,0,18,7,21,0,13,4,0,9,33,0,5,25,0,21,33,33,0,26,8,7,5,0,0,0,6,7,19,2,23,4,26,2,1,2,0,18,0,22,21,0,0,18,2,40,26,0,9,12,13,0,5,56,0,4,0,0,64,9,4,41,36,32,1,4,17,23,11,48,0,4,17,37,1,0,10,8,5,0,0,32,6,8
1,5,15,9,7,8,3,9,28,0,12,2,1,1,7,0,4,0,1,6,0,15,0,2,4,0,1,8,0,0,4,4,0,3,0,4,1,11,1,20,4,8,3,7,1,0,30,10,11,0,12,0,8,1,63,0,8,15,2,0,1,0,9,14,1,2,4,9,0,0,0,1,3,0,0,1,0,1,18,0,1,0,2,3,5,17,0,10,0,0,3,27,0,2,6,0,2,0,1,2,26,1,2,13,0,3,9,0,10,0,0,1,0,3,0,0,6,0,0,7,0,0,0,0,3,1,0,1,12,3,0,1,12
0,2,1,1,2,2,2,2,0,29,9,15,3,7,1,15,0,2,7,3,10,2,18,9,4,1,12,5,12,1,8,0,1,6,0,0,13,1,9,1,0,2,3,14,0,1,0,1,2,3,0,0,7,0,0,6,9,4,25,2,8,6,5,0,12,2,2,0,0,0,10,3,12,6,1,0,6,25,4,0,12,1,1,5,9,2,17,1,2,3,10,1,3,1,2,6,0,2,7,14,1,5,7,0,7,4,0,1,2,0,0,2,3,8,0,6,34,0,1,0,14,10,0,3,2,10,4,15,0,9,0,9,0
0,40,5,1,0,2,4,2,0,5,2,23,11,3,2,3,3,9,7,0,7,1,3,43,2,3,14,3,0,16,8,6,0,7,16,2,6,0,5,2,2,0,6,3,11,23,4,0,3,9,2,4,2,13,4,3,5,4,26,30,5,9,6,0,4,6,40,0,8,1,4,2,3,7,0,6,0,4,2,1,5,8,3,4,3,1,5,2,25,9,9,1,4,4,30,20,3,2,15,9,0,11,18,0,4,7,0,39,1,6,12,9,7,2,2,10,6,6,17,0,0,14,13,2,3,10,22,4,2,1,14,0,1
0,0,0,1,2,0,0,1,0,19,0,27,5,9,2,34,2,0,10,1,1,1,2,6,4,6,13,6,4,14,39,0,0,9,2,3,0,1,4,0,1,0,4,3,0,2,1,0,5,1,0,3,2,3,0,12,2,1,28,0,0,5,2,0,69,4,0,0,0,0,14,1,6,19,1,25,4,0,1,0,3,4,0,3,5,0,28,0,5,0,1,0,11,5,2,2,0,3,36,1,0,1,6,0,1,1,0,1,0,9,0,0,14,9,0,17,91,0,1,0,6,30,1,0,1,10,4,18,1,0,6,1,2
6,0,19,9,4,16,11,22,14,4,18,4,4,2,37,0,21,2,2,1,3,13,2,1,4,10,6,14,10,2,0,17,16,0,0,5,3,14,0,6,5,3,1,13,1,0,0,32,10,0,30,1,20,0,6,3,9,8,3,0,14,5,6,24,0,5,4,5,0,0,2,8,1,2,18,4,2,1,0,0,1,2,6,3,10,0,3,1,0,2,11,6,2,3,8,0,0,0,0,3,5,1,2,0,6,1,5,0,0,0,0,0,2,1,0,5,4,0,2,0,7,1,7,4,1,1,1,1,4,21,1,14,12
1,0,1,0,0,0,0,13,0,0,0,7,2,4,1,0,0,9,2,0,13,0,3,3,1,1,7,0,3,14,2,2,0,8,2,0,1,0,1,0,0,1,3,0,1,21,1,0,0,2,1,8,4,5,1,0,0,0,7,7,0,1,0,0,0,10,29,0,0,2,10,0,0,23,0,0,1,0,0,0,1,2,0,1,0,4,7,1,3,9,2,2,3,0,13,3,0,2,3,2,5,11,4,0,1,0,0,31,0,3,6,0,1,1,3,0,4,2,7,0,1,1,2,2,0,4,8,2,0,0,5,2,3
3,14,1,10,4,1,3,26,1,6,3,9,6,0,20,2,9,0,0,50,9,1,20,3,15,5,8,16,7,1,13,12,1,1,8,9,7,3,4,1,4,10,4,7,5,1,4,17,2,0,18,0,5,5,0,6,4,10,2,1,0,8,7,0,2,5,3,6,0,0,14,7,23,4,1,12,5,3,1,1,0,4,10,7,19,8,7,2,0,2,6,1,3,8,3,1,13,0,16,7,0,34,4,1,18,2,2,3,0,11,0,1,0,13,0,9,13,0,4,3,26,1,1,15,8,8,3,10,6,13,7,10,12
0,6,1,0,2,0,0,1,0,1,1,9,3,9,0,1,4,22,7,0,9,4,0,5,2,6,8,1,0,18,0,0,0,13,9,3,2,0,1,0,0,1,1,1,11,41,0,0,1,5,0,15,0,14,0,2,7,0,7,28,0,7,0,1,0,5,33,0,8,3,0,0,0,26,0,1,8,4,2,2,4,0,3,2,0,3,0,0,6,7,2,0,9,1,7,16,0,1,9,22,0,6,16,0,8,0,0,31,0,2,12,4,24,2,3,8,0,28,18,1,2,13,7,2,1,6,13,1,1,0,11,0,0
9,8,3,2,2,12,2,5,8,1,8,4,0,1,2,2,1,0,0,6,0,19,4,0,11,7,1,30,1,0,2,4,2,6,0,8,0,20,1,19,6,1,0,0,0,2,1,8,6,2,10,0,1,0,19,4,2,4,5,0,2,3,7,20,1,1,2,1,0,0,5,6,4,2,2,1,3,0,6,0,10,3,0,6,6,6,1,4,0,0,4,7,0,3,2,1,7,0,6,2,5,6,1,11,1,4,8,1,2,2,0,0,1,3,0,4,10,0,0,1,4,0,1,2,2,3,0,3,10,6,3,0,20
0,9,17,1,1,1,1,5,0,2,12,2,12,1,2,0,12,11,0,0,7,0,9,8,2,12,6,2,10,9,3,44,0,1,0,8,1,2,1,0,0,1,22,5,2,3,1,0,10,0,7,2,24,1,2,3,17,4,9,1,24,23,2,9,2,2,1,0,0,0,4,7,9,1,3,5,4,3,3,1,7,2,6,0,4,0,0,1,1,0,9,0,3,2,12,9,0,0,12,3,1,9,7,0,11,0,1,1,0,14,0,1,3,4,0,2,6,0,5,0,3,2,3,8,5,5,7,2,2,6,4,0,5
4,4,3,12,0,16,6,6,10,4,13,5,8,2,7,2,17,0,2,36,3,18,14,4,9,23,6,19,3,0,4,10,4,0,1,14,8,13,2,0,3,23,3,5,1,2,8,3,16,0,10,0,2,1,15,7,10,12,11,0,6,6,22,6,5,0,0,4,0,0,7,15,18,2,5,9,3,5,10,0,19,0,6,4,0,3,2,4,1,0,5,1,2,14,2,2,2,0,2,4,1,7,4,7,2,0,12,0,9,1,0,2,0,5,2,3,24,0,2,25,15,2,1,14,3,7,1,8,14,27,1,6,4
0,4,7,12,2,12,3,6,5,0,5,1,3,0,7,0,4,0,0,10,3,18,4,2,29,1,3,18,2,1,3,1,3,0,0,3,2,3,2,7,12,3,3,2,0,0,13,6,4,0,0,0,15,0,12,3,23,1,0,0,1,4,34,5,0,0,0,5,0,0,1,4,1,0,17,2,1,0,0,4,8,3,6,0,3,0,0,2,0,3,5,9,0,4,0,0,26,0,0,0,5,1,0,5,4,12,3,0,1,3,0,0,0,1,0,1,16,0,0,3,8,0,0,6,7,3,0,1,12,8,3,3,12
0,0,0,0,0,0,1,2,0,32,4,14,3,7,3,14,1,1,9,6,2,0,3,1,1,3,12,6,4,0,20,0,1,3,0,5,1,0,0,0,2,3,7,10,3,2,1,1,0,0,1,1,1,0,0,4,15,0,11,1,1,2,2,0,34,6,8,0,0,0,13,2,7,18,0,17,5,28,3,7,7,0,1,0,2,0,0,2,0,1,2,0,2,3,1,3,0,2,20,4,0,0,8,3,0,2,0,1,1,2,0,1,5,8,1,8,46,0,1,1,8,13,5,1,1,15,3,15,0,0,3,3,0
31,4,9,21,2,8,15,1,9,0,7,4,1,0,0,0,14,0,0,2,0,1,5,0,2,5,0,11,9,0,2,5,7,0,0,3,0,17,3,24,15,9,2,2,0,0,26,10,19,0,3,0,3,0,117,0,4,3,0,0,0,2,20,3,0,0,0,9,0,0,1,1,0,0,10,1,2,0,1,1,2,0,4,1,4,2,2,0,0,0,11,15,0,6,0,0,4,0,0,0,33,0,0,30,0,6,0,0,15,1,0,0,1,0,0,0,2,0,0,0,1,0,2,2,0,1,0,1,9,7,0,0,6
0,23,1,0,0,0,0,2,0,0,1,15,5,16,0,3,1,27,8,0,14,0,2,6,4,1,5,1,1,22,7,1,0,23,18,0,4,2,3,0,0,0,10,0,11,14,0,1,0,9,0,6,2,17,0,3,0,0,8,13,2,2,0,0,0,9,22,0,24,3,0,1,1,22,0,2,25,5,0,3,0,6,0,1,1,0,0,0,0,13,1,0,5,0,4,12,0,5,5,1,0,3,19,0,4,0,0,11,1,11,23,11,7,0,2,10,1,6,16,0,0,10,19,1,0,27,3,2,1,0,17,3,1
0,14,2,0,0,0,2,1,0,1,1,20,12,3,0,2,0,23,3,0,6,1,2,12,0,0,2,0,2,56,10,0,2,24,18,0,11,0,2,0,0,0,1,0,18,48,0,0,0,7,0,12,0,15,0,6,3,0,8,44,12,0,0,0,0,28,53,0,17,0,2,0,0,21,0,3,9,0,2,9,2,7,0,0,0,3,1,0,13,0,4,0,11,0,7,17,0,8,3,10,0,3,27,0,7,0,0,81,0,18,8,19,15,2,2,9,2,17,21,0,0,9,17,1,1,50,9,4,1,10,7,1,1
10,6,26,10,4,6,17,26,12,5,22,6,14,1,2,0,10,3,0,2,1,4,12,2,3,8,1,6,14,1,1,20,12,0,1,2,3,8,0,10,6,5,5,2,7,6,47,8,7,0,25,1,22,0,26,4,27,11,5,1,12,14,24,25,1,7,2,26,0,0,1,5,7,0,3,10,9,1,11,2,6,2,4,9,5,5,2,11,1,4,0,0,1,4,8,2,13,0,0,6,2,5,8,13,5,1,12,0,19,7,0,2,0,5,0,6,13,2,1,0,14,0,1,22,13,2,4,1,10,3,5,3,20
3,2,0,1,7,10,0,8,2,0,2,5,3,0,3,0,11,3,0,1,0,14,0,2,0,4,0,6,5,0,0,0,2,1,0,0,0,8,0,9,4,0,1,0,0,0,19,3,0,0,0,0,3,0,57,1,2,6,2,0,0,2,23,5,0,0,0,1,0,0,0,0,1,0,27,1,1,0,6,2,1,0,7,0,1,9,0,15,0,0,0,0,0,2,0,0,14,0,1,0,20,0,0,8,0,13,3,0,21,2,0,3,0,1,0,0,1,0,0,0,0,0,0,0,0,3,0,0,0,11,0,2,3
0,13,0,0,0,0,0,0,0,5,1,10,4,10,0,10,2,12,7,0,10,0,0,8,0,1,9,0,1,24,11,6,0,15,6,3,12,0,7,0,0,0,8,2,4,12,0,0,2,8,0,2,1,14,0,20,5,0,13,6,2,6,0,0,4,13,19,0,21,1,6,1,0,18,0,3,4,11,2,3,3,9,0,3,2,0,2,0,5,11,1,0,0,3,3,4,0,4,6,1,0,13,7,0,15,0,0,25,0,13,11,3,2,2,1,5,10,0,15,0,0,10,18,1,0,13,12,9,0,0,14,5,0
6,0,3,3,2,5,15,19,3,1,11,7,6,0,28,0,27,0,1,13,1,13,4,3,2,17,7,29,6,1,1,5,8,0,0,22,3,10,2,3,4,2,13,1,2,0,4,9,11,0,4,0,4,0,7,6,17,7,5,0,2,10,5,8,1,0,2,5,0,0,19,6,24,2,2,1,4,5,3,0,8,1,3,2,14,4,3,6,0,0,4,2,3,0,0,2,1,0,0,0,1,4,1,2,1,4,2,0,2,0,0,0,2,11,4,4,31,0,1,5,24,4,0,4,6,9,6,11,9,11,3,2,15
2,37,18,0,1,2,6,8,0,2,0,20,2,2,3,2,5,22,2,1,8,0,3,13,0,0,4,2,1,56,14,45,2,30,1,0,2,2,5,1,0,1,3,2,2,31,18,0,5,5,7,15,4,17,2,1,3,7,42,6,20,9,3,2,11,26,49,4,1,0,3,4,8,40,6,2,30,2,8,13,3,7,2,12,2,0,1,0,4,7,8,0,3,0,0,25,0,2,29,12,0,3,58,0,6,2,2,64,1,0,9,2,6,4,4,2,4,3,17,0,3,5,15,0,4,4,8,1,5,3,12,0,0
0,13,5,0,1,0,0,1,0,5,2,40,2,7,0,5,0,30,4,1,18,0,5,10,2,0,11,2,1,30,0,5,4,27,4,2,2,2,10,0,0,1,15,2,5,49,0,0,5,12,1,21,4,11,2,12,3,1,11,41,5,5,4,6,4,6,49,1,6,6,1,1,6,26,0,6,20,2,0,3,1,16,1,9,2,0,3,0,12,17,2,0,4,2,25,0,0,5,9,11,0,15,41,0,6,0,1,25,0,4,19,9,36,1,8,13,1,20,25,0,2,12,71,1,8,3,15,8,2,2,11,6,4
1,7,4,11,0,14,7,13,5,1,29,1,2,0,3,3,6,0,0,3,0,10,10,1,43,0,3,18,4,0,1,0,2,1,0,1,5,18,2,14,17,4,2,1,14,0,4,0,13,0,0,0,11,0,7,5,10,15,0,0,0,3,9,7,0,1,0,3,0,0,2,1,9,0,2,0,3,0,0,0,13,0,7,0,2,26,0,4,0,0,13,14,0,1,0,0,0,0,0,1,8,6,2,4,3,9,20,1,0,0,0,0,0,1,0,5,3,0,0,1,5,0,0,10,3,6,0,0,34,2,0,1,4
0,0,1,0,0,0,0,0,0,0,0,5,1,9,0,1,0,4,7,0,12,0,0,0,3,0,3,0,1,11,1,0,0,4,2,0,1,0,0,0,0,1,1,0,8,14,0,0,0,2,0,3,0,11,0,7,0,0,9,2,0,1,0,0,2,6,14,0,10,0,0,0,0,9,0,2,2,3,0,2,0,1,0,0,0,0,2,0,5,8,0,0,4,0,2,5,0,0,6,7,0,0,5,0,0,0,2,3,0,0,16,14,5,1,0,4,6,2,9,1,1,3,6,0,0,4,2,6,0,0,10,4,0
0,20,3,1,1,0,0,1,0,5,5,5,1,2,4,29,7,12,2,1,13,1,6,7,2,17,3,1,1,0,13,20,0,13,11,4,4,1,4,2,0,0,0,9,2,4,1,1,5,2,9,1,0,2,0,18,2,4,29,2,10,9,2,10,31,14,9,1,2,0,2,6,4,12,1,7,15,36,0,3,16,9,6,12,2,0,20,0,5,3,0,1,6,0,29,9,0,6,0,20,0,18,5,0,5,0,0,1,0,1,0,2,22,1,0,20,26,1,5,0,5,12,7,8,21,15,7,4,3,0,4,1,1
0,16,12,2,0,1,2,6,0,2,0,10,18,11,7,2,2,13,14,1,9,1,16,5,2,3,17,10,2,15,6,12,0,3,5,2,3,11,10,0,0,1,3,17,7,8,0,3,1,4,4,2,0,3,0,11,5,16,14,5,5,5,3,3,8,8,5,2,18,2,8,4,3,13,2,14,9,1,3,2,7,22,2,3,4,0,4,0,1,10,6,0,1,0,12,11,1,7,20,0,6,8,8,0,0,1,2,6,0,15,8,6,9,6,0,14,34,3,10,0,3,7,6,3,6,19,6,6,3,7,12,5,3
0,4,0,4,1,7,13,0,11,0,5,4,1,0,0,0,0,0,0,4,0,0,2,0,3,0,1,11,7,4,1,0,7,2,0,5,0,13,5,12,10,4,0,0,0,0,0,0,2,0,0,0,14,0,75,0,8,7,1,0,17,1,33,10,0,0,4,0,0,0,0,0,0,0,26,1,0,0,5,5,0,0,5,1,1,5,0,33,0,0,2,20,0,1,0,0,8,0,0,6,0,0,0,10,5,11,3,0,5,1,0,0,0,0,0,10,29,0,1,0,7,0,0,9,1,1,1,0,0,9,2,0,26
0,9,6,2,11,1,1,3,0,6,9,24,11,2,6,0,13,8,4,2,21,1,14,3,3,3,14,6,3,9,18,27,11,8,3,5,3,2,5,2,6,7,20,1,6,4,5,1,10,0,4,2,9,3,0,8,14,3,23,10,6,21,7,6,1,5,4,24,0,0,1,5,3,5,1,5,11,1,1,11,34,6,6,9,7,1,0,0,3,3,5,0,13,4,3,15,6,0,18,8,0,0,21,0,7,1,2,2,0,11,0,2,5,3,1,3,5,4,10,0,11,2,15,12,17,22,10,4,10,2,1,10,2
0,46,8,0,0,0,0,1,0,8,1,25,13,11,0,9,0,8,9,1,17,1,3,38,1,0,3,1,4,39,4,6,1,21,8,0,7,2,10,0,0,0,8,4,4,74,0,0,2,14,3,26,2,22,0,6,7,0,33,24,9,2,2,2,15,12,59,3,25,15,8,2,1,56,2,7,18,6,2,4,4,16,1,7,4,0,8,0,19,27,8,0,7,1,58,41,2,5,5,8,0,21,0,0,4,0,0,71,0,35,11,11,19,2,7,16,3,14,17,0,1,11,16,1,4,27,13,7,0,1,14,0,0
2,0,1,15,0,4,0,1,3,1,1,0,0,0,2,0,6,0,0,0,0,2,0,0,0,0,0,4,6,0,0,0,3,0,0,0,0,0,0,9,16,7,0,0,4,0,14,6,2,0,4,0,3,0,59,0,5,5,0,0,0,0,4,1,0,0,0,0,0,0,0,1,1,0,13,0,0,0,0,0,1,0,11,0,7,5,3,30,0,0,13,8,0,2,0,0,4,0,0,0,10,0,0,0,2,4,5,0,6,0,0,0,0,0,0,0,1,0,0,0,1,0,0,2,3,0,0,0,8,2,1,0,9
0,11,9,0,1,6,0,10,0,13,5,10,8,12,4,4,2,13,1,5,4,0,16,3,2,0,10,0,5,9,11,4,2,5,5,5,5,0,1,0,0,3,7,7,12,3,0,0,6,1,0,4,4,3,0,2,2,1,21,0,2,14,0,1,2,0,4,0,2,0,7,4,5,4,0,7,4,1,6,1,18,8,1,11,2,4,0,0,4,7,5,0,15,1,6,6,3,0,5,0,5,7,4,2,0,0,0,2,1,9,2,3,3,4,1,4,11,5,11,0,0,6,7,13,2,21,8,5,0,1,6,1,1
0,1,0,6,0,12,3,3,16,0,0,2,0,0,3,0,0,0,0,0,0,8,1,1,16,2,0,7,7,1,1,4,1,0,0,2,1,1,2,12,21,1,0,0,1,0,7,0,7,0,12,0,0,0,47,0,11,5,0,0,0,0,10,3,0,0,0,0,0,0,1,7,0,0,3,4,7,1,1,0,2,0,4,0,0,12,2,6,0,0,1,13,0,4,2,0,9,0,0,1,11,1,0,4,0,0,10,0,13,0,0,0,0,2,0,0,1,0,0,2,4,0,0,11,0,1,0,2,0,8,1,3,7
4,0,0,2,4,7,19,9,3,0,2,1,0,2,6,0,12,0,0,1,0,6,2,0,4,3,2,8,0,1,0,1,4,0,0,1,0,11,1,2,24,2,1,1,6,0,0,4,7,0,1,0,5,0,31,4,7,0,2,0,0,1,7,5,0,0,0,2,0,0,0,3,2,0,9,0,0,0,5,0,2,0,8,1,12,3,0,0,0,0,12,3,0,2,2,1,20,2,0,2,3,2,0,5,0,10,0,1,13,0,0,1,0,1,0,0,0,0,0,0,3,0,0,2,4,0,2,2,3,5,0,6,4
0,13,0,0,0,0,0,2,0,2,0,18,3,9,0,0,0,47,9,1,27,0,0,34,0,0,5,1,0,55,0,0,0,59,17,0,6,0,25,0,0,0,0,2,21,180,0,0,0,24,0,61,2,43,0,2,3,0,17,29,0,0,1,1,0,19,125,0,37,72,0,0,0,64,0,1,39,1,0,31,3,31,1,1,0,0,1,0,11,81,0,0,25,0,64,25,1,3,1,6,0,2,71,0,2,0,1,0,0,14,43,27,63,0,26,8,0,40,30,0,0,21,24,0,0,1,16,2,1,0,20,0,1
21,0,1,0,14,16,41,4,18,0,0,10,0,0,7,0,8,0,0,0,0,13,1,1,0,3,12,10,3,0,0,0,0,0,0,0,0,2,0,9,1,9,1,0,0,0,31,5,0,1,0,0,2,0,30,1,4,6,0,0,0,4,34,0,0,6,0,0,0,0,1,0,0,9,10,2,1,0,0,0,0,0,2,0,9,1,1,15,1,0,19,21,0,2,1,0,0,0,0,0,5,0,0,6,1,13,13,0,0,0,0,0,0,1,0,0,8,0,0,0,2,0,0,0,6,0,0,1,7,4,0,1,15
0,36,0,0,0,0,0,2,0,2,11,33,22,0,1,3,0,8,0,0,8,1,12,24,0,7,2,3,10,37,32,7,0,16,9,0,19,0,17,0,0,2,18,1,7,18,0,1,7,1,0,23,4,12,0,0,3,0,11,8,5,0,0,0,8,23,23,3,8,18,3,2,3,4,0,0,6,9,0,3,11,2,2,14,1,3,2,1,11,18,7,2,13,0,0,4,0,0,1,15,1,11,35,0,9,0,0,14,0,0,3,4,31,14,2,9,6,23,30,0,5,4,30,17,1,12,2,4,0,4,14,14,0
0,0,0,0,0,0,0,0,0,0,0,11,0,8,0,0,0,19,18,0,7,0,0,1,0,0,4,0,0,17,0,0,0,23,12,0,10,0,9,0,0,0,0,0,6,51,0,0,0,12,0,9,0,8,0,0,0,0,0,6,0,0,0,0,0,12,24,0,14,0,0,0,0,41,0,0,12,0,0,6,0,12,0,0,0,0,0,0,23,8,0,0,11,0,9,19,0,16,0,8,0,0,11,0,2,0,0,43,0,3,0,1,6,0,7,15,0,11,31,0,0,9,20,0,0,0,8,0,0,0,33,0,0
0,5,0,0,0,0,0,0,0,5,0,19,2,7,1,3,0,9,8,0,22,0,1,7,0,0,9,0,0,37,8,1,0,12,3,0,3,0,1,0,0,9,1,0,4,32,0,0,1,3,0,10,0,7,0,0,5,0,10,8,2,2,0,0,0,19,22,1,16,0,1,0,0,36,1,2,9,0,0,0,1,4,0,1,2,0,1,0,11,19,2,3,3,0,2,9,0,14,2,6,0,2,11,0,3,0,1,27,0,4,1,0,6,1,2,4,3,12,8,0,0,12,13,0,0,11,15,4,0,0,14,0,1
0,13,3,1,0,0,1,1,0,10,4,22,8,2,0,6,2,39,5,2,13,0,7,24,1,0,9,0,0,21,8,8,0,21,12,1,4,1,8,0,0,2,8,3,16,63,0,0,1,9,0,5,4,33,0,15,1,1,25,25,3,6,1,0,22,16,68,0,7,21,5,0,11,32,0,3,7,14,2,1,0,24,1,3,0,0,5,1,7,15,0,0,2,2,6,36,0,5,22,9,0,5,19,0,3,0,0,63,0,31,6,6,0,4,6,11,14,6,28,0,2,47,52,0,16,25,17,8,1,0,15,2,0
1,3,5,2,1,8,0,16,0,15,3,4,8,7,2,7,3,1,2,18,2,2,21,2,8,5,8,6,5,3,8,12,1,2,3,9,5,3,0,0,0,2,15,4,7,4,0,1,4,0,0,0,8,0,1,4,13,4,4,0,4,10,7,2,6,1,0,0,0,0,10,4,14,1,3,8,2,9,1,1,13,2,3,4,5,1,8,0,0,2,5,1,2,11,4,1,1,1,1,6,0,3,2,0,4,2,1,0,1,14,0,1,4,0,0,11,28,0,1,2,12,3,1,1,1,9,3,5,8,4,2,3,3
0,3,0,0,0,0,0,0,0,1,0,15,0,6,0,0,0,9,0,0,2,1,0,6,0,0,3,0,0,10,1,0,0,2,0,0,5,1,0,0,0,0,0,0,1,29,0,0,0,2,0,3,0,4,0,0,0,0,4,1,1,0,0,0,0,15,27,0,5,0,0,0,0,4,0,0,2,0,0,3,0,3,0,0,2,0,1,0,2,2,0,0,1,4,4,8,0,0,0,0,0,1,7,0,1,0,0,26,0,2,7,2,6,0,0,0,0,0,1,0,0,0,0,0,0,0,0,0,0,0,1,0,0
1,12,3,2,2,1,2,3,0,5,10,14,10,7,7,19,4,17,14,44,23,1,2,10,3,8,5,7,3,37,10,10,4,14,12,15,9,7,9,1,0,3,17,12,10,13,1,1,3,5,1,9,9,11,2,5,3,4,17,1,8,9,3,2,10,11,23,2,5,1,6,5,10,17,0,6,10,17,5,0,9,8,4,2,3,1,8,0,10,9,6,0,5,4,2,13,5,4,20,14,10,3,16,0,4,0,0,8,0,9,15,4,11,11,0,0,7,11,30,7,8,20,9,7,3,5,21,7,1,5,14,2,11
0,1,0,1,5,4,3,12,2,79,6,14,49,6,29,46,6,1,12,7,3,4,15,13,17,44,24,31,34,7,27,9,7,1,0,33,6,4,0,1,1,9,11,12,3,0,10,2,6,0,0,0,18,2,2,14,25,3,13,1,5,12,0,2,96,5,9,0,0,0,57,7,9,23,6,34,6,91,4,4,13,0,10,6,24,16,46,2,1,2,13,1,10,31,4,1,3,6,26,34,29,5,3,1,11,1,0,0,8,6,0,3,14,28,0,7,0,0,0,0,58,11,0,7,4,40,4,23,7,4,5,15,18
0,5,0,0,0,0,0,1,0,0,0,10,1,11,0,0,2,32,6,0,1,0,0,13,0,0,11,0,0,21,5,1,0,9,3,1,2,0,0,0,0,0,5,0,6,43,1,0,0,2,0,6,2,28,0,0,0,0,12,18,0,3,0,1,0,5,21,0,4,1,0,0,0,11,0,0,6,0,0,2,0,28,0,0,0,0,0,0,6,17,2,0,0,0,3,20,0,2,1,3,0,4,14,0,5,0,0,40,0,23,11,12,6,0,0,11,0,0,12,0,0,13,7,0,0,0,4,0,1,0,6,0,0
0,8,0,0,0,1,3,1,0,0,7,12,11,13,0,0,0,45,12,0,6,0,5,18,1,3,2,4,4,42,5,4,0,15,9,2,9,2,13,0,0,1,11,0,10,37,5,0,5,28,0,6,3,22,0,3,1,0,9,35,4,5,0,1,0,17,38,0,15,0,5,0,0,48,0,1,17,1,2,7,4,18,0,5,2,0,1,0,16,21,1,0,15,1,17,25,0,9,5,10,1,10,17,0,11,0,0,30,0,30,31,8,28,1,1,30,0,12,0,0,1,23,10,2,12,11,18,5,0,4,35,2,0
0,0,0,1,0,0,0,0,6,0,0,0,0,0,1,2,0,0,0,209,0,0,8,0,0,4,2,0,0,0,1,0,0,0,0,1,2,1,0,0,0,5,0,0,2,0,0,3,3,0,0,0,0,0,0,0,3,0,0,0,0,0,0,0,0,0,0,0,0,0,2,0,50,0,7,0,0,0,0,0,3,1,1,0,25,3,1,0,0,0,0,0,0,5,0,0,1,1,0,0,0,0,0,0,0,2,0,0,0,0,0,0,0,2,0,7,0,0,0,0,32,0,0,0,0,0,7,0,0,0,5,0,0
17,1,11,10,0,9,1,18,1,11,3,5,9,3,12,5,11,0,3,55,4,21,6,6,12,10,4,32,9,4,12,2,5,2,0,3,4,6,3,0,4,19,4,8,2,0,0,2,6,1,2,2,5,0,1,13,5,10,5,0,6,13,0,3,6,0,5,1,0,0,11,11,25,4,0,14,0,6,7,1,26,2,4,3,15,8,8,1,0,0,14,0,0,24,3,2,5,1,5,3,7,11,1,1,0,4,3,0,2,5,0,0,2,12,0,8,58,0,1,32,0,3,9,3,7,12,3,15,1,8,5,2,12
0,6,0,0,0,0,0,3,0,7,0,23,1,10,3,9,5,35,10,2,25,0,0,6,1,3,10,1,1,22,13,2,0,2,7,1,1,1,3,2,0,2,6,2,13,23,1,1,0,16,0,8,0,14,0,4,3,0,22,22,1,2,0,2,11,8,15,1,10,0,4,0,0,17,0,10,14,30,1,1,1,13,0,2,2,0,13,0,10,9,0,0,10,4,5,12,0,3,12,7,0,2,11,0,6,0,0,21,0,4,9,12,47,3,0,20,11,13,23,0,3,0,9,0,4,12,14,4,3,0,21,0,0
0,20,4,2,0,1,1,3,1,3,2,16,5,6,5,0,8,23,5,2,6,2,2,5,1,0,6,0,1,21,5,12,1,12,15,0,1,2,1,0,1,1,6,3,9,16,0,0,4,7,0,15,2,4,1,16,8,0,24,21,4,8,0,3,2,17,16,0,22,2,1,5,1,37,0,0,13,1,7,2,1,7,1,3,1,0,5,2,19,17,1,0,18,0,15,71,0,6,7,6,0,15,16,0,7,0,0,24,0,30,20,13,52,1,0,9,0,7,10,0,9,9,0,4,3,8,8,5,0,1,9,7,1
1,8,3,9,6,4,11,31,8,1,8,6,1,0,3,1,28,0,0,0,2,8,8,3,8,7,2,6,12,1,3,7,4,0,1,4,0,5,1,1,17,14,8,1,2,0,30,11,1,0,6,0,2,1,5,1,14,12,1,0,4,0,15,4,1,0,0,24,0,0,5,4,2,1,0,3,2,0,4,2,15,2,2,8,14,6,1,2,1,1,22,0,1,4,0,1,10,0,8,3,9,12,1,2,13,11,2,0,0,17,0,0,0,1,0,7,7,0,2,0,3,0,4,0,4,6,2,0,12,3,10,3,3
2,21,8,1,0,5,11,7,0,1,8,3,13,3,3,0,8,3,0,4,11,5,0,3,3,9,7,7,8,13,8,25,15,1,1,2,4,8,10,12,12,3,8,5,7,2,0,1,4,0,2,1,29,2,7,2,17,1,4,0,12,3,11,1,0,0,0,6,0,0,0,9,0,0,3,2,3,1,1,0,8,1,2,5,3,7,1,0,0,1,13,0,0,6,4,8,3,0,21,6,1,17,4,3,2,0,4,0,6,1,0,0,16,1,0,3,4,0,12,0,7,4,3,4,0,1,1,4,5,11,2,7,10
0,21,0,1,2,0,2,12,1,19,4,84,11,5,9,17,3,9,12,1,6,2,4,27,7,7,2,3,5,47,59,0,3,11,1,13,12,3,22,0,1,5,3,4,1,4,0,0,0,2,1,8,2,27,0,25,9,0,33,11,7,2,1,2,17,8,6,2,0,0,9,1,6,10,1,10,10,10,1,4,8,6,3,5,7,3,15,1,27,50,2,3,13,9,4,3,6,4,15,19,1,22,27,0,21,1,0,1,0,12,0,11,25,9,0,5,40,0,11,0,12,12,8,6,1,0,13,23,0,4,18,4,2
0,5,1,0,0,2,0,3,0,1,3,6,2,3,1,1,1,10,9,4,13,1,2,5,3,2,8,2,2,13,4,1,0,9,13,0,5,1,5,0,0,0,2,4,12,8,0,1,1,12,1,6,0,13,0,15,7,0,17,6,1,2,6,1,8,13,12,1,24,0,1,3,6,8,0,4,22,4,1,8,3,13,0,7,1,0,3,0,3,9,4,0,12,6,8,15,0,2,7,6,1,10,13,0,8,0,2,16,0,2,8,15,17,3,0,21,4,4,18,7,3,14,8,2,1,13,0,2,1,5,8,2,1
0,2,1,2,0,3,0,2,0,13,14,23,5,5,0,6,3,6,13,6,14,1,6,2,6,14,5,3,2,5,16,0,1,1,5,3,2,1,1,0,0,1,2,1,5,2,0,4,0,0,1,2,8,0,0,96,9,0,44,0,0,8,2,1,6,2,4,0,0,0,7,5,13,5,1,15,4,18,1,2,10,1,3,2,8,1,15,1,2,4,1,0,9,11,1,8,0,6,4,6,0,4,7,0,5,2,2,2,1,4,0,4,8,5,0,7,23,0,5,0,15,4,5,0,4,23,2,0,2,2,4,5,0
3,8,24,17,4,4,8,5,22,1,13,6,8,0,14,5,16,0,0,3,5,15,5,1,0,8,0,20,6,1,4,8,9,1,0,2,7,8,1,12,6,11,3,5,5,0,2,5,17,0,21,0,39,0,3,1,11,7,5,0,3,13,30,15,0,0,1,8,0,0,0,8,2,0,12,0,2,1,4,0,6,1,10,2,14,12,0,9,1,1,10,0,0,9,5,2,34,0,3,3,0,10,0,8,0,0,3,1,7,0,0,0,1,8,0,1,7,1,0,0,1,3,0,12,5,0,1,2,0,18,4,0,4
12,2,3,6,2,13,18,10,2,4,20,4,9,0,9,1,7,0,2,8,0,11,12,0,20,5,7,24,10,8,4,1,8,0,0,23,1,17,0,2,13,6,4,6,0,1,20,13,11,0,0,3,13,3,23,2,7,7,3,0,5,11,4,1,0,1,0,0,0,0,4,7,4,0,3,9,1,0,21,0,13,0,6,6,27,8,0,7,0,10,3,11,0,11,3,2,2,0,0,7,9,2,1,2,1,8,5,0,4,4,0,0,0,4,0,5,4,0,4,0,8,0,1,3,11,4,5,2,18,0,8,6,3
0,16,0,0,0,1,0,3,4,3,2,9,5,17,0,0,7,32,13,0,17,1,6,7,4,1,8,1,0,26,12,7,0,11,17,4,7,2,8,0,0,2,11,2,15,19,8,1,2,10,2,13,1,28,0,8,5,1,40,17,4,29,4,4,6,4,22,2,32,0,7,2,5,32,0,0,14,6,1,5,7,11,3,4,1,3,3,0,17,7,5,0,14,3,12,11,0,10,4,12,2,1,14,1,6,1,0,20,0,14,33,14,15,2,1,14,5,6,35,5,5,21,9,10,2,18,8,4,4,8,0,3,3
2,0,0,5,2,1,3,17,0,1,4,15,16,14,3,3,1,1,0,2,1,0,3,4,5,9,9,3,9,10,12,2,5,0,2,7,4,3,9,2,3,1,14,0,1,2,0,1,7,0,3,0,5,1,0,3,11,0,4,1,0,11,2,0,1,2,0,0,0,0,3,7,2,6,1,9,0,1,14,2,10,0,0,0,6,3,3,0,3,1,3,2,5,2,0,6,1,4,1,5,0,10,0,0,1,3,6,0,1,14,0,0,2,3,0,2,15,0,2,0,2,0,7,3,7,4,2,5,0,6,3,0,14
7,4,3,12,5,18,1,10,10,0,1,2,12,1,9,2,4,0,0,12,1,18,1,2,2,10,5,9,11,1,2,0,16,0,0,8,0,8,0,9,2,13,12,0,0,2,10,5,12,0,4,0,10,0,32,1,17,3,2,0,5,9,15,23,0,1,1,5,0,0,4,2,1,8,12,0,1,2,12,3,12,0,20,5,4,12,0,6,1,1,20,3,0,15,0,4,4,0,1,3,26,2,0,9,1,7,4,1,15,0,0,1,0,3,0,11,18,0,0,0,12,0,1,3,10,2,1,0,4,3,3,14,0
