Ant4,Ant57,Ant260,Ant52,Ant59,Ant65,Ant244,Ant397,Ant540,Ant2,Ant6,Ant7,Ant9,Ant15,Ant19,Ant26,Ant30,Ant38,Ant60,Ant72,Ant74,Ant76,Ant102,Ant158,Ant161,Ant191,Ant196,Ant209,Ant227,Ant245,Ant252,Ant278,Ant308,Ant311,Ant329,Ant518,Ant534,Ant604,Ant673,Ant740,Ant954,Ant0,Ant1,Ant12,Ant13,Ant17,Ant20,Ant23,Ant27,Ant28,Ant32,Ant35,Ant43,Ant44,Ant48,Ant50,Ant51,Ant53,Ant54,Ant62,Ant66,Ant68,Ant70,Ant71,Ant81,Ant85,Ant96,Ant97,Ant105,Ant109,Ant111,Ant112,Ant115,Ant117,Ant118,Ant124,Ant126,Ant127,Ant131,Ant137,Ant142,Ant149,Ant156,Ant159,Ant169,Ant170,Ant172,Ant173,Ant175,Ant176,Ant178,Ant186,Ant190,Ant194,Ant198,Ant206,Ant207,Ant210,Ant212,Ant215,Ant217,Ant218,Ant219,Ant220,Ant221,Ant229,Ant238,Ant242,Ant243,Ant250,Ant251,Ant255,Ant256,Ant263,Ant264,Ant289,Ant296,Ant298,Ant299,Ant301,Ant313,Ant324,Ant331,Ant334,Ant342,Ant347,Ant356,Ant380,Ant390,Ant391,Ant394,Ant395,Ant398,Ant437,Ant458,Ant462,Ant475,Ant476,Ant482,Ant492,Ant501,Ant509,Ant530,Ant538,Ant556,Ant560,Ant564,Ant576,Ant580,Ant592,Ant599,Ant607,Ant610,Ant614,Ant621,Ant632,Ant638,Ant650,Ant663,Ant665
0,7,10,12,3,5,0,5,2,2,3,2,1,4,2,5,1,6,0,0,1,4,6,1,6,0,3,0,9,0,9,0,2,0,0,1,16,0,2,1,2,1,5,4,3,3,3,2,0,1,0,1,0,2,12,1,2,0,0,0,0,0,6,0,6,2,2,5,3,5,0,2,0,1,3,2,0,6,0,0,6,4,22,1,1,2,0,0,0,6,0,7,3,4,5,4,7,1,0,11,2,5,2,0,2,2,1,0,2,2,8,0,1,9,0,0,4,8,0,2,5,8,4,0,8,3,0,4,7,7,5,4,1,9,4,4,0,2,2,2,0,3,2,5,3,5,0,0,1,2,0,0,0,3,4,10,3,2,3,5
7,0,11,7,0,3,0,0,1,0,1,6,4,0,1,4,0,1,0,0,0,1,3,1,1,4,10,4,1,0,7,0,0,0,1,11,2,0,4,0,2,9,0,4,0,0,0,0,4,1,0,0,0,5,6,0,0,0,0,0,1,0,1,0,3,3,1,0,0,1,0,1,1,7,3,0,0,0,0,1,2,2,0,0,5,5,0,1,0,2,0,0,5,0,16,1,7,3,0,11,0,5,0,3,4,1,9,0,0,1,3,0,0,8,0,0,8,0,12,0,0,0,0,0,7,0,0,5,0,3,0,6,0,13,7,2,3,2,0,0,0,21,15,6,0,2,0,0,0,6,0,0,0,0,0,12,10,2,0,3
10,11,0,8,3,22,0,10,6,4,6,35,1,1,11,6,0,5,0,2,4,4,7,11,5,1,16,3,13,0,14,4,6,8,6,7,4,12,3,12,10,4,12,18,10,2,7,1,9,2,5,0,0,4,17,3,8,3,6,3,6,1,8,4,6,5,5,4,6,6,3,6,6,9,5,6,5,6,3,4,12,16,7,1,14,8,3,5,2,11,3,3,9,7,25,2,19,7,9,21,3,17,6,2,2,9,21,1,4,4,15,1,10,21,1,5,17,9,8,2,11,4,7,7,10,2,6,6,11,9,5,9,1,23,20,7,11,5,4,4,4,12,11,14,4,10,1,2,2,7,0,6,1,1,10,9,8,9,1,9
12,7,8,0,8,10,3,6,9,7,12,3,1,2,11,10,0,11,1,1,2,0,5,3,15,4,12,8,9,0,18,3,5,1,3,6,19,3,1,8,1,2,8,7,10,20,4,3,1,7,22,1,1,6,18,6,2,1,2,0,5,1,5,3,17,7,3,2,5,8,0,3,5,6,9,4,2,0,2,3,0,7,9,2,3,3,2,11,3,5,1,4,2,20,3,8,10,8,3,16,11,4,0,9,6,2,4,0,3,3,10,3,4,12,1,2,7,4,5,0,0,9,7,2,4,5,1,4,10,2,6,16,1,8,10,2,10,2,0,8,1,25,2,28,3,10,3,1,1,1,3,1,4,3,2,6,10,3,9,2
3,0,3,8,0,0,3,3,11,6,3,5,4,3,2,0,20,0,6,4,6,0,1,15,2,6,1,6,7,0,16,0,6,0,3,3,4,16,7,6,16,2,12,1,6,18,11,4,4,8,2,2,3,5,8,19,4,6,3,5,2,0,3,1,0,10,14,3,3,10,0,5,4,1,5,5,13,3,0,7,2,1,1,6,0,6,5,2,2,7,3,11,4,4,2,8,2,1,2,0,7,2,4,1,1,18,0,3,3,7,2,3,9,2,5,4,9,5,2,4,5,8,11,8,11,4,2,14,11,0,3,5,2,2,7,17,3,1,5,16,5,2,0,7,2,0,1,2,3,9,4,6,10,20,5,4,2,5,8,5
5,3,22,10,0,0,0,4,6,0,5,23,0,1,7,46,0,6,1,0,0,36,17,0,5,0,27,1,3,0,7,0,0,11,1,18,12,0,0,0,1,18,2,28,2,4,0,0,0,0,14,1,1,2,9,5,0,0,4,0,4,0,7,0,5,2,0,2,1,1,2,1,0,13,7,0,1,17,0,5,9,6,4,1,30,9,0,1,0,11,0,1,6,1,30,0,14,2,0,22,2,13,0,0,1,2,20,0,0,2,6,2,7,11,0,0,15,3,48,0,3,4,2,0,25,1,0,6,3,8,1,7,0,11,62,4,6,28,2,3,0,12,23,13,2,5,0,0,0,6,0,0,1,0,1,7,8,0,0,2
0,0,0,3,3,0,0,0,14,10,3,1,23,3,1,0,7,0,17,8,12,0,0,13,0,17,0,0,6,0,8,1,9,0,10,0,0,23,2,4,5,0,10,1,2,40,3,7,2,1,1,3,16,3,1,0,6,9,2,2,1,3,0,9,3,1,15,29,18,9,0,0,16,0,2,4,1,2,9,25,0,1,1,4,0,0,1,3,5,0,10,1,3,3,0,13,1,2,8,3,10,0,12,7,0,4,0,10,1,3,0,0,3,0,10,14,2,0,0,2,3,2,0,16,0,14,1,3,5,0,4,6,26,0,0,4,3,0,2,17,8,0,0,0,2,0,4,19,8,8,10,4,14,18,0,0,1,2,26,1
5,0,10,6,3,4,0,0,5,2,15,0,6,5,6,2,4,8,0,0,3,1,2,5,2,3,9,9,9,3,23,1,8,2,1,6,24,1,6,1,7,0,10,7,7,11,20,0,3,0,5,1,2,12,10,13,0,3,2,0,4,1,11,0,3,20,1,8,0,2,14,11,0,10,4,1,4,18,2,2,25,15,3,0,6,29,1,10,1,3,0,0,2,10,8,0,9,1,5,4,0,7,2,2,9,7,17,2,0,14,11,1,2,9,0,1,0,4,1,2,2,10,2,1,19,2,0,11,0,8,27,10,0,18,0,1,24,3,1,1,1,1,0,9,0,8,2,6,1,1,3,0,0,0,9,9,5,6,1,3
2,1,6,9,11,6,14,5,0,5,4,4,10,5,0,5,34,1,23,0,19,6,0,12,2,20,3,4,19,1,6,6,6,0,21,1,6,34,14,6,10,2,8,4,13,24,13,15,16,8,4,5,24,3,15,3,9,15,7,14,7,9,10,5,2,1,19,13,5,7,7,5,9,3,4,3,2,0,7,31,0,3,6,6,4,3,6,12,8,2,15,13,3,3,3,6,4,2,18,4,16,5,9,6,2,10,0,11,6,5,2,0,5,5,9,10,4,9,4,2,6,15,10,4,4,6,20,10,14,2,9,6,9,4,5,7,9,0,3,28,12,5,0,6,5,3,7,8,9,6,11,8,13,10,4,0,1,10,20,8
2,0,4,7,6,0,10,2,5,0,6,0,2,3,1,2,4,3,1,13,2,0,0,15,0,0,3,1,9,0,4,7,7,0,2,1,5,29,12,19,8,0,15,4,4,9,0,10,0,1,0,1,5,0,0,0,8,4,4,3,6,0,6,1,1,5,14,1,17,15,0,3,6,0,7,10,2,0,3,5,3,2,7,10,0,4,14,2,1,0,10,12,3,0,4,15,1,1,3,5,15,1,2,9,0,2,0,0,7,12,1,0,7,1,2,10,1,6,0,5,4,3,4,3,3,1,1,10,22,0,19,0,0,0,1,11,3,1,1,9,5,0,0,5,2,3,5,2,0,4,4,3,7,3,2,0,1,5,2,28
3,1,6,12,3,5,3,15,4,6,0,1,0,0,6,10,3,7,2,2,0,2,1,9,8,3,18,3,5,0,4,2,2,2,0,7,8,0,3,4,1,1,9,7,3,2,9,2,0,0,5,0,2,5,7,0,0,4,4,7,1,0,4,0,8,6,0,4,1,7,0,5,1,5,11,8,0,5,1,3,25,3,1,1,5,15,3,7,0,6,1,4,5,6,6,1,14,4,2,11,2,1,2,15,4,7,5,0,1,0,4,0,1,13,1,3,1,3,6,3,2,5,4,0,26,0,0,0,0,8,2,6,0,23,5,1,9,4,3,2,0,4,0,7,0,17,3,0,0,0,0,1,0,0,5,3,7,3,0,2
2,6,35,3,5,23,1,0,4,0,1,0,0,0,1,4,0,1,2,0,0,56,33,3,5,2,12,1,3,0,22,2,4,11,0,22,5,0,0,5,0,48,3,3,1,4,0,1,0,0,0,0,0,5,12,0,1,1,0,0,1,2,2,0,0,7,0,0,3,2,0,3,0,11,11,0,0,6,0,0,0,3,0,1,31,0,2,3,0,16,2,0,4,3,43,1,27,0,0,34,1,16,0,0,1,1,13,0,1,2,30,1,3,7,0,2,0,2,28,4,4,2,0,0,3,1,0,1,0,4,0,7,0,3,64,0,8,16,0,1,2,23,22,0,0,2,0,1,0,2,0,0,0,0,0,31,36,3,1,2
1,4,1,1,4,0,23,6,10,2,0,0,0,12,0,1,5,0,18,1,5,0,2,4,0,14,2,0,11,0,2,0,4,0,7,0,1,6,4,11,6,0,5,2,15,38,2,1,0,20,1,11,19,1,1,3,0,28,0,4,7,15,2,2,0,3,9,37,2,7,0,2,23,1,1,8,0,0,14,14,3,3,3,10,2,0,9,6,10,1,3,0,7,5,0,16,0,2,5,0,4,3,18,3,1,2,0,14,2,11,1,0,0,0,10,8,0,5,0,15,0,11,5,15,2,1,7,0,11,2,0,0,10,1,2,8,4,0,1,13,14,0,0,3,12,2,6,10,19,6,18,13,22,21,3,0,0,2,17,2
4,0,1,2,3,1,3,5,5,3,0,0,12,0,1,0,9,0,13,0,11,0,0,9,0,18,3,1,6,0,5,0,2,0,5,0,1,2,2,1,3,0,0,0,14,25,5,2,3,3,1,9,22,1,4,0,1,9,0,1,4,7,0,7,1,1,7,18,8,8,0,2,14,1,1,1,6,0,3,9,0,1,1,0,0,0,5,5,9,0,2,1,0,1,0,3,1,1,21,0,2,0,6,11,1,6,1,15,1,6,0,1,1,2,4,0,0,2,0,1,1,4,2,11,1,9,8,0,2,0,2,0,17,1,1,4,2,0,3,9,9,0,0,4,11,0,1,8,7,2,30,2,8,10,1,0,0,0,9,6
2,1,11,11,2,7,1,6,0,1,6,1,0,1,0,12,2,24,1,0,4,3,1,3,2,2,12,3,3,0,7,1,3,0,0,3,13,0,3,6,6,5,11,11,4,7,10,0,2,0,5,0,1,8,8,2,3,1,1,1,1,1,8,4,4,2,0,1,1,9,2,10,2,3,4,6,9,3,3,3,5,6,1,3,1,9,0,1,2,10,1,6,8,22,3,0,3,2,1,10,0,0,2,3,2,4,1,0,3,2,2,3,0,9,2,1,0,0,8,2,0,0,2,2,10,4,2,5,0,12,1,3,0,5,5,5,12,5,5,0,0,3,1,6,1,9,0,2,1,0,0,1,1,1,3,7,3,10,3,5
5,4,6,10,0,46,0,2,5,2,10,4,1,0,12,0,0,5,2,0,6,13,1,1,10,1,29,6,6,0,8,0,0,4,0,16,10,0,5,2,8,8,3,8,0,9,7,0,1,0,8,1,1,3,11,0,1,1,2,2,2,0,5,1,7,5,1,0,1,4,0,0,7,12,12,1,1,1,2,2,7,13,13,0,31,1,0,3,0,28,0,5,3,7,20,1,24,2,2,59,1,18,0,6,5,1,22,0,0,10,18,1,2,6,0,0,13,5,19,1,1,1,1,0,26,3,2,3,3,17,0,8,0,17,8,5,5,13,0,1,0,16,1,10,0,32,0,1,0,8,0,1,1,0,1,4,10,2,2,3
1,0,0,0,20,0,7,4,34,4,3,0,5,9,2,0,0,2,15,2,6,1,0,13,2,4,3,3,21,1,5,2,8,0,6,0,1,2,7,6,14,0,6,0,10,26,10,2,8,3,1,7,4,0,2,2,8,10,4,1,8,2,5,5,8,2,8,8,7,8,6,9,10,5,3,6,8,0,3,21,3,1,2,9,3,2,3,3,4,0,2,11,6,3,0,1,3,6,30,2,7,0,12,6,1,8,1,2,14,2,0,0,2,1,4,0,5,8,2,9,5,7,1,10,4,5,1,2,2,2,2,1,6,0,4,12,0,0,9,8,5,0,0,1,6,6,6,1,7,12,15,12,6,7,1,1,2,3,10,10
6,1,5,11,0,6,0,8,1,3,7,1,0,0,24,5,2,0,0,0,1,8,4,1,6,0,28,2,5,0,9,2,1,0,0,7,12,0,6,0,5,0,6,5,0,2,0,0,1,2,10,1,0,11,12,0,0,3,5,2,2,0,1,0,4,0,0,0,0,1,1,5,2,9,5,1,0,7,0,0,14,5,0,0,2,6,1,4,1,12,0,0,3,4,5,0,12,2,0,16,0,9,0,3,8,0,12,0,1,2,6,2,0,5,0,0,7,1,12,0,7,1,0,0,28,2,1,4,0,19,1,21,0,17,2,15,7,5,0,0,0,2,2,38,1,12,0,1,1,0,1,0,0,1,7,9,5,4,2,2
0,0,0,1,6,1,17,0,23,1,2,2,18,13,1,2,15,0,0,2,12,0,1,25,0,8,3,0,3,0,3,0,3,0,35,0,0,4,8,7,4,0,4,0,9,42,8,7,0,10,0,17,15,0,6,3,0,24,1,13,3,9,9,9,1,3,2,32,9,9,0,6,18,0,5,8,1,0,19,26,0,0,0,5,1,0,16,9,17,1,5,5,2,3,1,11,0,0,22,0,24,0,20,8,0,6,0,28,4,2,0,1,0,0,9,5,0,4,0,22,5,7,3,22,1,16,15,0,7,0,4,1,17,0,2,11,0,0,2,15,22,0,0,1,6,1,18,18,12,10,16,20,15,24,2,0,0,0,15,8
0,0,2,1,4,0,8,0,0,13,2,0,1,0,0,0,2,0,2,0,0,0,0,12,0,5,0,1,5,1,2,1,6,0,0,0,1,78,3,5,21,0,1,1,2,6,12,3,0,4,0,1,3,0,3,0,4,2,1,8,1,0,0,3,0,5,13,1,10,15,7,1,3,1,4,8,3,0,1,5,0,0,2,8,0,0,4,0,0,0,32,5,0,1,0,79,0,3,0,0,18,0,8,1,0,1,0,0,4,3,1,2,7,2,2,10,2,8,0,6,1,2,2,2,0,9,0,1,18,0,5,0,0,0,1,3,0,0,7,3,7,0,0,0,3,3,2,0,0,2,1,9,5,2,0,0,0,2,3,3
1,0,4,2,6,0,12,3,19,2,0,0,5,11,4,6,6,1,12,0,0,0,0,7,2,28,1,3,7,1,3,1,3,0,15,0,2,5,7,10,2,0,9,0,14,53,1,2,4,4,1,17,17,0,4,1,2,28,1,2,0,14,1,10,3,3,0,61,5,2,1,2,11,0,2,3,4,1,9,13,0,0,4,5,1,1,2,6,7,0,0,3,0,2,0,11,0,0,27,3,8,1,20,8,0,4,2,23,5,4,0,1,1,4,6,0,0,8,1,19,2,1,0,10,4,10,50,3,2,0,3,2,23,3,1,5,0,1,4,18,13,0,1,4,15,1,8,48,17,1,15,1,21,12,2,0,0,1,37,5
4,1,4,0,0,36,0,1,6,0,2,56,0,0,3,13,1,8,0,0,0,0,34,4,1,0,9,1,0,0,10,0,1,15,0,20,3,0,0,7,1,12,0,7,0,2,1,0,2,0,1,0,0,0,15,0,0,0,0,0,5,0,0,0,3,3,0,0,0,0,1,0,1,10,3,0,0,20,0,3,3,0,5,0,12,2,1,4,2,5,0,1,1,1,18,0,10,1,0,17,0,21,0,0,5,0,8,0,0,1,10,0,0,21,0,0,2,1,41,0,0,1,0,0,9,0,0,6,0,19,0,2,0,11,20,0,5,17,0,0,1,19,17,2,0,3,0,1,0,0,0,2,0,0,7,14,16,0,0,2
6,3,7,5,1,17,0,2,0,0,1,33,2,0,1,1,0,4,1,0,0,34,0,4,0,0,5,0,2,0,11,0,0,3,0,2,7,0,0,1,1,8,1,10,0,1,0,1,0,0,0,0,0,1,3,0,0,0,0,0,0,1,1,1,1,2,0,0,0,1,1,2,0,2,5,0,0,15,0,0,5,0,1,0,12,3,0,1,0,2,0,0,2,3,9,0,3,5,0,11,1,6,0,3,0,6,8,0,0,1,7,7,0,5,0,0,2,0,25,1,0,0,0,0,6,0,0,4,0,6,0,6,0,6,26,0,0,10,0,0,1,10,5,10,0,6,0,0,0,5,0,0,0,0,1,16,3,1,0,2
1,1,11,3,15,0,13,5,12,15,9,3,4,9,3,1,13,1,25,12,7,4,4,0,4,13,7,0,28,0,14,3,15,0,1,5,6,26,3,4,13,0,3,3,7,13,6,18,1,0,7,5,3,9,6,1,10,14,2,4,6,4,1,7,2,9,20,1,7,19,0,9,17,6,21,15,3,6,8,13,5,8,12,5,3,10,19,4,10,0,17,2,9,0,1,8,0,1,14,0,9,2,17,3,7,26,4,2,9,14,3,0,2,8,9,11,10,5,5,14,9,4,3,0,7,2,0,5,9,3,8,1,2,4,1,11,3,0,3,12,30,0,0,6,16,0,3,7,5,9,11,4,15,4,11,0,1,13,4,41
6,1,5,15,2,5,0,2,2,0,8,5,0,0,2,10,2,6,0,0,2,1,0,4,0,2,13,5,5,0,7,0,0,2,0,0,9,0,6,1,2,4,6,10,1,3,3,0,1,0,7,1,0,7,9,6,0,0,0,0,0,0,6,0,11,0,1,0,2,1,2,0,0,1,6,0,3,1,0,1,9,3,2,0,3,16,1,1,0,8,0,1,0,2,4,0,5,1,1,10,0,4,0,1,2,2,2,0,0,1,10,0,0,8,0,1,6,10,1,1,5,1,0,0,15,4,0,0,4,6,2,2,2,5,2,2,4,6,0,2,0,0,1,16,3,9,0,0,0,0,3,0,0,0,1,10,6,5,3,3
0,4,1,4,6,0,17,3,20,0,3,2,14,18,2,1,4,0,8,5,28,0,0,13,2,0,2,0,4,1,5,1,8,0,25,2,6,10,9,9,7,0,1,5,2,39,19,12,5,12,1,12,19,2,6,2,4,15,4,6,13,17,6,2,0,2,10,39,2,14,3,5,31,2,3,7,4,0,8,23,1,1,3,5,1,3,7,7,13,3,5,5,2,3,0,10,0,1,16,3,2,1,14,6,0,4,0,20,0,5,0,1,5,2,12,4,2,6,1,13,0,19,3,8,2,7,3,3,8,0,0,1,21,1,0,5,0,1,20,26,19,0,0,5,12,1,7,22,6,4,17,14,21,20,1,0,0,2,9,2
3,10,16,12,1,27,0,9,3,3,18,12,2,3,12,29,3,28,3,0,1,9,5,7,13,2,0,2,4,0,20,1,3,9,3,14,16,0,2,5,7,14,12,23,5,0,7,4,4,1,1,1,2,6,17,1,3,3,4,0,2,0,14,0,4,8,3,0,3,4,5,9,0,21,9,1,4,5,1,0,12,7,9,0,9,10,1,6,3,23,1,4,13,4,26,1,21,8,0,5,1,7,0,3,4,4,15,0,1,6,6,4,4,15,0,0,3,14,9,0,3,9,2,1,17,10,4,4,1,21,0,16,0,26,19,2,17,13,5,1,3,8,8,12,1,14,0,0,0,1,0,0,3,3,9,8,25,7,0,13
0,4,3,8,6,1,0,9,4,1,3,1,0,1,3,6,3,2,0,1,3,1,0,0,5,0,2,0,1,0,10,1,0,2,0,0,1,1,1,3,0,3,9,0,1,1,7,1,1,2,4,1,1,2,3,4,3,2,3,1,2,1,1,0,2,2,0,0,0,0,3,0,3,3,0,0,0,1,0,1,1,1,0,0,1,4,0,7,7,2,0,1,6,4,2,3,7,3,0,1,2,1,0,5,5,2,1,0,1,5,7,2,0,1,2,0,0,2,3,2,0,1,3,1,6,1,0,0,0,3,0,2,1,5,2,6,2,1,2,2,1,0,5,3,2,0,0,0,3,0,0,4,2,1,6,3,2,2,0,2
9,1,13,9,7,3,6,9,19,9,5,3,11,6,3,6,21,5,3,5,7,0,2,28,5,4,4,1,0,0,18,6,18,0,2,3,16,7,7,7,23,0,6,5,9,17,14,8,5,13,2,11,7,1,5,6,13,8,13,6,9,5,13,6,0,8,14,6,15,9,7,12,11,4,9,18,9,2,6,15,12,16,10,7,4,9,14,12,9,10,4,7,13,1,1,4,8,4,4,6,6,4,8,6,8,30,5,1,4,20,0,4,9,4,4,5,3,11,5,8,8,11,7,8,14,7,0,16,11,3,3,11,5,9,2,6,20,3,9,2,7,1,1,13,12,3,5,6,6,20,7,6,9,14,7,6,5,7,8,28
0,0,0,0,0,0,0,3,1,0,0,0,0,0,0,0,1,0,0,1,1,0,0,0,0,1,0,0,0,0,0,1,1,0,1,0,0,0,0,1,1,0,0,1,0,2,0,0,0,0,0,0,0,0,0,0,1,0,0,0,0,0,0,0,1,0,1,1,3,0,0,0,0,0,0,1,0,0,0,0,0,0,0,0,0,0,1,0,2,0,0,0,0,0,0,1,0,0,0,2,0,0,0,0,0,0,0,0,0,0,0,0,0,0,0,0,0,0,0,0,0,0,0,0,0,0,0,0,0,0,3,0,0,1,0,1,0,1,1,0,0,0,0,0,0,2,0,0,0,0,0,0,0,0,0,0,0,0,1,2
9,7,14,18,16,7,8,23,6,4,4,22,2,5,7,8,5,9,3,2,3,10,11,14,7,5,20,10,18,0,0,3,8,5,1,2,10,9,1,14,7,7,10,26,2,5,8,5,7,4,8,3,3,8,15,12,9,1,18,3,5,0,9,4,21,1,7,1,6,8,7,13,2,3,10,6,6,17,1,2,11,8,2,8,9,12,1,6,3,11,2,6,9,11,14,4,13,1,2,28,2,19,2,9,7,9,4,2,2,6,7,1,10,7,0,0,8,7,18,2,6,3,6,1,18,4,6,11,12,8,6,14,0,14,19,7,9,11,7,3,1,15,5,10,2,7,3,1,1,5,2,2,0,4,17,10,11,5,3,5
0,0,4,3,0,0,1,1,6,7,2,2,0,0,1,0,2,2,0,1,1,0,0,3,0,1,1,1,6,1,3,0,1,0,0,0,2,0,0,14,6,0,3,0,1,3,0,4,0,0,0,3,1,3,5,1,7,0,1,0,1,3,2,3,6,2,4,0,2,4,2,4,1,0,6,2,0,0,0,2,0,0,3,7,1,3,1,2,0,0,4,2,0,1,0,5,1,1,3,0,1,1,4,2,0,2,0,0,4,6,0,4,2,3,0,2,2,3,0,2,4,5,2,1,0,5,0,1,1,0,4,2,1,1,5,5,0,0,7,1,1,0,0,4,0,10,1,0,2,1,1,1,1,0,4,1,1,0,1,2
2,0,6,5,6,0,9,8,6,7,2,4,4,2,3,0,8,1,3,6,3,1,0,15,0,8,3,0,18,1,8,1,0,2,3,0,5,3,5,3,17,2,9,4,14,11,14,7,8,2,2,5,0,7,4,5,5,5,5,2,16,2,17,0,0,7,4,6,4,9,6,7,9,5,7,8,21,3,7,8,4,4,2,5,4,5,15,4,6,2,12,4,7,5,5,25,0,6,6,4,9,0,15,4,2,11,4,3,1,7,4,2,1,3,8,7,2,7,0,6,9,8,6,5,7,10,4,4,4,1,4,3,7,4,2,19,11,1,3,8,6,0,0,6,5,2,10,6,5,3,3,4,9,10,8,1,3,7,3,3
0,0,8,1,0,11,0,2,0,0,2,11,0,0,0,4,0,0,0,0,0,15,3,0,2,0,9,2,0,0,5,0,2,0,0,5,0,0,0,4,0,36,0,0,0,1,0,0,0,0,0,0,0,0,3,0,0,0,0,0,0,0,0,0,0,0,0,0,0,0,0,1,0,0,0,0,0,16,0,0,0,3,0,0,7,1,0,1,0,1,0,0,0,0,16,0,7,0,0,0,0,2,0,0,2,0,17,0,0,0,1,0,0,0,0,0,4,0,26,0,0,0,0,0,3,1,0,0,0,1,2,0,0,3,1,0,1,1,0,0,0,3,21,0,0,0,2,0,0,0,0,0,0,0,0,18,7,0,0,0
0,1,6,3,3,1,10,1,21,2,0,0,7,5,0,0,6,0,35,0,15,0,0,1,0,25,3,0,2,1,1,0,3,0,0,1,1,8,5,1,4,0,2,1,6,52,6,1,2,10,0,13,27,0,1,0,4,28,1,1,4,4,2,6,4,0,4,29,12,2,0,1,11,1,0,11,0,0,27,17,0,0,1,5,1,0,0,2,16,0,2,6,4,0,0,2,0,1,19,0,2,1,11,7,0,2,0,23,5,3,0,1,0,1,11,3,2,2,0,8,3,10,0,6,0,9,12,0,0,0,5,2,16,0,1,2,0,1,1,14,9,0,0,2,5,4,12,25,13,4,26,12,13,12,0,0,1,0,10,0
1,11,7,6,3,18,0,6,1,1,7,22,0,0,3,16,0,7,0,0,0,20,2,5,0,2,14,0,3,0,2,0,0,5,1,0,2,0,0,2,0,9,4,15,3,0,0,1,1,1,1,0,0,1,13,6,0,0,2,0,1,0,5,0,1,4,1,1,0,0,1,0,0,4,11,0,1,17,0,1,7,3,5,1,3,3,0,1,0,2,1,0,8,0,22,1,16,5,0,7,0,7,0,1,1,4,11,0,0,4,3,1,6,6,0,0,6,2,20,1,3,0,0,0,6,0,0,5,0,3,4,11,0,12,7,2,1,17,0,1,0,14,12,3,1,11,1,0,0,2,1,0,0,1,6,8,19,3,0,11
16,2,4,19,4,12,0,24,6,5,8,5,1,1,13,10,1,12,0,1,2,3,7,6,9,6,16,1,16,0,10,2,5,0,1,2,0,0,1,2,11,2,9,12,0,8,6,0,1,4,6,1,4,6,15,5,1,2,5,2,1,0,6,0,1,4,3,0,0,4,5,15,2,13,9,1,1,5,0,3,27,17,6,1,4,16,3,2,0,18,2,1,8,6,17,4,7,10,2,6,2,4,0,1,6,3,18,0,0,9,11,0,12,7,1,4,9,3,4,3,1,3,4,0,17,3,0,9,1,10,1,8,0,11,8,14,5,7,3,4,0,14,0,5,2,7,2,0,0,5,0,4,0,4,20,17,6,19,0,4
0,0,12,3,16,0,23,1,34,29,0,0,6,2,0,0,2,0,4,78,5,0,0,26,0,10,0,1,7,0,9,0,3,0,8,0,0,0,2,8,24,0,2,0,15,29,3,3,0,3,0,4,6,0,3,0,4,14,1,2,2,6,0,0,0,5,56,4,46,27,0,0,13,2,1,9,0,0,4,22,5,0,1,88,0,2,5,3,0,0,88,9,0,0,0,47,0,0,12,0,47,0,56,1,2,0,0,0,12,16,0,1,0,1,8,83,3,1,0,10,2,5,10,2,0,13,2,2,35,0,6,0,4,0,2,0,1,0,0,30,49,0,0,4,5,0,5,3,2,1,1,11,38,3,2,1,3,5,11,1
2,4,3,1,7,0,2,6,14,12,3,0,4,2,3,5,7,6,8,3,7,0,0,3,6,9,2,1,7,0,1,0,5,0,5,0,1,2,0,7,7,2,2,6,6,13,4,3,4,16,0,10,4,2,1,3,4,8,5,3,5,1,17,6,1,3,6,12,5,16,1,1,7,0,4,7,2,0,2,7,2,4,5,1,3,4,1,5,1,0,3,9,5,3,0,3,0,3,5,1,1,1,11,3,0,5,0,4,10,7,1,4,3,2,7,2,5,0,1,4,15,5,3,3,0,10,1,2,1,0,4,1,4,1,6,14,0,0,7,9,5,0,0,18,7,7,3,2,1,5,2,10,3,4,2,1,0,2,6,8
1,0,12,8,6,0,4,1,6,19,4,5,11,1,6,2,6,0,7,5,10,7,1,4,1,9,5,3,7,1,14,14,3,4,1,2,2,8,7,0,10,12,4,11,2,9,0,11,3,7,0,0,1,1,8,0,26,1,4,2,7,1,3,4,7,9,10,4,14,27,0,8,5,10,11,8,1,0,3,7,0,0,1,5,1,0,4,10,7,0,7,1,6,1,0,10,3,8,11,8,4,9,9,9,1,2,2,0,2,22,1,7,4,2,1,6,2,4,0,6,16,19,9,4,12,7,2,5,16,0,10,9,2,0,13,5,2,0,9,10,9,2,0,5,4,17,1,1,0,3,6,4,2,4,4,6,2,7,8,2
2,2,10,1,16,1,5,7,10,8,1,0,6,3,6,8,14,5,4,21,2,1,1,13,2,7,7,0,23,1,7,6,17,0,4,0,11,24,7,10,0,0,13,7,17,15,21,29,5,2,4,3,3,3,10,1,9,7,4,7,12,3,8,7,0,9,18,5,28,13,3,13,7,4,17,18,8,4,6,11,1,2,12,37,2,1,20,8,8,3,16,12,1,6,4,21,6,4,8,16,21,8,9,12,2,7,1,6,8,4,3,2,10,4,9,8,2,4,0,9,6,19,7,4,8,8,3,4,28,4,3,8,3,9,3,23,6,3,6,13,14,0,0,6,13,13,2,2,0,11,2,7,4,14,20,2,3,9,4,13
1,9,4,2,2,18,0,0,2,0,1,48,0,0,5,8,0,0,0,0,0,12,8,0,4,0,14,3,0,0,7,0,2,36,0,9,2,0,2,12,0,0,3,4,2,2,2,0,0,0,0,0,1,0,3,0,0,0,0,0,0,0,0,0,0,0,0,0,0,2,3,2,0,3,2,1,1,9,2,0,0,1,0,0,16,3,0,0,0,20,0,0,2,1,38,0,20,1,0,10,0,11,1,1,1,0,11,0,0,1,6,1,1,6,0,1,4,0,21,0,1,0,0,0,0,1,0,1,0,4,1,8,0,3,13,0,1,5,0,1,0,14,37,1,0,1,0,0,0,0,0,0,0,0,9,18,4,0,1,0
5,0,12,8,12,2,10,10,8,15,9,3,5,0,11,3,6,6,4,1,9,0,1,3,6,1,12,9,6,0,10,3,9,0,2,4,9,2,2,4,13,3,0,14,10,6,13,10,14,1,7,4,8,10,9,19,5,7,17,2,3,3,5,7,5,7,12,2,13,5,6,15,3,4,13,4,10,6,7,9,17,5,4,9,3,5,11,3,3,5,4,10,2,22,1,9,2,12,10,5,4,4,13,2,3,11,7,1,5,3,7,3,8,1,4,6,2,11,4,1,7,13,0,8,18,7,2,9,20,9,4,9,4,10,6,20,4,0,7,2,6,0,0,9,1,0,3,1,1,0,3,3,5,2,10,0,2,1,8,24
4,4,18,7,1,28,1,7,4,4,7,3,2,0,11,8,0,5,0,1,0,7,10,3,10,5,23,0,5,1,26,0,4,0,1,15,12,0,6,11,7,4,14,0,2,13,12,6,6,6,10,10,2,9,12,6,6,5,21,4,12,3,18,4,3,19,12,6,3,10,0,13,6,10,4,19,4,3,7,5,5,8,11,1,5,4,13,2,1,10,6,4,14,0,7,1,8,5,3,31,3,10,2,13,5,9,12,2,0,2,8,1,22,10,4,0,5,3,16,9,8,7,8,1,13,9,5,19,7,11,3,4,2,16,11,6,18,12,5,2,3,1,2,32,4,3,6,5,1,5,1,0,3,4,3,9,8,6,4,8
3,0,10,10,6,2,2,7,13,4,3,1,15,14,4,0,10,0,9,2,14,0,0,7,1,2,5,1,9,0,2,1,14,0,6,3,0,15,6,2,17,2,10,2,0,25,13,19,7,5,1,7,8,3,1,5,12,12,3,2,4,2,23,11,5,6,7,11,16,6,8,5,6,0,12,17,4,0,7,11,5,4,3,8,1,0,11,3,3,1,9,3,0,2,3,0,0,12,6,4,1,4,6,5,7,4,0,7,7,9,0,1,2,0,5,9,1,8,2,5,2,9,3,6,3,10,9,1,15,2,4,4,8,3,2,5,6,0,1,23,7,0,0,3,15,3,3,1,0,7,8,6,15,11,2,2,0,4,4,6
3,0,2,20,18,4,40,11,24,9,2,4,38,25,7,9,26,2,42,6,53,2,1,13,3,39,0,1,17,2,5,3,11,1,52,0,8,29,13,9,15,2,6,13,25,0,19,7,10,31,2,32,79,1,4,5,10,54,3,11,28,33,10,18,5,6,9,81,33,7,6,10,45,2,9,11,2,1,35,56,5,3,4,17,0,2,19,7,22,2,29,7,11,4,1,18,2,7,38,11,24,7,49,27,6,11,3,45,11,8,3,2,8,4,39,7,1,17,0,35,10,20,6,34,6,62,42,6,30,0,12,4,35,11,8,14,3,4,11,43,49,1,4,1,28,5,38,40,41,21,49,27,28,38,8,1,1,4,34,9
3,0,7,4,11,0,3,20,13,0,9,0,2,5,10,7,10,0,8,12,1,1,0,6,3,19,7,7,14,0,8,0,14,0,6,0,6,3,4,0,21,2,13,12,13,19,0,2,7,3,2,12,5,3,8,3,4,9,12,4,26,6,10,2,4,13,2,15,13,14,4,7,20,6,14,5,17,3,13,10,8,1,3,1,5,6,11,8,8,2,4,4,2,11,2,3,0,2,12,3,4,2,5,3,2,20,3,7,4,4,2,0,13,11,12,9,1,10,2,6,2,14,4,3,2,9,11,7,1,3,2,11,15,5,0,5,10,3,18,13,2,0,0,17,13,8,5,6,5,14,6,3,15,15,10,0,2,2,3,8
2,0,1,3,4,0,7,0,15,10,2,1,1,2,0,0,2,0,7,3,2,0,1,18,0,12,4,1,8,0,5,4,7,0,1,1,0,3,3,11,29,0,10,6,19,7,2,0,0,2,0,3,5,1,5,2,12,6,3,3,3,5,3,2,0,5,4,3,18,7,1,7,6,5,13,20,0,0,6,8,2,0,1,14,2,0,7,7,4,0,12,10,2,2,1,3,0,6,5,3,4,0,2,13,1,3,0,3,7,5,0,0,8,1,6,4,3,0,0,8,7,12,4,1,5,4,0,3,12,1,7,5,2,0,2,22,0,2,2,7,13,0,0,0,0,1,2,2,0,4,4,1,9,1,2,1,1,3,9,1
0,4,9,1,4,0,2,3,16,0,0,0,0,3,2,1,8,1,0,0,4,2,0,1,1,5,4,1,5,0,7,0,8,0,2,1,1,0,4,3,5,0,14,6,7,10,7,0,0,0,3,1,0,4,1,2,2,5,6,2,3,0,3,2,0,2,3,5,8,1,0,5,9,3,8,4,0,1,7,1,6,4,7,0,2,10,0,3,8,0,1,3,0,2,5,1,2,4,5,0,8,1,3,0,0,4,3,2,2,1,0,1,0,1,2,0,2,12,2,5,2,5,1,1,4,14,9,4,1,2,3,2,5,2,1,13,2,0,3,3,2,1,0,3,2,0,3,4,1,2,2,5,5,1,4,1,0,0,14,2
1,1,2,7,8,0,1,0,8,1,0,0,20,3,0,0,3,2,10,4,4,0,0,0,0,12,1,2,13,0,4,0,2,0,10,1,4,3,16,7,2,0,1,6,5,31,3,2,0,0,5,3,4,2,2,0,11,6,3,3,6,3,9,10,3,3,3,10,13,8,4,25,15,0,4,3,4,0,7,3,0,0,4,0,0,0,7,7,4,6,3,2,3,5,0,15,0,2,14,0,4,1,14,10,0,6,0,3,2,3,0,2,1,1,4,4,1,5,0,7,10,14,5,10,2,1,2,3,8,0,3,1,6,0,7,6,1,0,11,18,7,0,0,4,3,7,6,8,3,0,6,9,4,6,0,0,1,5,8,10
0,0,5,22,2,14,1,5,4,0,5,0,1,1,5,8,1,10,0,0,1,1,0,7,7,1,1,4,2,0,8,0,2,0,0,1,6,0,0,0,4,0,7,10,1,2,2,0,3,5,0,1,1,5,2,4,0,1,0,0,1,0,5,0,7,3,4,1,3,1,0,4,3,3,8,0,1,5,0,1,25,8,6,3,0,21,0,4,1,14,0,3,14,8,6,2,2,3,1,10,0,2,0,0,38,4,0,1,0,5,6,0,1,6,1,2,8,2,6,0,2,3,0,0,20,2,1,0,0,1,2,2,0,8,5,3,10,14,0,0,0,2,1,13,0,5,0,0,0,0,1,0,1,1,4,4,4,1,0,2
1,0,0,1,2,1,3,1,5,1,0,0,11,9,0,1,7,1,17,1,17,0,0,5,1,12,1,1,11,0,3,3,5,0,13,0,1,4,10,0,3,0,4,10,7,32,12,3,1,3,1,0,23,1,3,0,1,16,0,3,0,15,2,16,0,0,5,18,5,5,0,2,21,1,1,2,3,0,9,8,2,0,0,2,0,0,5,3,3,0,6,1,0,2,0,3,0,1,14,0,5,1,20,2,0,12,0,19,2,2,1,1,0,0,6,1,1,1,0,7,1,3,4,10,1,11,11,1,1,0,3,0,8,0,1,8,2,2,1,8,16,0,0,1,7,0,6,6,8,3,11,4,12,8,2,0,0,0,18,2
0,0,0,1,3,1,16,2,24,5,2,0,19,22,1,1,4,0,15,3,17,0,0,3,0,19,2,1,7,0,3,1,0,0,27,0,4,6,4,1,3,1,8,2,8,79,5,5,0,4,1,23,0,1,2,0,3,29,2,7,3,9,10,13,3,0,2,65,5,8,0,4,36,1,0,4,1,0,18,17,2,0,2,1,0,4,3,7,15,2,7,3,3,2,0,9,0,2,23,4,6,0,21,8,0,13,0,27,2,1,0,0,5,1,8,1,1,10,2,23,8,5,6,9,4,12,14,0,1,1,10,0,15,1,1,4,2,0,6,11,18,0,0,2,32,0,18,20,15,10,28,10,28,12,2,0,2,0,14,3
2,5,4,6,5,2,3,12,3,0,5,5,1,1,8,3,0,11,0,0,0,0,1,9,7,2,6,2,1,0,8,3,7,0,0,1,6,0,2,1,3,0,10,9,3,1,3,1,4,2,5,1,1,0,3,2,1,4,5,0,0,1,3,0,2,5,2,0,1,3,2,3,5,5,6,1,12,2,0,3,9,6,4,1,0,15,1,4,2,4,0,2,11,17,5,0,2,2,2,11,1,4,0,2,2,3,7,0,0,5,1,2,0,0,0,0,0,9,2,6,5,3,0,1,11,0,0,4,2,3,4,10,0,3,2,1,0,2,1,4,0,3,1,25,0,3,0,1,0,0,0,3,0,0,5,2,0,2,1,3
12,6,17,18,8,9,1,10,15,0,7,12,1,4,8,11,2,12,6,3,4,15,3,6,9,6,17,3,5,0,15,5,4,3,1,13,15,3,1,8,10,3,9,12,1,4,8,5,1,2,2,3,2,3,0,4,8,2,4,0,3,0,5,2,7,1,6,0,8,3,4,2,2,8,15,10,8,5,1,2,5,11,4,0,6,10,3,3,2,3,2,2,14,7,22,2,8,3,4,22,1,14,1,6,5,10,11,5,4,15,7,2,3,15,0,0,8,0,11,4,8,3,3,0,8,2,3,14,3,13,6,8,1,23,13,7,8,5,9,5,1,2,4,25,0,9,3,1,3,2,0,0,0,4,15,8,12,4,1,12
1,0,3,6,19,5,0,13,3,0,0,0,3,0,2,0,2,0,3,0,1,0,0,1,6,2,1,4,6,0,12,1,5,0,0,6,5,0,3,0,1,0,19,6,5,5,3,2,2,0,4,0,0,2,4,0,2,0,2,4,3,1,9,0,8,3,2,0,5,1,0,3,0,0,2,0,0,0,1,2,12,2,4,0,0,10,1,0,3,2,0,1,8,10,0,0,4,3,3,3,0,1,0,2,8,3,1,1,2,3,6,1,0,7,0,0,2,21,1,6,8,5,5,0,13,3,0,1,0,4,1,7,0,10,1,1,1,1,1,3,0,2,1,15,0,10,0,0,3,3,0,0,0,0,2,2,4,7,3,6
2,0,8,2,4,0,6,0,9,8,0,1,0,1,3,1,8,0,0,4,2,0,0,10,0,4,3,3,13,1,9,7,5,0,4,0,1,4,4,26,9,0,5,6,12,10,4,12,2,11,0,1,3,1,8,2,0,13,2,4,2,3,2,3,6,7,12,0,12,15,3,9,3,2,16,14,0,0,4,6,2,3,10,4,1,4,3,2,1,1,5,8,0,10,0,6,2,2,7,2,10,0,1,19,1,2,0,2,1,6,1,2,11,3,0,1,2,2,0,4,6,10,7,1,0,6,2,3,19,0,9,7,2,1,8,27,6,0,1,5,14,0,0,8,1,5,3,1,0,3,2,3,5,3,2,1,2,12,4,22
0,0,3,1,6,0,9,3,15,4,4,1,28,9,1,1,10,3,24,2,28,0,0,14,0,15,3,2,8,0,1,0,5,0,28,0,2,14,8,1,7,0,7,5,12,54,9,6,5,6,1,16,29,4,2,0,13,0,2,16,3,9,1,12,3,0,11,58,20,9,0,2,6,0,6,18,4,3,17,22,1,5,0,6,0,2,13,7,10,0,6,3,2,3,1,13,0,2,32,3,1,3,7,5,3,16,0,38,6,34,1,0,3,0,19,6,1,3,2,21,0,3,7,33,0,21,15,5,1,0,4,5,14,1,1,5,0,0,3,24,14,0,0,0,23,3,8,20,12,9,25,10,44,12,7,0,1,3,7,6
0,0,6,2,3,4,2,2,7,4,4,0,0,0,1,2,4,5,1,1,1,0,0,2,0,4,4,3,13,0,18,1,5,0,1,2,5,1,5,4,4,0,17,21,3,3,12,3,6,3,0,0,2,5,4,2,2,2,0,1,0,1,5,5,0,9,3,1,5,9,5,6,3,1,9,5,3,0,0,2,10,5,3,4,5,0,4,3,5,5,0,5,3,7,1,6,0,1,2,7,0,1,1,3,0,10,1,1,5,2,0,1,5,1,2,3,0,11,0,7,4,3,1,0,3,1,0,2,8,2,7,8,0,2,2,8,6,0,4,4,4,1,0,2,1,6,1,0,0,2,1,4,1,3,1,2,0,9,2,10
0,0,3,0,5,0,2,0,14,3,7,0,4,1,1,2,1,2,13,8,2,0,0,4,0,6,0,1,6,0,3,0,2,0,1,0,2,2,3,2,7,0,2,4,2,11,4,3,2,3,0,3,7,0,0,4,4,16,1,0,3,2,19,1,1,2,6,3,1,4,0,1,1,1,1,1,6,0,5,22,0,1,0,2,0,2,19,1,5,1,6,25,6,4,4,5,0,6,8,2,3,3,4,8,2,4,0,5,4,0,1,4,1,4,8,2,3,6,0,4,2,2,4,4,3,3,0,4,5,2,10,0,7,0,0,15,1,0,2,4,4,0,0,1,2,0,6,1,2,8,3,4,0,1,0,3,1,19,3,5
0,1,6,5,2,4,1,4,7,6,1,1,7,4,1,2,8,2,3,1,0,5,0,6,0,13,2,2,9,0,5,1,16,0,4,1,1,2,5,7,12,0,3,12,4,28,26,3,3,6,1,0,3,0,3,3,2,3,0,3,0,3,5,4,0,1,9,11,0,7,1,10,22,2,0,1,4,1,7,3,5,6,5,17,4,4,8,6,4,7,19,7,4,4,3,6,2,1,8,2,7,1,8,11,2,9,1,6,1,3,0,1,1,4,4,10,2,3,1,3,1,7,0,1,2,6,3,3,13,1,1,1,5,6,6,6,1,1,2,6,10,1,0,3,8,5,13,5,2,3,5,16,7,6,7,0,2,3,5,2
0,0,1,1,0,0,3,1,9,0,0,2,15,7,1,0,2,0,9,0,14,0,1,4,0,17,0,1,5,0,0,3,2,0,4,0,0,6,1,1,3,0,3,3,2,33,6,5,0,3,0,15,9,1,0,1,3,9,1,2,3,0,6,10,0,0,1,21,4,2,0,0,16,0,0,3,0,0,7,10,0,3,0,2,0,0,0,1,11,1,0,1,1,1,0,5,0,0,7,0,5,0,5,7,0,8,0,20,1,3,3,1,0,0,8,3,0,3,0,1,0,3,4,8,3,21,12,0,2,0,1,0,18,1,0,7,0,1,3,12,11,0,0,2,19,0,16,20,7,5,11,5,17,14,0,0,1,0,11,2
6,1,8,5,3,7,0,11,10,6,4,2,2,0,8,5,5,1,9,0,1,0,1,1,6,6,14,1,13,0,9,2,17,0,2,5,6,0,17,3,8,0,5,18,23,10,10,3,3,9,5,2,10,3,5,9,2,1,5,19,5,6,0,6,5,6,9,3,1,17,2,2,5,3,5,14,5,5,4,4,2,6,6,2,6,7,20,7,6,2,1,11,8,1,3,2,11,7,10,4,2,4,2,3,0,5,2,13,10,16,3,1,1,12,2,1,9,15,6,2,19,8,7,6,3,7,1,5,0,6,6,1,3,4,5,17,5,5,0,1,8,0,2,9,1,8,5,5,1,4,4,5,0,6,2,4,6,2,6,4
0,0,4,3,1,0,9,0,5,1,0,0,2,7,4,1,5,0,9,3,10,0,1,7,0,2,0,0,6,0,4,3,0,0,6,0,0,0,6,4,7,0,7,4,11,18,2,2,2,10,0,16,13,0,2,0,3,12,5,1,4,10,6,0,7,1,4,11,6,2,4,4,19,1,4,12,4,4,7,6,1,1,0,0,1,0,2,8,7,0,3,0,0,4,3,0,0,2,8,1,3,0,5,10,1,2,2,8,12,0,1,0,1,0,1,1,1,2,0,9,1,3,1,2,0,10,7,7,1,0,6,1,14,1,0,24,1,0,9,11,8,0,2,3,3,1,2,10,6,9,18,8,4,9,1,0,1,2,11,9
6,3,6,17,0,5,3,3,2,1,8,0,0,1,4,7,8,4,1,0,3,3,1,2,11,0,4,2,0,1,21,6,0,0,4,1,1,0,1,7,0,0,5,3,5,5,4,0,0,3,7,0,3,2,7,8,6,3,0,1,0,0,5,7,0,4,1,0,2,6,1,1,0,3,2,4,5,0,0,4,9,0,6,0,0,4,3,0,0,5,0,0,2,6,2,0,1,5,3,6,5,1,1,4,1,3,4,0,3,5,13,8,0,2,1,0,4,7,1,2,2,3,0,4,14,3,1,7,1,0,2,7,0,6,1,11,0,2,1,0,0,0,0,8,3,4,0,2,0,2,1,1,0,3,5,0,2,3,3,9
2,3,5,7,10,2,1,20,1,5,6,7,3,1,2,5,2,0,3,5,3,3,2,9,0,2,8,2,8,0,1,2,7,0,0,4,4,5,3,9,9,0,7,19,6,6,13,5,2,3,3,0,0,5,1,3,7,0,9,2,1,0,6,1,4,0,4,0,6,9,0,6,4,3,10,8,4,1,1,5,12,5,6,8,0,0,15,2,0,7,6,22,11,2,2,3,5,1,4,18,3,9,5,4,1,2,1,2,4,1,0,0,7,10,0,2,7,3,6,5,4,4,3,2,15,1,2,7,3,2,16,6,1,6,8,6,3,2,1,2,7,2,0,8,2,1,1,0,1,15,2,4,1,4,4,1,0,0,1,2
2,1,5,3,14,0,15,1,19,14,0,0,9,7,0,1,8,0,2,13,0,0,0,20,1,10,3,0,14,1,7,4,4,0,4,1,3,56,6,10,18,0,12,12,7,9,2,4,3,3,4,5,2,2,6,2,12,11,3,6,9,1,9,4,1,4,0,2,11,17,4,3,13,1,4,11,1,0,2,8,2,0,8,7,3,0,11,0,5,0,22,8,2,1,0,8,0,1,9,1,6,1,23,3,0,7,0,4,9,4,1,2,6,2,3,10,0,4,0,8,8,8,9,2,1,4,4,3,17,6,0,0,9,0,2,13,2,0,12,14,14,1,0,2,8,6,1,3,8,0,1,3,9,4,0,0,2,2,12,0
5,0,4,2,3,2,29,8,13,1,4,0,37,18,1,0,8,0,32,1,61,0,0,1,0,39,0,0,6,1,1,0,6,0,29,1,0,4,12,4,5,0,2,6,11,81,15,3,5,10,1,18,65,0,0,0,0,58,1,3,11,21,3,11,0,0,2,0,18,8,3,3,15,0,3,8,2,0,13,21,1,1,0,5,1,0,8,3,34,0,7,4,3,0,3,5,0,7,49,0,6,1,27,3,1,7,0,39,2,1,0,0,2,4,22,4,0,0,1,26,1,6,1,25,1,22,19,5,4,0,4,2,56,0,6,5,0,0,1,30,23,0,0,2,28,1,22,62,23,7,22,20,35,40,1,0,0,1,37,5
3,0,6,5,3,1,18,0,5,17,1,3,2,8,1,1,7,0,9,10,5,0,0,7,2,2,3,0,15,3,6,2,4,0,12,0,0,46,5,14,28,0,13,3,16,33,13,18,8,13,3,5,5,1,8,5,12,20,5,1,0,4,1,6,2,6,11,18,0,13,0,13,15,3,2,15,4,0,8,9,4,1,4,10,1,0,13,5,4,1,20,3,0,1,1,24,0,6,8,3,7,0,10,14,0,6,0,4,20,6,1,0,9,4,10,34,2,1,0,12,3,21,7,20,2,11,6,11,33,0,4,4,13,2,2,9,3,5,5,5,24,0,0,1,48,3,0,7,7,4,0,6,11,14,1,1,0,6,11,14
5,1,6,8,10,1,9,2,7,15,7,2,7,8,9,4,8,1,9,15,2,0,1,19,1,14,4,0,9,0,8,4,9,0,2,0,4,27,16,27,13,2,5,10,6,7,14,7,1,8,1,5,8,3,3,1,15,9,9,4,7,2,17,2,6,9,17,8,13,0,4,1,16,1,12,14,0,0,2,10,1,1,7,13,6,1,23,6,3,2,10,18,6,11,1,17,3,4,6,4,8,0,6,14,1,8,1,3,9,16,0,2,1,4,4,10,8,7,0,14,19,10,12,15,2,4,1,1,15,2,11,3,1,3,2,17,3,4,6,4,7,1,0,9,4,2,6,3,1,11,4,9,2,9,3,1,2,12,2,13
0,0,3,0,0,2,0,14,7,0,0,0,0,0,2,0,6,1,0,7,1,1,1,0,2,3,5,3,7,0,7,2,6,0,0,1,5,0,1,0,3,3,6,0,8,6,4,1,0,4,0,0,0,2,4,0,3,0,5,0,1,0,2,4,1,0,4,3,0,4,0,3,1,1,3,6,5,0,0,1,12,1,3,2,4,0,7,0,3,0,0,3,0,0,3,4,2,2,1,14,0,0,3,6,0,1,1,0,4,2,1,0,3,4,0,2,1,1,1,7,0,1,0,1,4,5,1,1,4,2,3,5,0,0,1,6,3,0,1,1,0,1,0,5,1,0,0,3,0,2,1,5,0,0,2,0,2,2,4,4
2,1,6,3,5,1,0,11,5,3,5,3,2,2,10,0,9,5,6,1,2,0,2,9,0,5,9,0,12,0,13,4,7,1,1,0,15,0,1,8,13,2,15,13,5,10,7,7,5,25,4,2,4,3,2,3,9,2,6,1,10,0,2,4,1,6,3,3,13,1,3,0,6,4,11,7,11,1,2,3,8,2,1,2,1,4,2,9,0,8,0,22,0,2,6,3,3,3,5,16,1,0,6,2,2,6,1,5,5,4,8,20,2,8,0,3,0,9,4,2,11,3,8,3,18,4,3,2,4,8,1,4,2,2,6,7,6,3,11,2,3,1,0,13,9,0,2,0,0,3,3,2,2,4,1,2,5,13,5,12
0,1,6,5,4,0,16,0,9,6,1,0,23,14,2,7,10,2,18,3,11,1,0,17,0,31,0,3,11,0,2,1,9,0,11,0,2,13,7,5,7,0,3,6,6,45,20,6,9,15,3,21,36,5,2,0,3,6,3,1,22,16,5,19,0,4,13,15,15,16,1,6,0,0,6,3,7,0,38,8,7,1,0,10,0,0,8,15,9,3,5,1,4,6,2,5,1,2,26,0,9,0,16,14,0,8,0,20,11,1,1,1,4,1,11,10,1,10,0,19,9,9,4,16,2,8,10,2,2,0,3,5,8,2,1,17,4,2,9,10,23,0,0,1,15,1,29,7,4,1,21,4,20,7,5,0,1,0,9,11
1,7,9,6,1,13,0,10,3,0,5,11,1,1,3,12,5,9,0,1,0,10,2,6,1,2,21,3,4,0,3,0,5,0,1,4,13,2,0,10,4,3,4,10,0,2,6,5,3,0,3,1,1,5,8,0,2,0,1,1,2,0,3,1,3,3,1,0,3,1,1,4,0,0,4,4,2,5,0,4,4,10,4,1,6,6,2,1,3,6,1,6,8,3,6,1,7,3,4,25,0,9,0,3,1,5,20,0,2,2,1,8,2,16,1,0,4,3,3,1,5,2,3,0,26,5,0,15,6,9,2,24,7,17,12,6,4,3,6,2,1,7,0,12,0,9,0,1,1,7,1,1,1,0,6,7,8,4,0,18
3,3,5,9,5,7,2,4,4,7,11,11,1,1,4,12,3,5,5,4,2,3,5,21,6,3,9,0,9,0,10,6,7,0,0,11,9,1,4,11,17,2,13,4,12,9,14,13,8,4,8,1,0,6,15,2,16,6,9,1,0,0,5,4,2,10,4,3,2,12,3,11,6,4,0,8,9,6,5,8,8,4,7,2,2,3,2,4,5,8,2,8,17,11,4,3,5,9,3,5,4,5,2,3,8,7,4,3,4,3,7,2,13,6,3,2,7,5,3,3,12,14,8,0,10,6,0,7,2,15,12,8,1,5,2,14,9,6,13,2,2,0,1,10,5,7,0,2,1,0,2,1,3,6,8,3,5,8,2,20
2,0,6,4,5,0,4,1,3,10,8,0,8,1,6,1,6,1,8,8,3,0,0,15,0,7,1,0,18,1,6,2,8,0,11,0,1,9,7,8,18,1,4,19,17,11,5,20,4,3,0,2,4,1,10,0,14,18,5,1,1,3,14,12,4,8,11,8,15,14,6,7,3,4,8,0,0,0,2,8,1,2,9,12,0,0,16,7,3,0,11,12,1,4,4,0,1,8,10,2,12,2,8,12,2,13,1,5,6,4,1,11,3,1,6,3,3,8,2,18,5,4,5,6,3,8,3,1,18,0,6,0,0,1,0,11,1,2,3,9,9,0,0,3,10,0,0,4,2,7,5,2,9,12,1,2,0,2,10,5
0,0,5,2,13,1,1,4,2,2,0,0,0,6,9,1,8,0,1,3,4,0,0,3,3,4,4,0,9,0,6,0,21,0,0,1,1,0,2,1,8,1,10,4,4,2,17,0,0,4,1,3,1,12,8,0,0,4,3,6,4,0,5,4,5,4,1,2,4,0,5,11,7,2,9,0,0,0,3,6,1,2,0,1,1,3,1,3,1,3,5,0,13,6,3,3,0,0,5,0,1,2,1,0,0,2,0,5,1,1,3,0,5,2,0,0,5,17,0,3,0,1,0,2,0,2,0,2,1,0,3,1,0,2,0,0,4,1,3,0,1,1,0,3,2,2,0,1,0,7,1,1,1,0,5,3,1,2,2,0
6,0,6,0,3,17,2,18,0,0,5,6,0,0,3,1,0,7,0,0,1,20,15,6,1,0,5,1,2,0,17,0,3,16,0,17,5,0,0,0,4,9,6,3,0,1,3,0,1,0,5,0,0,2,5,0,0,3,0,0,1,0,5,4,0,1,0,0,0,0,0,1,0,5,6,0,0,0,0,2,0,3,3,0,15,8,1,0,0,2,0,0,13,7,3,1,13,1,1,6,0,2,0,0,9,7,12,0,0,4,3,0,0,18,0,1,4,2,41,0,3,0,0,2,14,0,0,8,0,4,1,9,1,4,4,11,7,11,0,1,0,6,32,14,0,0,1,0,0,1,0,0,0,0,2,5,10,1,0,1
0,0,3,2,0,0,9,2,7,3,1,0,14,3,3,2,3,0,19,1,9,0,0,8,0,8,1,0,6,0,1,0,7,0,27,0,0,4,2,3,6,2,7,7,7,35,13,6,7,7,0,9,18,0,1,1,4,17,0,5,7,7,4,7,0,1,2,13,8,2,0,2,38,0,5,2,3,0,0,14,2,2,2,4,0,0,1,8,14,0,4,3,3,0,1,0,0,1,28,4,3,2,13,2,0,4,0,6,4,5,0,0,2,1,5,0,3,8,0,12,6,17,3,4,0,8,7,2,2,0,2,0,13,2,0,8,0,1,4,11,22,0,0,3,4,0,15,18,4,5,6,3,11,20,1,0,0,0,13,4
0,1,4,3,7,5,25,2,31,5,3,0,14,9,3,2,21,0,26,5,13,3,0,13,1,23,0,1,15,0,2,2,8,0,17,1,3,22,7,7,11,0,9,5,11,56,10,8,1,3,1,8,17,3,2,2,6,22,2,22,3,10,4,6,4,5,8,21,9,10,1,3,8,4,8,8,6,2,14,0,3,1,5,11,5,2,6,12,15,0,8,11,8,3,0,8,2,4,34,7,13,3,26,11,3,12,1,12,5,10,0,2,8,2,7,7,0,3,5,16,3,10,4,15,3,17,4,4,9,1,11,1,12,3,4,7,2,2,8,34,26,0,5,3,16,4,7,17,12,8,18,17,16,18,6,3,0,3,6,16
6,2,12,0,2,9,0,25,0,3,25,0,3,0,5,7,3,14,0,0,0,3,5,5,9,1,12,1,12,0,11,0,4,0,0,7,27,5,2,0,1,0,17,5,5,5,8,2,6,0,25,2,2,9,5,12,2,1,10,0,5,0,2,1,9,12,2,1,4,1,12,8,7,4,8,1,1,0,2,3,0,10,1,1,9,27,3,11,0,7,3,4,2,18,3,3,2,1,1,7,1,15,0,4,13,2,3,2,0,18,6,2,1,6,2,1,15,4,6,2,6,0,0,0,24,1,0,8,3,9,5,11,2,22,3,3,14,9,1,3,3,3,3,43,0,38,2,2,1,1,0,0,0,0,6,2,2,8,2,20
4,2,16,7,1,6,1,15,3,2,3,3,3,1,6,13,1,5,0,0,0,0,0,8,3,1,7,1,16,0,8,0,4,3,0,3,17,0,4,0,2,1,5,8,4,3,1,0,4,0,8,0,0,6,11,2,3,5,5,1,6,3,6,1,0,5,0,1,1,1,1,2,1,10,4,2,2,3,2,1,10,0,5,3,7,10,0,1,0,8,2,1,2,3,4,1,7,4,2,12,1,4,0,6,1,1,6,0,1,6,3,0,3,9,1,1,10,2,7,0,2,4,4,1,19,1,0,8,3,12,1,14,1,8,4,4,18,0,1,1,0,1,0,20,1,9,2,1,1,1,0,0,1,0,4,8,12,3,2,8
22,0,7,9,1,4,1,3,6,7,1,0,3,1,1,13,2,0,0,2,4,5,1,12,2,3,9,0,10,0,2,3,2,0,1,5,6,1,5,1,12,0,4,11,3,4,3,1,7,4,6,0,2,4,4,4,10,0,3,0,5,0,6,0,6,6,8,0,4,7,3,1,0,4,7,9,0,3,2,5,1,5,0,5,0,15,0,1,0,1,4,4,5,3,1,6,3,7,2,1,0,0,6,6,2,8,1,0,1,1,2,0,6,0,0,1,6,0,4,8,2,1,3,0,19,0,2,6,2,8,5,2,1,3,2,7,5,2,4,1,6,0,1,12,3,2,1,0,0,3,0,0,2,6,1,4,7,4,4,22
1,0,1,2,6,1,4,0,6,10,1,1,10,0,3,0,9,0,5,8,5,0,0,5,0,5,0,0,7,0,8,7,5,0,5,1,1,88,1,5,37,0,9,1,8,17,1,14,0,0,3,2,1,1,0,0,4,6,4,2,17,2,2,0,0,8,7,5,10,13,2,2,10,1,2,12,1,0,4,11,1,3,5,0,1,0,8,4,3,0,26,6,0,2,1,19,0,2,4,0,14,0,26,4,0,7,0,3,4,5,0,0,4,0,3,19,1,3,0,6,2,5,10,4,2,10,1,0,35,0,5,0,1,0,1,7,0,0,9,0,11,0,0,1,3,0,6,8,0,0,2,8,6,3,5,0,0,3,4,11
1,5,14,3,0,30,0,6,4,0,5,31,2,0,1,31,3,2,1,0,1,12,12,3,3,1,9,1,4,0,9,1,4,7,1,3,4,0,3,1,2,16,3,5,1,0,5,2,2,0,0,0,0,0,6,0,1,0,5,0,4,0,6,1,0,0,3,1,1,6,4,1,0,6,2,0,1,15,0,5,9,7,0,1,0,0,0,2,0,2,1,0,3,0,21,1,6,0,1,13,0,5,0,2,5,4,10,6,0,2,2,0,0,3,0,0,7,0,37,1,4,2,2,2,4,3,1,2,4,4,5,14,1,5,6,2,4,0,2,3,0,13,17,11,0,1,0,0,0,0,0,0,0,1,3,11,3,0,1,8
2,5,8,3,6,9,0,29,3,4,15,0,0,0,9,1,2,6,0,0,1,2,3,10,16,3,10,4,9,0,12,3,5,1,0,3,16,2,4,0,1,3,5,4,0,2,6,0,10,0,21,0,4,15,10,10,4,2,0,2,4,0,7,0,4,0,0,0,0,1,0,4,0,6,3,0,3,8,0,2,27,10,15,0,0,0,0,1,0,19,1,6,1,52,5,1,11,2,6,7,0,3,0,12,6,5,2,1,0,10,7,1,1,7,0,0,19,19,12,1,3,2,0,0,13,2,1,9,0,7,10,2,2,5,2,7,6,2,0,1,0,6,1,13,0,31,1,0,0,7,0,0,0,0,21,13,2,11,1,10
0,0,3,2,5,0,1,1,6,14,3,2,9,5,0,0,3,1,16,4,2,1,0,19,1,7,1,0,14,1,1,1,15,0,0,0,3,5,1,4,20,0,11,13,11,19,11,7,0,7,0,5,3,1,3,1,3,13,4,19,8,0,20,2,3,15,11,8,13,23,7,2,8,2,2,16,1,1,1,6,3,0,0,8,0,0,0,7,4,0,21,9,2,0,0,21,1,4,7,0,3,1,6,7,0,9,0,5,9,3,1,0,1,1,2,20,0,12,1,11,8,15,4,10,2,10,1,5,22,3,5,1,9,1,2,16,4,0,5,7,9,0,0,5,15,3,3,4,3,12,6,3,6,6,4,2,0,9,11,11
0,1,5,11,2,1,3,10,12,2,7,3,6,5,1,3,3,4,9,0,6,4,1,4,1,7,6,7,12,0,6,2,4,1,2,1,2,3,5,10,8,0,3,2,3,7,8,7,3,7,4,3,7,4,3,0,2,7,3,1,6,1,7,8,0,2,0,3,5,6,0,9,15,1,4,7,3,0,8,12,11,1,1,4,2,1,7,0,2,4,2,1,2,11,4,6,1,10,1,6,3,0,8,5,2,7,5,9,2,8,0,1,6,1,6,2,2,21,0,7,7,3,8,6,11,3,3,6,7,0,4,4,5,9,4,3,4,0,2,7,2,1,1,4,7,7,4,4,1,3,5,1,6,13,19,2,1,14,11,13
0,0,2,3,2,0,5,1,8,1,0,0,10,9,2,0,4,1,17,0,7,2,0,10,0,13,3,7,9,2,3,0,6,0,16,0,0,0,1,7,8,0,3,1,3,22,8,4,8,4,1,3,15,2,2,3,1,10,5,5,4,11,6,7,0,0,5,34,4,3,3,0,9,3,5,3,1,0,14,15,0,0,0,3,0,0,4,2,0,0,5,6,3,1,0,13,1,0,20,5,3,0,20,7,0,19,1,8,7,5,1,2,2,0,9,3,0,0,0,9,3,8,2,5,6,2,0,1,2,0,14,0,9,1,1,3,0,1,2,17,7,0,0,1,25,0,11,16,9,3,5,10,9,23,1,0,0,1,12,0
6,2,11,5,7,11,0,3,2,0,6,16,1,0,10,28,0,12,1,0,0,5,2,0,8,3,23,2,10,0,11,0,2,1,0,2,18,0,0,0,3,20,5,10,1,2,2,0,0,6,14,0,2,4,3,2,1,0,5,1,7,1,2,0,5,7,0,0,1,2,0,8,3,6,8,0,3,2,0,0,7,8,1,0,2,19,0,4,0,0,0,12,5,2,14,0,7,2,3,5,0,7,2,1,9,7,1,0,0,3,5,0,1,13,0,0,2,3,7,2,5,2,4,1,17,1,3,5,0,3,0,14,1,9,8,0,5,4,1,5,1,7,6,15,2,10,1,0,0,1,0,2,0,1,14,6,10,4,1,6
0,0,3,1,3,0,10,0,15,10,1,2,3,2,1,0,2,0,5,32,0,0,0,17,0,5,1,0,4,0,2,4,12,0,2,1,2,88,3,7,16,0,4,6,9,29,4,12,1,3,0,6,7,0,2,0,5,6,0,6,19,0,1,3,0,6,22,7,20,10,0,0,5,1,2,11,5,0,4,8,3,2,4,26,1,1,21,2,5,0,0,4,0,0,0,35,0,1,8,0,15,0,14,8,0,4,1,0,5,11,0,1,3,0,3,24,0,1,0,4,5,11,9,5,2,4,1,1,15,0,3,0,3,0,0,9,1,0,2,12,12,0,1,0,6,1,2,0,2,0,1,8,13,3,6,1,0,2,6,5
7,0,3,4,11,1,1,0,13,12,4,0,0,1,6,5,11,0,5,5,3,1,0,2,1,5,4,1,7,0,6,2,4,0,6,0,1,9,9,1,12,0,10,4,3,7,4,10,3,2,3,1,3,2,2,1,8,3,5,25,7,1,11,0,0,22,8,4,3,18,3,22,1,6,8,12,0,0,3,11,4,1,4,6,0,6,9,1,6,12,4,0,6,3,0,5,0,1,2,8,7,1,4,7,0,5,1,1,5,1,4,1,6,0,2,3,6,7,1,2,8,9,3,6,9,3,1,3,3,0,9,1,1,1,0,7,2,3,1,1,4,0,0,2,5,1,2,5,0,6,1,2,7,0,12,0,3,4,2,7
3,5,9,2,4,6,3,2,3,3,5,4,7,0,8,3,6,3,2,0,0,1,2,9,0,2,13,6,13,0,9,0,7,0,4,8,8,0,5,6,1,2,2,14,0,11,2,2,0,3,14,0,3,11,14,8,0,2,3,6,4,1,8,0,2,11,2,3,0,6,0,0,4,8,17,1,13,13,3,8,2,2,5,0,3,1,2,2,3,5,0,6,0,4,5,0,3,6,1,3,1,3,5,0,2,1,5,1,2,2,6,0,4,8,1,0,7,4,5,0,7,9,2,1,14,2,0,12,6,16,3,5,1,6,9,8,10,4,3,5,10,0,0,14,2,2,0,5,0,5,0,1,1,9,5,3,5,3,3,11
4,0,7,20,4,1,3,10,3,0,6,3,5,1,22,7,3,4,3,1,2,1,3,0,2,3,4,4,1,0,11,1,5,0,0,0,6,0,3,1,6,1,22,0,2,4,11,2,2,5,8,2,2,17,7,10,10,3,7,4,4,1,1,4,6,2,1,0,1,11,0,2,6,3,11,4,6,7,0,3,18,3,3,2,0,52,0,11,1,2,0,3,4,0,3,3,3,3,1,5,1,2,0,10,11,13,4,0,1,6,11,3,8,6,4,0,8,12,2,2,8,2,3,2,25,0,2,9,6,6,2,9,1,12,0,13,11,13,4,0,4,5,0,4,2,9,0,0,1,1,0,2,0,6,7,3,3,10,6,4
5,16,25,3,2,30,0,8,3,4,6,43,0,0,3,20,0,5,1,0,0,18,9,1,4,0,26,2,1,0,14,0,5,16,0,22,17,0,0,0,4,38,1,7,3,1,2,1,5,0,6,0,0,5,22,0,0,1,1,4,3,0,3,3,2,2,0,3,1,1,3,6,2,6,4,4,3,3,1,0,3,4,1,1,21,5,0,4,0,14,0,0,5,3,0,1,39,1,0,8,0,11,1,3,6,4,19,4,1,1,9,1,5,5,0,0,2,5,18,1,2,0,2,1,14,3,0,1,0,2,1,17,1,7,8,2,3,13,3,5,0,38,8,4,0,5,1,0,1,4,0,1,0,1,5,21,22,0,2,2
4,1,2,8,8,0,13,0,6,15,1,1,16,3,0,1,1,0,11,79,11,0,0,8,0,10,1,3,4,1,4,5,25,0,2,1,4,47,3,10,21,0,9,1,0,18,3,3,1,15,2,3,9,0,2,0,6,13,6,5,6,5,2,0,0,3,8,5,24,17,4,3,5,1,3,0,3,1,0,8,3,1,6,19,1,1,21,6,13,0,35,5,0,3,1,0,1,6,3,1,14,1,34,8,3,3,0,8,7,2,1,1,1,2,2,33,3,4,1,8,1,6,4,3,3,4,1,1,17,0,5,1,6,0,3,10,4,2,5,21,17,0,0,2,10,2,5,14,0,0,3,27,13,9,2,1,0,5,4,14
7,7,19,10,2,14,1,9,4,1,14,27,0,1,3,24,3,12,0,0,0,10,3,0,5,0,21,7,8,0,13,1,0,7,0,16,7,0,0,3,6,20,2,8,0,2,0,0,2,0,2,0,0,2,8,4,2,0,0,0,2,0,11,0,1,5,0,0,0,3,2,3,1,7,5,1,0,13,0,2,2,7,3,0,6,11,1,1,1,7,0,0,3,3,39,1,0,1,2,35,3,6,0,1,2,0,23,0,1,2,5,0,3,13,0,1,9,3,19,2,4,0,0,0,20,2,1,9,0,18,1,4,1,11,16,0,3,6,1,0,0,16,16,11,1,9,0,0,0,1,0,0,0,1,8,12,16,3,0,4
1,3,7,8,1,2,2,1,2,1,4,0,2,1,2,2,6,2,0,3,0,1,5,1,1,1,8,3,4,0,1,1,6,0,1,5,10,0,3,8,4,1,12,5,12,7,2,6,4,2,3,1,2,2,3,3,2,2,1,6,1,0,7,2,5,1,1,7,6,4,2,3,2,3,9,8,0,1,1,4,1,4,7,2,0,2,4,10,0,2,1,1,6,3,1,6,1,0,0,5,2,6,2,1,8,2,1,4,4,0,2,4,8,2,4,1,2,6,1,5,0,8,4,2,4,0,1,4,5,1,3,1,1,5,6,14,4,2,0,3,2,1,12,12,0,2,1,0,0,2,1,5,2,3,5,4,6,5,0,5
0,0,9,3,2,0,8,5,18,3,2,0,5,21,1,2,30,0,22,0,27,0,0,14,1,16,0,0,4,0,2,3,6,0,19,0,2,12,5,11,8,0,10,3,6,38,12,5,5,14,1,14,23,2,4,3,7,32,2,8,8,7,10,8,3,4,9,49,8,6,1,5,26,4,3,10,5,1,28,34,1,2,2,4,1,6,7,1,20,3,8,2,1,1,0,3,2,0,0,4,12,2,16,4,4,13,1,14,12,5,0,0,7,0,4,5,1,24,1,24,7,4,7,19,1,25,8,2,7,4,3,7,27,2,1,16,3,0,10,12,16,0,0,3,13,2,17,28,20,8,53,9,20,11,2,1,0,0,30,4
11,11,21,16,0,22,3,4,4,5,11,34,0,0,10,59,2,16,0,0,3,17,11,0,10,3,5,1,6,2,28,0,4,0,0,7,6,0,1,8,16,10,5,31,4,11,3,3,0,0,10,0,4,11,22,3,2,3,7,2,2,0,4,1,6,18,1,0,3,4,14,16,0,25,5,2,0,6,4,7,7,12,1,0,13,7,0,6,5,5,0,8,3,5,8,1,35,5,4,0,1,10,2,0,10,9,34,1,0,2,11,2,29,33,5,2,40,2,18,1,6,11,0,0,27,2,0,24,5,13,6,16,1,12,30,15,14,4,9,2,1,1,7,29,6,40,3,2,1,6,0,0,0,3,4,13,21,12,0,4
2,0,3,11,7,2,10,0,16,15,2,1,4,2,0,1,7,0,24,18,8,0,1,9,0,2,1,2,6,0,2,1,9,0,2,0,2,47,1,4,21,0,4,3,1,24,4,4,8,4,0,5,6,1,1,0,10,1,0,3,7,5,2,3,5,3,6,6,7,8,0,1,9,0,4,12,1,0,3,13,1,1,0,14,0,0,3,3,3,0,15,7,1,1,0,14,3,2,12,1,0,0,7,6,0,5,2,2,6,3,1,1,2,1,2,6,1,8,1,4,6,6,0,2,5,5,2,2,22,0,2,2,9,0,0,12,1,0,6,19,16,0,0,0,4,0,2,5,3,6,4,8,6,6,3,0,0,0,3,3
5,5,17,4,2,13,0,7,5,1,1,16,3,0,0,18,0,9,0,0,1,21,6,2,4,1,7,1,4,0,19,1,0,2,1,7,4,0,1,9,8,11,4,10,4,7,2,0,1,1,2,1,0,4,14,1,0,3,1,3,1,0,4,0,1,9,1,1,0,0,0,0,0,9,5,2,2,2,2,3,15,4,0,0,5,3,1,0,0,7,0,1,3,2,11,1,6,6,2,10,0,0,1,1,5,8,5,1,0,1,12,9,5,8,1,0,2,7,2,0,2,1,1,0,16,3,0,6,1,5,5,4,1,14,14,1,5,7,2,7,0,5,13,18,0,5,1,1,0,1,0,0,4,0,2,7,12,14,2,2
2,0,6,0,4,0,12,2,9,2,2,0,18,6,2,0,12,0,20,8,20,0,0,17,0,14,0,0,8,0,2,4,15,0,11,0,0,56,11,9,9,1,13,2,6,49,5,2,3,14,0,20,21,0,1,0,1,7,1,4,8,5,2,5,1,5,23,27,10,6,3,6,16,0,2,8,1,0,13,26,0,0,6,26,0,0,6,8,20,2,14,4,5,0,1,34,0,2,16,2,7,1,0,6,0,3,0,9,1,2,0,0,4,3,9,15,0,8,0,11,3,5,5,23,1,20,5,1,15,0,5,1,13,0,1,21,0,0,3,13,15,0,0,2,15,0,10,28,12,4,9,11,27,7,2,0,0,2,20,6
0,3,2,9,1,0,7,2,6,9,15,0,3,11,3,6,6,3,8,1,8,0,3,3,1,6,3,5,6,0,9,2,4,0,7,1,1,1,3,9,12,1,2,13,5,27,3,13,0,10,0,2,8,2,6,2,19,5,3,8,11,7,3,10,4,4,3,3,14,14,6,2,14,3,3,12,0,0,2,11,4,6,6,4,2,12,7,5,7,1,8,7,0,10,3,8,1,1,4,0,6,1,6,0,3,2,5,0,1,13,5,3,0,8,2,1,4,4,4,1,1,6,1,2,3,4,3,2,23,2,1,2,3,1,0,30,2,0,6,6,6,1,0,2,14,24,8,2,2,3,8,8,5,12,17,3,1,5,3,11
2,4,2,6,1,1,0,9,2,0,4,1,1,1,2,5,1,8,0,0,0,5,0,7,2,0,4,5,8,0,7,0,2,2,0,1,6,2,0,1,2,1,3,5,7,6,2,1,0,0,38,0,0,2,5,8,1,3,0,2,2,0,0,1,1,1,0,1,0,1,0,2,0,1,8,2,0,9,0,3,13,1,2,0,5,6,0,2,0,9,0,0,2,11,6,3,2,8,4,10,0,5,0,3,0,5,4,0,1,6,6,0,9,2,0,1,2,5,7,0,1,3,1,0,31,0,1,17,3,3,4,8,0,16,2,1,1,0,0,2,0,3,0,12,1,9,2,0,0,3,0,1,0,0,9,6,7,3,0,8
2,1,9,2,18,2,4,7,10,2,7,1,2,6,4,1,8,0,6,1,4,0,6,26,2,4,4,2,30,0,9,2,11,0,2,4,3,0,5,2,7,0,11,9,4,11,20,3,4,6,4,12,13,3,10,3,2,16,10,4,9,8,5,2,3,2,7,7,6,8,1,6,8,5,7,13,2,7,4,12,2,1,8,7,4,5,9,7,19,7,4,5,1,13,4,3,0,2,13,9,5,8,3,2,5,0,4,1,4,1,7,3,6,2,3,4,1,5,0,5,6,20,5,2,4,2,9,11,2,1,6,6,8,1,2,21,6,4,8,7,2,1,0,10,10,5,6,7,5,3,4,4,4,9,3,2,0,14,2,16
1,9,21,4,0,20,0,17,0,0,5,13,0,1,1,22,1,12,0,0,2,8,8,4,2,0,15,1,5,0,4,0,4,17,0,11,18,0,0,2,1,11,7,12,0,3,3,0,3,0,0,0,0,7,11,1,0,0,1,0,1,0,2,2,4,1,0,0,0,1,1,1,0,20,4,1,0,12,0,1,3,6,1,0,10,2,0,5,1,1,1,1,5,4,19,0,23,1,1,34,2,5,0,5,4,4,0,0,0,2,6,1,2,10,0,0,13,3,15,3,1,2,0,0,17,3,1,7,0,7,4,12,1,18,8,5,7,5,0,1,0,4,3,9,0,2,0,0,0,2,1,0,0,1,4,9,9,2,0,4
0,0,1,0,3,0,10,2,11,0,0,0,14,15,0,0,2,0,28,0,23,0,0,2,0,20,0,0,1,0,2,0,3,0,23,0,0,0,4,0,6,0,1,2,7,45,7,3,2,3,1,19,27,0,5,1,2,38,1,5,6,20,13,8,0,2,4,39,4,3,0,5,20,0,3,5,5,0,6,12,2,0,0,3,6,1,5,9,8,0,0,1,1,0,4,8,0,4,14,1,2,1,9,0,0,1,0,0,2,1,0,0,1,1,10,2,0,2,0,14,1,3,2,16,2,21,17,3,0,0,6,1,28,1,0,3,1,0,3,13,13,0,0,0,16,0,23,27,10,5,22,9,12,16,5,1,1,1,25,0
2,0,4,3,3,0,1,0,6,7,1,1,2,1,3,0,14,1,4,4,5,0,0,9,0,0,1,1,4,0,2,4,1,0,5,0,0,12,10,2,8,0,5,0,7,11,4,7,2,2,0,2,2,0,4,2,1,6,5,4,1,1,10,12,3,4,9,2,20,9,4,5,11,2,4,6,1,0,4,5,0,1,1,4,0,0,9,2,7,0,5,5,2,1,1,7,1,4,12,0,6,0,1,1,1,4,0,2,0,4,0,2,1,0,0,4,3,7,0,6,2,12,0,2,3,12,1,3,15,0,6,1,1,0,4,10,0,0,10,7,7,0,0,1,4,1,0,2,1,4,2,10,1,2,0,1,0,1,4,15
2,1,4,3,7,2,3,14,5,12,0,2,11,6,2,10,2,2,2,3,4,1,1,14,1,5,6,5,20,0,6,6,7,0,3,4,9,16,7,22,4,1,3,2,9,8,4,5,1,3,5,2,1,5,15,3,6,34,2,0,3,3,16,0,5,1,4,1,6,16,2,4,1,2,3,4,1,4,5,10,18,6,1,5,2,10,3,8,5,3,11,1,2,6,1,2,2,0,5,2,3,1,2,13,6,1,2,1,4,0,1,5,2,1,4,7,1,16,5,3,8,12,0,3,18,3,3,2,5,5,3,1,5,21,0,6,5,4,1,5,9,1,1,9,3,12,2,19,3,2,4,2,2,0,7,6,3,5,5,8
8,3,15,10,2,6,0,11,2,1,4,30,1,0,2,18,0,6,0,1,0,10,7,3,10,0,6,7,0,0,7,0,4,1,0,3,11,0,1,1,3,6,7,8,0,3,2,0,0,0,6,1,0,1,7,6,1,1,0,1,0,3,3,1,13,0,1,0,1,0,1,8,1,1,7,1,3,3,0,0,6,3,2,0,2,7,1,0,1,5,0,4,6,11,9,1,5,2,0,11,1,12,0,5,6,7,6,0,0,1,0,1,6,11,0,1,8,2,12,0,8,2,0,0,5,3,0,4,2,10,0,7,1,12,13,3,9,5,2,2,0,13,12,3,1,5,0,0,0,3,1,0,0,2,4,4,9,0,0,2
0,0,1,3,3,2,0,1,0,0,0,1,0,1,3,1,0,2,1,2,1,0,7,0,0,1,4,2,4,0,1,4,2,0,1,1,0,1,4,7,2,1,3,1,1,2,0,0,1,2,0,1,0,2,2,1,2,0,1,4,1,1,1,0,8,0,2,0,0,2,0,20,1,8,2,11,0,0,0,2,2,0,0,0,0,1,0,1,2,0,1,1,0,3,1,1,0,4,0,2,1,9,0,3,0,3,1,0,2,5,1,0,0,0,0,0,2,1,0,0,0,5,3,0,1,2,0,1,1,0,3,1,0,0,1,6,0,2,7,1,0,0,0,2,0,3,0,0,1,2,3,1,0,1,0,0,0,0,1,5
1,0,10,4,9,7,3,2,5,7,1,3,0,1,0,2,2,0,0,7,1,0,0,2,0,5,4,0,9,0,10,2,1,0,0,6,12,0,3,4,10,1,8,22,2,8,13,8,0,1,1,0,5,0,3,0,11,3,5,1,1,0,1,1,0,7,6,2,9,1,3,2,4,2,13,3,5,0,2,8,1,3,6,4,0,1,1,6,2,1,3,6,4,8,5,1,3,8,7,29,2,5,4,0,9,6,2,1,1,2,6,0,0,5,0,2,6,4,0,4,2,9,4,0,6,3,1,6,0,0,12,5,1,20,7,7,4,10,5,0,8,0,2,7,1,5,0,2,0,3,5,2,0,0,0,2,8,8,3,11
9,8,21,12,2,11,0,9,5,1,13,7,0,2,9,6,1,5,0,2,4,21,5,8,8,2,15,1,4,0,7,3,3,0,1,6,7,1,2,2,4,6,1,10,0,4,11,1,1,1,6,0,1,0,15,7,3,0,1,4,4,0,12,0,2,10,2,4,4,4,4,8,1,16,6,1,2,18,1,2,6,9,0,0,3,7,1,1,0,13,0,0,8,6,5,2,13,2,0,33,1,8,3,8,2,2,10,1,0,1,11,0,5,0,0,0,8,17,16,3,7,5,3,0,35,2,2,9,3,13,3,3,1,11,13,8,7,4,2,1,0,3,5,24,1,5,0,1,1,6,1,0,0,4,4,10,6,1,3,8
0,0,1,1,5,0,10,0,9,2,1,0,10,4,2,0,4,0,9,2,6,0,0,9,0,12,0,2,4,0,0,0,8,0,11,0,1,8,7,1,9,0,4,4,5,39,12,6,2,4,1,6,8,0,0,0,0,19,2,8,4,8,2,1,1,0,3,22,10,4,0,0,11,1,3,6,0,0,5,7,2,1,0,3,0,0,2,6,9,0,3,2,1,4,0,2,0,4,4,5,2,1,9,2,0,3,0,10,0,4,0,0,0,0,0,2,0,10,0,6,1,7,4,7,4,4,11,1,7,0,8,2,4,0,2,8,1,1,1,18,11,0,0,0,4,1,8,9,13,3,20,9,13,19,2,0,0,0,5,2
0,0,5,2,4,0,14,1,10,10,3,2,8,0,1,0,0,0,5,10,0,0,0,11,1,4,0,0,5,0,0,2,7,0,3,0,4,83,2,6,8,1,6,0,9,7,9,4,0,4,2,1,1,0,0,0,1,6,3,2,10,3,1,1,0,2,10,4,34,10,2,3,10,0,2,3,0,1,0,7,1,1,1,19,0,0,20,2,3,0,24,3,0,0,0,33,1,1,5,2,6,0,15,1,1,4,0,2,4,7,1,0,2,0,2,0,2,0,0,4,1,7,2,1,0,8,2,3,20,0,6,0,2,0,1,13,0,1,3,9,10,0,0,0,4,0,2,0,3,2,4,6,17,3,0,0,0,3,7,6
4,8,17,7,9,15,2,0,4,1,1,0,0,0,0,13,5,7,0,2,0,2,2,10,6,2,3,0,3,0,8,2,2,4,2,6,9,3,5,2,2,4,2,5,1,1,1,3,2,1,8,1,1,0,8,2,2,1,0,3,2,0,9,1,4,7,0,0,2,8,1,0,1,4,7,3,5,4,3,0,15,10,6,1,7,19,0,2,0,2,0,6,7,8,2,3,9,2,1,40,1,2,0,4,2,1,13,0,3,1,8,2,6,8,0,2,0,1,7,0,5,3,1,0,17,0,0,9,4,11,2,3,0,3,6,6,2,1,1,4,0,0,11,15,0,11,1,1,0,0,1,1,0,2,3,8,8,6,7,5
8,0,9,4,5,3,0,4,9,6,3,2,5,2,0,5,8,1,4,8,8,1,0,5,10,6,14,2,11,0,7,3,7,0,2,2,3,1,0,4,4,0,11,3,8,17,10,0,12,5,2,1,10,9,0,21,2,3,11,6,3,3,15,2,7,3,4,0,1,7,1,9,10,3,5,8,17,2,8,3,4,2,0,3,0,19,12,21,0,3,1,7,4,12,5,4,3,6,24,2,8,7,8,4,5,5,3,2,7,16,2,1,4,17,10,0,1,0,1,9,5,11,10,2,14,5,1,7,14,6,4,14,10,3,3,9,4,2,6,3,3,2,0,4,7,4,0,9,1,1,2,4,0,7,1,3,3,4,9,5
0,12,8,5,2,48,0,1,4,0,6,28,0,0,8,19,2,12,0,0,1,41,25,5,1,1,9,3,5,0,18,0,0,26,0,20,4,0,1,0,0,21,4,16,2,0,2,0,2,0,6,0,2,2,11,1,0,2,0,0,1,0,6,0,1,6,0,1,0,0,1,4,0,3,3,2,0,41,0,5,6,7,4,0,37,12,1,0,0,7,0,1,5,2,18,1,19,1,1,18,1,2,0,4,7,0,15,0,0,5,12,0,0,16,0,0,7,1,0,0,0,5,1,0,18,1,0,3,0,9,1,16,1,13,20,0,3,15,0,1,0,19,25,10,1,13,0,0,0,6,0,0,0,0,6,8,16,11,0,0
2,0,2,0,4,0,2,2,2,5,3,4,15,1,2,1,9,0,22,6,19,0,1,14,1,13,0,2,8,0,2,2,6,0,8,1,3,10,4,6,9,0,1,9,5,35,6,8,5,7,0,7,23,6,4,6,4,21,7,4,3,1,2,9,2,5,8,26,12,14,7,2,19,1,3,18,3,0,12,16,2,0,8,6,1,1,11,7,9,2,4,2,0,2,1,8,2,5,24,1,4,0,11,1,0,5,3,14,6,3,0,0,4,3,6,4,0,9,0,0,1,6,7,4,5,8,9,1,9,1,8,4,10,0,1,8,0,1,8,4,10,1,0,2,11,0,6,6,11,1,8,8,9,8,0,3,1,2,4,3
5,0,11,0,5,3,3,2,6,4,2,4,0,1,0,1,5,7,5,1,2,0,0,9,5,0,3,0,8,0,6,4,9,0,3,3,1,2,15,16,6,1,7,8,2,10,2,7,2,10,2,1,8,5,8,8,6,0,4,2,1,0,19,1,2,4,8,1,3,19,0,11,9,5,12,5,0,3,6,3,6,2,2,2,4,3,8,7,3,5,5,8,7,8,2,1,4,0,7,6,6,2,3,1,1,6,1,1,2,8,8,0,2,7,1,1,5,5,0,1,0,4,1,3,9,1,6,5,10,4,6,4,1,5,4,4,0,0,3,8,2,2,0,11,0,13,1,0,1,3,1,4,0,3,4,5,1,4,1,13
8,0,4,9,8,4,2,10,15,3,5,2,11,4,0,1,7,1,7,2,1,1,0,4,1,19,9,1,11,0,3,5,8,0,10,0,3,5,5,19,19,0,13,7,9,20,14,12,5,14,3,3,5,3,3,5,10,3,3,2,7,3,8,3,3,4,8,6,21,10,1,3,9,2,14,4,1,0,17,10,0,4,1,5,2,2,15,3,8,2,11,9,9,2,0,6,0,8,4,11,6,1,5,6,3,20,2,3,12,12,2,5,9,5,7,7,3,11,5,6,4,0,4,4,1,10,3,4,10,1,3,10,8,0,2,24,3,1,20,12,6,0,0,9,6,2,3,3,6,8,5,13,4,5,2,1,6,3,6,17
4,0,7,7,11,2,0,2,10,4,4,0,5,2,2,1,1,0,3,2,0,0,0,3,0,3,2,3,7,0,6,2,6,0,0,0,4,10,3,9,7,0,0,8,3,6,4,4,1,5,0,4,6,0,3,5,7,7,1,4,0,4,7,1,0,3,9,1,7,12,0,8,4,3,8,5,0,0,3,4,0,4,3,10,2,0,4,8,2,4,9,3,2,3,2,4,0,4,7,0,0,1,5,1,1,5,0,2,0,0,0,3,4,3,4,2,1,10,1,7,1,4,0,2,4,4,2,2,10,2,9,2,1,4,7,8,0,0,3,8,9,0,0,5,6,0,2,2,3,1,2,3,1,11,1,0,0,6,2,4
0,0,7,2,8,0,16,1,4,3,0,0,15,11,2,0,10,0,22,2,10,0,0,0,0,8,1,1,8,0,1,1,5,0,6,0,0,2,3,4,4,0,8,1,6,34,3,1,1,10,0,10,9,1,0,0,1,33,0,4,1,8,6,2,4,2,2,25,20,15,1,3,16,0,0,6,2,2,4,15,0,1,0,4,2,0,10,6,5,1,5,6,1,2,1,3,0,2,19,0,2,0,23,2,0,2,0,16,2,3,0,0,0,0,7,1,0,2,0,4,3,4,2,0,2,17,7,0,5,0,4,2,15,0,1,6,1,0,0,14,6,0,0,0,12,1,3,19,4,7,25,9,10,10,0,1,0,1,13,8
8,7,10,4,11,25,0,19,4,3,26,3,2,1,10,26,4,28,1,0,4,9,6,7,15,2,17,6,14,0,18,0,7,3,0,6,17,0,0,12,8,0,18,13,3,6,2,5,4,2,20,1,4,11,8,13,0,0,3,3,2,3,3,0,14,15,1,1,2,2,4,18,2,26,10,3,0,14,0,3,24,19,19,2,4,13,2,11,6,17,2,9,14,25,14,3,20,4,1,27,5,16,1,3,31,4,17,2,3,18,5,1,6,35,4,0,17,14,18,5,9,1,4,2,0,4,2,15,1,40,4,39,1,54,15,7,13,24,1,3,2,1,8,20,0,25,1,0,1,1,0,6,2,0,19,12,11,14,3,6
3,0,2,5,4,1,14,2,6,1,0,1,1,9,4,3,5,2,16,9,10,0,0,2,4,7,10,1,7,0,4,5,10,1,9,0,3,13,10,7,8,1,7,9,10,62,9,4,14,1,2,11,12,0,2,3,6,21,1,3,6,21,7,10,3,1,4,22,11,4,5,4,8,5,6,8,2,0,8,17,1,1,0,10,3,2,10,3,2,1,4,3,2,0,3,4,2,0,25,2,5,3,20,4,0,2,3,21,12,3,3,2,3,2,4,8,0,5,1,8,1,10,4,17,4,0,7,1,4,1,2,4,16,1,2,6,1,1,2,7,12,3,0,3,9,1,2,6,16,5,31,6,27,8,6,2,2,4,6,5
0,0,6,1,2,0,1,0,20,1,0,0,7,8,2,2,1,1,15,0,50,0,0,0,0,3,4,0,0,0,6,0,4,0,12,0,0,2,1,2,3,0,2,5,9,42,11,0,9,2,1,11,14,0,3,0,2,15,0,0,3,12,1,7,1,2,4,19,6,1,1,3,10,0,0,3,0,0,7,4,0,0,2,1,1,1,1,3,0,3,1,1,0,2,0,1,1,1,8,0,2,0,5,3,1,9,1,17,1,3,0,0,1,2,11,2,0,1,0,9,6,3,2,7,2,7,0,3,0,0,0,0,32,1,1,2,2,1,0,21,5,0,1,2,8,0,5,47,11,6,8,4,21,7,0,2,0,4,7,2
4,5,6,4,14,6,3,11,10,10,0,1,0,0,5,3,2,4,0,1,3,6,4,5,0,3,4,0,16,0,11,1,4,0,0,5,9,2,2,5,4,1,9,19,1,6,7,3,4,3,0,1,0,4,14,1,3,5,2,4,3,0,5,7,7,7,3,5,11,1,1,2,2,15,7,1,2,8,2,4,8,8,6,0,2,9,5,6,1,5,1,3,12,9,1,1,9,4,2,24,2,6,1,2,17,11,7,3,3,2,4,1,6,9,1,3,9,7,3,1,5,4,2,0,15,1,3,0,6,4,12,2,0,12,5,9,8,5,2,1,5,2,0,9,0,6,3,1,1,5,4,0,4,1,2,4,6,4,2,16
7,0,11,10,11,3,5,0,14,22,0,0,11,2,0,3,2,0,7,18,2,0,0,9,4,8,1,0,11,0,12,1,4,0,0,0,1,35,1,16,28,0,20,7,15,30,1,12,1,8,0,1,1,2,3,0,19,1,8,5,13,2,0,1,1,3,17,4,33,15,4,4,2,6,2,18,1,0,2,9,3,3,2,35,4,0,22,7,2,0,15,3,6,6,0,17,0,5,7,5,22,1,15,23,3,2,0,0,15,5,2,1,0,3,7,20,4,14,0,9,10,10,10,5,1,4,0,6,0,0,5,3,8,0,5,17,1,0,15,8,21,1,1,1,5,7,6,0,0,1,1,5,5,5,5,3,0,2,8,27
7,3,9,2,0,8,0,8,2,0,8,4,2,0,12,17,2,19,0,0,0,19,6,3,6,0,21,3,3,0,8,0,1,1,0,3,10,0,0,0,4,4,9,11,2,0,3,1,2,0,1,0,1,3,13,4,0,0,2,2,1,0,6,0,0,2,6,0,0,2,2,8,0,9,15,0,0,4,0,1,9,12,8,0,4,7,3,0,0,3,0,0,16,6,2,0,18,1,4,13,0,5,0,2,3,1,7,0,0,5,10,0,0,13,0,0,11,6,9,1,4,1,2,0,40,1,0,4,0,0,1,6,0,20,21,1,9,2,2,1,0,1,4,12,0,19,0,0,1,2,0,0,0,0,13,11,5,8,0,1
5,0,5,6,3,1,4,27,9,19,2,0,0,2,1,0,2,1,4,5,3,0,0,8,2,0,0,0,3,3,6,4,4,2,5,4,1,6,4,10,3,1,4,3,4,12,2,7,3,3,2,3,10,4,6,1,9,4,7,10,1,1,6,6,2,16,0,4,4,11,3,1,3,2,12,6,3,1,2,11,5,1,5,5,5,10,5,4,14,0,3,9,3,2,1,5,1,3,3,6,2,5,5,1,4,6,4,6,6,3,0,3,12,3,8,6,2,4,1,8,6,3,9,4,4,2,0,12,5,1,0,5,6,6,5,6,10,1,2,9,10,0,0,1,1,0,4,2,3,9,3,1,8,3,0,1,1,7,9,18
4,6,9,16,5,7,6,10,6,0,6,7,0,0,3,8,1,21,1,0,2,2,6,1,2,1,16,2,11,0,14,2,3,0,2,11,8,0,1,9,8,8,9,4,4,4,11,5,2,1,2,0,0,10,8,7,7,5,8,0,1,0,1,1,7,6,0,2,4,3,5,4,5,24,8,0,1,9,0,1,11,14,2,0,14,2,1,4,0,14,0,1,5,9,17,1,4,1,7,16,2,4,1,2,8,6,12,1,1,1,7,1,5,3,2,0,3,14,16,4,4,10,2,2,39,4,0,2,3,6,5,0,0,8,14,8,4,1,1,6,1,17,9,19,6,7,1,1,2,2,0,3,0,0,9,10,7,9,6,9
1,0,1,1,2,0,26,0,9,0,0,0,10,17,0,0,6,0,17,0,23,0,0,2,2,21,0,1,5,0,0,1,7,0,16,0,0,4,4,2,3,0,4,2,8,35,15,2,5,6,0,8,15,0,1,0,2,14,0,7,5,18,3,14,0,1,9,56,13,1,0,2,8,7,1,0,0,1,13,12,2,1,1,1,1,2,9,5,9,1,3,1,1,1,1,6,1,1,27,1,9,1,13,3,0,8,1,28,1,5,1,0,1,1,4,2,0,10,1,10,1,8,1,15,1,16,32,0,8,0,6,0,0,0,0,6,1,2,8,12,5,0,0,1,13,0,11,19,23,17,21,7,19,12,4,0,0,0,12,4
9,13,23,8,2,11,0,18,4,0,23,3,1,1,5,17,0,17,0,0,3,11,6,4,5,1,26,5,9,1,14,1,4,3,0,12,11,0,1,0,9,3,10,16,3,11,5,0,2,0,8,0,1,3,23,10,1,1,2,0,6,1,4,1,6,6,0,0,2,3,0,2,2,17,5,1,2,4,2,3,22,8,3,0,5,5,1,9,1,9,0,1,6,12,7,0,11,5,2,12,0,14,0,1,16,1,18,1,0,21,12,0,20,11,0,0,3,3,13,0,5,0,4,0,54,1,1,12,0,20,6,8,0,0,9,0,13,11,2,6,0,3,3,10,0,27,1,1,1,2,1,0,0,1,20,10,20,7,0,14
4,7,20,10,7,62,0,0,5,1,5,64,2,1,5,8,4,2,2,1,1,20,26,1,2,0,19,2,2,0,19,5,2,1,1,7,8,2,6,13,3,13,6,11,2,8,0,2,1,7,5,1,1,2,13,1,8,1,2,0,6,0,5,0,1,8,2,6,2,2,1,6,1,12,2,0,0,4,0,4,3,4,2,1,6,2,2,4,1,8,0,0,9,0,8,3,16,6,1,30,0,14,1,0,2,2,8,0,4,0,13,1,7,13,2,1,6,3,20,1,4,2,7,1,15,2,1,5,5,21,5,14,0,9,0,3,6,27,3,1,3,2,5,12,0,1,3,0,0,0,2,1,0,2,2,15,12,2,3,1
4,2,7,2,17,4,4,1,7,11,1,0,8,4,5,5,12,15,11,3,5,0,0,11,2,5,2,6,6,1,7,5,19,0,2,2,14,0,14,5,23,0,20,6,5,14,5,22,13,6,3,8,4,1,7,1,27,5,8,15,6,7,17,24,11,6,13,5,9,17,6,7,17,6,14,11,0,11,8,7,3,4,7,7,2,7,16,3,3,0,9,7,8,13,2,10,0,14,16,15,12,1,21,30,1,21,5,3,10,6,3,6,7,8,8,13,6,9,0,8,4,24,8,6,7,6,2,9,17,1,6,8,6,0,3,0,4,2,6,14,15,2,0,11,7,4,3,4,3,13,5,14,9,2,2,0,1,5,9,16
0,3,11,10,3,6,3,24,9,3,9,8,4,2,12,5,0,7,0,0,0,5,0,3,4,0,17,2,20,0,9,0,11,1,0,1,5,1,0,2,6,1,4,18,6,3,10,0,2,1,10,2,2,0,8,1,6,0,6,1,1,0,5,1,0,3,2,0,3,3,3,6,4,4,9,1,4,7,0,2,14,18,5,0,4,6,4,4,0,5,1,2,10,11,3,4,3,4,3,14,1,5,0,2,1,6,7,1,0,5,9,0,4,7,1,0,2,4,3,0,0,3,0,1,13,1,2,8,1,9,10,4,1,13,6,4,0,7,2,1,1,6,0,4,1,7,0,0,1,1,1,1,2,3,1,1,5,11,0,1
2,2,5,2,1,28,0,3,0,1,4,16,0,0,5,13,0,5,0,0,1,17,10,0,6,1,13,1,3,1,11,0,1,1,1,17,7,0,0,0,3,5,0,12,0,4,3,2,0,0,14,2,0,2,5,1,0,0,0,0,1,1,5,0,2,2,0,0,5,4,0,3,2,3,6,2,1,11,1,2,9,0,2,0,0,2,0,0,1,4,0,3,4,13,13,2,6,2,0,4,0,7,0,0,0,4,5,0,0,4,5,2,10,4,1,1,1,2,15,1,0,1,0,0,24,1,1,5,0,2,1,1,2,11,27,2,7,0,0,2,0,0,0,10,2,16,1,0,0,0,1,0,0,0,2,8,12,5,0,3
2,0,4,0,5,2,2,1,3,1,3,0,1,3,5,0,9,0,2,7,4,0,0,3,0,20,5,2,9,1,7,7,3,0,1,0,3,0,7,9,6,0,7,5,1,11,18,2,3,11,0,1,6,1,9,1,1,3,4,2,2,3,0,9,1,1,12,1,5,6,1,11,9,6,13,3,3,0,4,8,1,1,4,9,2,0,5,2,2,1,2,1,3,4,3,5,1,0,10,9,6,2,3,6,0,8,0,3,10,1,2,7,5,2,1,3,1,6,0,8,3,20,3,0,1,2,0,2,15,2,2,1,8,2,3,6,2,0,0,7,4,0,0,4,8,2,1,5,4,1,3,14,2,4,1,1,1,2,5,0
2,0,4,8,16,3,17,1,28,9,2,1,13,9,0,1,8,0,15,3,18,0,0,12,2,26,1,2,2,0,3,1,8,0,14,1,4,30,9,10,13,1,2,2,23,43,13,7,3,18,0,8,11,4,5,3,5,24,4,4,6,12,1,11,0,2,14,30,5,4,1,2,10,2,2,9,0,1,11,34,3,1,1,0,3,1,7,7,17,5,12,1,5,0,5,21,0,3,12,2,19,7,13,6,2,7,1,13,7,5,2,1,0,1,18,9,4,3,1,4,8,12,8,14,3,7,21,1,8,1,9,6,12,6,1,14,1,2,7,0,17,1,1,4,5,2,6,8,14,5,24,16,20,8,3,3,0,1,9,8
0,0,4,1,5,0,8,1,12,5,0,2,14,9,0,0,5,0,22,7,13,1,1,30,0,19,3,1,7,0,1,1,6,0,9,0,0,49,5,9,14,0,6,3,7,49,2,13,2,7,0,16,18,0,1,0,14,14,4,4,10,11,8,8,0,7,14,23,24,7,0,3,23,1,2,9,1,0,22,26,3,0,6,11,0,0,9,2,7,1,12,4,10,4,0,17,0,2,16,1,16,0,15,6,0,2,0,13,7,9,0,0,8,0,11,10,0,3,0,10,2,6,9,6,2,12,5,5,21,0,10,1,5,0,3,15,1,0,4,17,0,0,0,0,14,1,16,19,9,16,20,19,35,26,3,0,0,3,8,3
3,21,12,25,2,12,0,1,5,0,4,23,0,0,3,16,0,2,0,0,0,19,10,0,0,0,8,0,1,0,15,0,0,3,0,14,14,0,0,2,0,14,0,1,0,1,0,0,1,0,2,0,0,3,2,2,0,0,1,0,1,0,0,0,0,2,1,0,0,1,1,1,0,7,0,0,1,6,0,0,3,1,0,0,13,6,0,1,0,7,0,0,0,5,38,0,16,1,0,1,0,5,0,1,3,1,4,0,0,1,13,0,0,3,0,0,0,2,19,1,2,0,0,0,1,3,0,2,1,1,0,17,0,3,2,2,6,0,0,1,0,0,38,1,0,6,0,2,1,1,0,0,0,0,1,15,9,0,1,2
2,15,11,2,0,23,0,0,0,0,0,22,0,0,1,1,0,2,0,0,1,17,5,0,1,0,8,5,1,0,5,0,0,21,0,12,0,0,0,0,0,37,0,2,0,4,0,0,0,0,1,0,0,1,4,1,0,0,0,0,0,0,2,2,0,0,0,0,0,0,0,0,0,0,1,0,0,32,0,5,3,0,1,0,17,1,0,1,0,6,1,0,0,0,8,0,16,12,0,7,0,13,0,0,0,0,3,0,0,1,12,0,2,5,0,0,11,0,25,0,0,0,0,0,8,0,1,0,1,4,0,9,0,3,5,0,0,0,0,1,0,38,0,15,0,3,0,0,0,0,0,0,0,1,0,15,13,0,0,1
5,6,14,28,7,13,0,9,6,5,7,0,3,4,6,10,1,38,1,0,4,2,10,6,16,5,12,3,13,0,10,4,6,0,2,3,5,4,18,5,6,1,9,32,3,1,17,0,3,4,13,1,2,25,25,15,8,0,2,1,3,2,9,3,8,8,2,2,1,9,5,13,1,12,10,3,3,14,3,3,43,20,12,1,11,13,5,4,1,15,0,2,14,4,4,2,11,12,3,29,0,18,2,2,12,10,9,0,1,9,3,2,7,24,0,0,15,4,10,2,11,9,5,0,20,3,2,9,1,12,1,19,1,10,12,11,4,10,4,4,0,1,15,0,1,19,0,4,0,15,0,0,3,0,8,5,6,17,7,25
3,0,4,3,2,2,2,0,5,2,0,0,12,11,1,0,6,1,6,3,15,0,0,16,3,12,1,2,12,0,2,0,5,0,5,1,2,5,7,4,13,0,1,4,15,28,13,0,2,3,0,7,32,0,0,0,1,23,1,2,8,19,1,3,3,2,8,28,48,4,1,9,15,0,5,10,2,0,4,16,0,1,3,3,0,0,15,7,25,2,6,5,2,2,0,10,1,0,13,6,4,0,15,14,1,10,0,16,4,3,1,0,1,1,4,4,0,7,1,11,0,6,6,12,0,9,8,0,5,0,1,6,13,0,0,7,1,2,8,5,14,0,0,1,0,0,3,27,6,2,9,7,15,13,2,1,0,0,14,5
5,2,10,10,0,5,0,8,3,3,17,2,2,0,9,32,6,12,1,3,1,3,6,0,9,1,14,0,3,2,7,10,2,0,4,11,7,0,7,17,13,1,0,3,3,5,8,1,0,7,5,0,0,3,9,10,5,3,6,0,5,0,8,1,4,1,6,1,3,2,0,0,1,9,7,0,2,0,0,4,38,9,2,0,1,31,3,7,0,10,1,1,2,9,5,2,9,2,2,40,0,5,0,24,9,5,2,0,1,12,5,3,5,5,1,0,11,4,13,0,13,2,0,1,25,1,0,6,7,19,0,7,0,27,1,4,7,16,2,2,1,6,3,19,0,0,0,3,0,1,0,3,0,1,17,15,6,1,2,8
0,0,1,3,1,0,4,2,7,5,3,0,6,1,0,0,6,0,18,2,8,0,0,3,0,7,0,0,5,0,3,1,10,2,12,1,2,5,3,1,2,0,3,6,3,38,5,2,3,6,0,6,18,0,3,0,3,8,1,6,13,16,5,2,0,1,1,22,0,6,0,2,29,0,0,0,0,1,15,7,2,2,1,6,0,1,3,4,11,1,2,2,0,0,1,5,0,1,17,3,2,1,10,8,2,6,0,23,0,2,0,0,0,0,8,2,1,0,0,6,1,3,2,3,1,2,5,3,6,0,4,1,11,1,3,3,0,1,1,6,16,0,0,0,3,0,0,15,13,3,12,4,16,11,1,1,0,2,9,3
0,0,2,1,2,0,19,6,8,2,0,1,10,8,2,1,1,1,18,0,48,1,0,7,0,22,0,0,6,0,1,0,6,0,25,0,0,3,2,1,2,0,1,5,1,40,6,2,4,8,0,6,20,1,1,0,1,20,0,1,5,20,5,10,2,0,3,62,7,3,3,0,7,1,2,4,1,0,18,17,2,1,0,8,0,0,4,4,16,0,0,5,5,0,0,14,0,0,28,2,5,1,28,2,0,7,0,27,2,19,0,0,2,1,9,0,1,9,0,6,0,3,2,19,0,6,47,1,0,0,2,1,19,1,0,4,0,0,5,8,19,2,0,4,27,3,15,0,16,9,17,8,21,15,2,0,0,0,25,3
1,0,2,1,3,0,8,1,9,0,0,0,19,7,1,0,7,1,12,0,17,0,0,5,0,6,0,3,6,0,1,2,5,0,13,0,0,2,1,0,0,0,1,1,0,41,5,0,1,3,0,8,15,0,3,3,0,12,0,2,2,7,1,6,0,1,8,23,7,1,0,0,4,1,1,2,0,0,4,12,1,1,0,0,0,0,3,1,9,0,2,0,0,1,1,0,0,0,20,1,3,0,12,2,0,5,0,10,1,3,0,1,0,1,13,3,0,1,0,11,1,6,3,4,1,16,11,1,0,1,3,2,23,1,0,3,1,0,4,14,9,1,0,0,6,0,13,16,0,0,13,1,18,13,2,0,0,0,12,2
2,6,7,1,9,6,8,1,6,4,0,2,6,2,0,8,12,0,10,2,1,0,5,9,0,4,1,0,20,0,5,1,3,0,4,2,5,1,5,3,11,0,0,5,7,21,14,4,2,0,0,3,10,0,2,3,3,9,2,8,3,5,4,9,2,15,0,7,4,11,2,3,1,7,0,7,7,1,5,8,1,1,3,0,0,7,12,3,3,1,0,6,5,1,4,0,1,2,8,6,6,1,4,3,3,3,2,5,4,2,3,2,3,6,3,2,0,1,6,1,3,8,1,7,1,5,6,5,1,2,9,2,17,2,0,13,1,0,1,5,16,1,0,15,2,1,3,9,0,0,6,1,6,17,6,2,3,8,1,8
0,0,0,3,4,0,10,3,11,4,0,0,18,30,0,0,15,1,16,1,15,0,0,11,3,17,0,0,7,0,2,1,3,0,26,1,0,1,2,6,2,0,3,1,8,49,6,4,2,6,1,11,28,0,0,0,2,25,1,3,5,11,4,18,1,2,1,22,0,4,1,3,21,1,2,5,1,0,6,18,0,0,0,2,0,0,6,5,5,0,1,1,0,0,0,3,0,1,53,0,4,0,9,8,0,4,1,22,2,4,1,3,5,1,20,4,1,2,0,8,1,5,2,25,0,31,8,4,1,0,3,0,21,1,2,5,1,1,3,24,20,0,0,0,9,0,12,17,13,6,0,12,20,14,1,1,1,2,12,9
0,0,6,1,6,0,4,0,8,3,1,0,13,2,1,1,12,0,20,9,1,2,0,4,0,14,0,4,6,0,2,1,4,0,12,0,4,11,10,4,7,0,3,0,6,27,3,1,5,9,0,4,10,3,0,0,3,10,4,4,16,5,5,8,1,4,3,20,6,9,5,2,4,1,1,2,1,0,3,17,0,0,0,8,0,0,3,1,10,2,8,2,1,2,1,27,0,5,9,0,8,0,11,8,1,4,0,9,10,2,0,1,2,0,9,6,1,4,0,8,4,13,3,9,6,6,4,0,5,0,1,3,7,0,1,14,1,0,14,16,19,0,0,0,7,3,4,8,1,1,12,0,3,4,2,0,1,1,14,2
0,0,1,4,10,1,14,0,13,7,0,0,22,8,1,1,6,0,15,5,21,0,0,15,0,21,3,2,9,0,0,1,9,0,13,0,0,38,3,2,4,0,5,3,15,28,15,9,5,4,1,12,28,0,0,0,5,44,1,0,7,17,0,4,0,1,9,35,11,2,0,2,20,1,3,9,1,0,11,16,0,1,2,6,0,0,6,6,9,0,13,7,1,0,0,13,0,2,20,0,6,4,27,5,0,4,0,12,1,2,0,0,0,0,13,17,0,0,0,9,0,4,1,10,2,27,21,4,5,0,8,0,19,0,0,9,2,0,2,20,35,0,0,3,15,0,16,21,18,6,20,3,0,11,0,0,0,0,4,11
3,0,1,3,20,0,18,0,10,3,0,0,21,10,1,0,7,1,24,2,12,0,0,4,0,20,3,1,14,0,4,0,10,0,12,1,4,3,4,4,14,0,2,4,11,38,15,1,1,6,1,8,12,0,4,0,3,12,3,1,6,14,6,9,3,4,4,40,14,9,0,4,7,0,6,12,0,0,20,18,0,0,6,3,1,0,6,13,23,1,3,0,9,6,1,9,1,3,11,3,6,0,7,12,0,9,1,16,2,0,2,1,0,4,19,3,2,7,0,8,3,5,11,10,0,8,7,1,5,0,3,0,12,1,2,2,3,0,4,8,26,0,1,0,13,1,11,15,13,17,14,4,11,0,0,0,0,3,18,4
4,0,10,2,5,1,0,9,4,2,5,0,3,1,3,1,1,7,2,0,2,7,1,11,1,1,9,6,7,0,17,4,8,0,0,6,20,2,2,4,20,9,10,3,2,8,10,2,4,0,4,2,2,5,15,2,2,7,1,0,7,0,2,1,5,4,0,1,1,3,2,1,5,6,8,1,5,2,1,6,6,4,1,5,3,21,4,19,1,14,6,12,5,7,5,2,8,5,2,4,3,2,2,17,9,3,4,5,0,7,4,0,0,4,2,0,3,1,6,0,4,2,1,0,19,6,0,2,5,13,0,9,4,20,2,2,1,2,1,3,3,1,0,8,2,17,1,2,2,6,1,2,0,0,0,5,2,5,4,2
10,12,9,6,4,7,0,9,0,0,3,31,0,0,7,4,1,9,0,0,0,14,16,0,10,0,8,3,6,0,10,1,1,18,0,8,17,1,1,6,2,18,0,9,2,1,0,1,1,0,4,0,0,2,8,2,1,0,2,3,0,0,4,0,0,1,0,0,1,1,0,2,0,7,3,2,3,5,0,3,2,8,4,0,11,13,2,2,0,6,1,0,3,3,21,1,12,4,1,13,0,7,0,3,6,2,9,1,1,6,4,0,2,10,0,0,8,3,8,3,5,1,0,1,12,2,2,4,3,11,1,10,0,10,15,0,1,8,1,3,0,15,15,5,1,15,1,0,0,2,1,0,0,0,5,0,8,2,0,2
3,10,8,10,2,8,1,5,1,1,7,36,0,0,3,10,2,5,0,0,0,16,3,1,6,0,25,2,5,0,11,1,3,7,1,19,6,3,0,2,3,4,2,8,0,1,2,1,0,1,4,0,2,0,12,4,2,1,0,1,2,1,6,1,2,0,2,0,0,2,2,5,1,8,5,0,1,10,0,0,2,12,7,0,3,2,0,1,0,10,0,3,5,3,22,0,16,6,0,21,0,12,0,1,7,0,9,1,0,3,9,0,8,6,0,0,8,3,16,1,1,6,0,0,11,2,0,6,0,5,1,7,0,20,12,1,5,12,1,0,0,9,13,6,0,6,0,0,0,3,1,1,0,0,2,8,0,2,1,8
2,2,9,3,5,0,2,6,10,5,3,3,2,0,10,2,3,4,0,2,1,0,1,13,5,2,7,2,7,0,5,0,7,0,0,3,19,5,2,7,9,0,1,6,4,4,2,3,0,5,1,0,0,2,4,7,12,3,9,19,3,0,2,2,3,0,2,1,6,12,2,13,0,4,8,2,2,1,0,3,8,3,4,3,0,11,9,14,1,4,2,4,3,10,0,5,3,5,0,12,0,14,2,5,3,14,2,1,1,5,0,0,8,1,0,3,6,4,11,2,4,3,6,1,14,4,4,4,2,8,7,9,0,7,2,5,11,5,2,1,3,0,0,17,0,1,2,0,0,8,2,1,0,3,5,2,2,0,4,7
3,0,1,9,8,0,26,1,20,2,0,1,17,9,3,2,10,2,15,3,37,0,0,4,3,9,0,0,8,1,3,1,3,0,10,0,0,11,6,8,4,1,8,4,4,34,3,9,14,8,0,18,14,1,1,3,4,7,2,3,5,11,6,11,3,1,12,37,11,2,4,5,9,0,2,10,2,0,13,6,2,2,4,4,1,1,11,11,12,1,6,2,3,6,2,4,0,0,30,0,3,2,20,3,0,2,0,25,4,5,0,1,3,3,5,7,7,9,0,4,1,6,2,13,3,6,7,2,8,0,9,6,12,0,3,9,0,0,5,9,8,1,0,7,14,2,9,25,12,1,12,14,4,18,4,0,1,4,0,10
5,3,9,2,5,2,1,3,8,28,2,2,2,6,5,3,10,2,8,3,5,2,2,41,3,2,13,2,28,2,5,2,3,0,0,11,4,1,8,2,13,0,24,8,6,9,8,1,2,10,2,2,3,3,12,6,22,6,10,5,2,2,4,9,9,2,0,5,14,13,4,12,11,18,20,5,0,1,4,16,20,8,22,11,8,10,11,13,0,6,5,7,11,4,2,14,4,5,4,4,3,2,6,11,8,16,4,0,15,8,2,5,11,8,2,6,5,5,0,3,13,17,4,8,6,5,2,16,27,1,18,9,4,14,1,16,1,3,0,8,3,2,1,25,5,8,3,3,2,8,9,2,11,4,2,2,8,7,10,0
