Ant4,Ant57,Ant260,Ant5,Ant52,Ant59,Ant65,Ant244,Ant540,Ant929,Ant2,Ant6,Ant24,Ant25,Ant26,Ant30,Ant38,Ant73,Ant74,Ant99,Ant102,Ant148,Ant158,Ant191,Ant196,Ant202,Ant209,Ant245,Ant268,Ant278,Ant308,Ant604,Ant620,Ant646,Ant673,Ant838,Ant1,Ant12,Ant13,Ant20,Ant27,Ant28,Ant29,Ant32,Ant40,Ant42,Ant43,Ant44,Ant50,Ant55,Ant62,Ant66,Ant68,Ant70,Ant71,Ant80,Ant81,Ant82,Ant85,Ant91,Ant96,Ant97,Ant100,Ant105,Ant111,Ant112,Ant113,Ant114,Ant117,Ant126,Ant135,Ant137,Ant139,Ant142,Ant144,Ant147,Ant149,Ant153,Ant156,Ant159,Ant169,Ant170,Ant173,Ant174,Ant176,Ant178,Ant186,Ant195,Ant198,Ant207,Ant212,Ant217,Ant218,Ant219,Ant220,Ant221,Ant226,Ant229,Ant232,Ant238,Ant242,Ant243,Ant250,Ant255,Ant256,Ant257,Ant261,Ant263,Ant265,Ant294,Ant299,Ant301,Ant305,Ant318,Ant320,Ant332,Ant334,Ant342,Ant347,Ant353,Ant356,Ant376,Ant387,Ant390,Ant391,Ant394,Ant395,Ant398,Ant433,Ant437,Ant475,Ant492,Ant501,Ant527,Ant549,Ant552,Ant556,Ant575,Ant580,Ant592,Ant593,Ant600,Ant607,Ant610,Ant614,Ant621,Ant632,Ant635,Ant638,Ant650,Ant663,Ant665
0,0,29,5,8,5,6,15,5,2,6,0,0,0,1,0,0,0,0,1,0,0,1,17,1,0,5,6,1,4,0,1,0,19,8,0,0,3,8,4,4,0,14,0,7,2,0,2,5,0,7,0,8,0,22,0,6,0,1,8,1,0,6,1,0,0,2,3,6,0,0,12,0,1,13,0,2,1,0,0,0,3,0,16,16,0,3,0,1,2,26,0,11,0,8,6,1,1,39,5,8,3,0,11,0,0,14,0,0,0,0,0,0,0,3,3,4,2,0,7,0,2,0,0,6,0,0,22,0,4,1,5,0,0,11,1,0,1,5,0,0,1,12,16,0,2,0,17,12,3,1,4
0,0,0,2,0,0,0,0,0,3,0,16,1,6,1,1,8,10,3,27,8,8,2,3,3,1,2,0,7,5,0,1,20,0,2,1,2,20,1,13,0,2,1,0,0,0,17,9,1,0,6,1,2,16,0,3,8,5,3,0,6,4,8,0,25,8,0,18,1,3,36,17,5,0,0,5,6,2,0,9,1,5,8,0,4,0,0,3,12,16,3,9,1,3,0,2,0,4,0,60,0,4,16,0,10,9,1,2,17,1,15,1,1,6,6,7,0,3,0,0,6,0,1,19,4,0,16,1,1,11,8,5,1,3,1,7,14,1,3,20,0,0,2,2,1,3,10,0,4,10,13,4
29,0,0,8,3,0,6,0,7,2,10,0,0,0,0,0,0,0,0,0,0,0,0,13,2,2,0,0,1,17,5,0,0,8,10,1,0,0,17,6,0,0,4,20,20,0,9,4,7,0,6,11,25,0,0,0,8,2,0,17,6,0,19,0,2,0,0,0,1,0,0,23,0,0,30,0,0,11,0,1,0,13,0,6,0,0,0,2,8,4,11,0,7,0,6,2,11,1,19,36,4,1,0,2,0,1,2,0,1,0,0,0,4,0,4,6,18,0,0,1,3,4,6,0,45,0,2,1,0,0,2,7,0,12,5,0,0,0,0,3,0,0,43,0,0,0,0,0,20,5,0,3
5,2,8,0,0,6,31,20,15,7,40,0,0,9,3,2,3,0,6,0,0,4,6,16,0,0,0,1,2,10,13,0,1,1,14,0,0,0,21,2,1,0,0,20,15,0,6,2,19,0,12,7,22,2,4,1,22,2,0,5,4,5,7,0,1,0,0,0,13,1,0,6,1,0,3,0,0,14,0,3,0,15,0,16,6,0,0,2,0,23,7,3,0,0,3,0,3,2,5,0,11,1,0,5,1,0,4,1,0,12,2,0,37,0,3,3,21,0,0,12,9,8,18,6,18,0,2,21,0,2,1,7,0,28,1,1,0,3,18,0,0,0,4,1,3,1,4,1,8,2,0,19
8,0,3,0,0,36,5,8,0,10,0,4,6,0,1,0,0,3,3,5,0,1,0,10,1,6,0,2,3,0,0,9,0,15,3,2,0,0,4,10,14,0,5,2,8,21,0,2,11,3,19,0,8,0,18,1,5,0,12,17,1,1,31,2,2,0,0,1,6,5,0,5,0,4,14,0,5,4,0,0,24,11,7,17,0,0,2,2,0,0,19,6,4,0,4,12,0,5,7,5,3,0,0,7,0,0,7,4,4,4,0,11,10,0,0,4,0,0,0,3,0,1,0,2,3,1,2,6,2,0,3,0,0,4,14,0,2,2,8,9,0,4,0,9,1,0,0,27,6,21,1,1
5,0,0,6,36,0,19,0,0,9,14,1,0,2,2,0,1,0,2,1,0,1,0,5,1,0,10,4,3,0,1,0,1,25,9,0,0,0,7,1,44,0,5,9,9,3,0,0,17,0,4,3,6,0,41,0,0,0,0,5,0,0,12,13,0,0,3,0,2,12,0,5,1,8,12,0,5,9,1,1,8,16,0,25,17,0,0,4,1,0,1,0,0,0,2,9,11,1,0,1,9,1,0,24,0,1,1,0,0,13,0,0,47,1,0,0,6,0,0,12,0,12,1,0,1,0,0,18,0,0,0,5,0,10,6,0,0,7,15,1,0,1,6,8,0,0,2,26,4,3,0,17
6,0,6,31,5,19,0,2,38,4,5,1,0,4,0,0,0,1,3,2,0,0,0,48,0,0,3,0,9,4,7,0,0,2,2,0,0,0,1,3,0,0,8,12,12,7,1,1,5,1,4,10,0,1,6,0,2,0,0,48,2,0,18,13,0,0,4,0,1,5,0,2,1,0,15,0,1,16,0,0,2,16,0,4,0,0,0,2,2,1,4,0,9,0,3,2,11,0,5,0,16,3,0,21,0,0,0,4,2,2,0,0,26,1,1,0,50,0,1,12,0,6,6,0,5,0,0,9,0,4,0,3,0,7,1,0,0,0,8,2,0,0,18,4,4,0,1,21,7,0,0,14
15,0,0,20,8,0,2,0,5,1,7,6,0,0,2,5,0,1,3,3,0,3,6,0,10,0,5,9,3,7,1,3,1,0,11,0,0,1,8,5,0,0,3,2,1,3,1,5,12,0,9,20,10,0,0,0,5,1,1,0,5,9,35,7,3,1,0,2,20,8,0,12,15,1,4,1,0,11,0,4,13,1,8,0,11,0,0,3,2,8,11,0,6,0,0,3,10,7,2,10,9,9,5,8,2,4,13,8,1,1,0,0,22,0,1,6,4,4,0,4,7,7,6,3,0,1,1,12,2,0,2,2,0,7,4,6,0,4,7,3,0,2,0,19,5,3,3,7,37,6,5,0
5,0,7,15,0,0,38,5,0,1,19,0,0,13,5,7,0,0,1,0,0,3,1,7,6,0,3,3,6,12,6,0,0,0,6,0,0,0,0,2,0,0,5,20,16,3,7,4,6,0,3,13,1,1,1,0,6,3,1,10,2,0,9,0,2,0,1,0,13,15,0,3,0,5,8,4,3,9,0,0,0,5,0,1,12,0,0,1,1,2,12,0,13,1,0,3,8,6,5,5,7,5,0,0,3,2,4,0,0,0,1,0,5,0,4,11,6,1,0,3,1,3,15,1,1,0,8,11,0,7,1,4,0,11,5,0,0,7,6,0,0,0,12,5,2,2,2,2,6,2,0,12
2,3,2,7,10,9,4,1,1,0,1,3,0,4,5,2,1,2,7,5,1,4,4,4,9,0,9,2,21,4,5,4,7,8,9,10,1,8,1,16,1,4,3,3,15,3,3,7,7,8,13,13,5,2,10,5,9,1,3,21,2,2,3,1,6,0,6,12,2,5,1,8,13,0,1,0,6,8,1,7,12,6,4,7,4,0,2,9,5,26,7,1,14,1,3,5,4,2,1,5,4,7,3,2,8,4,13,5,3,0,2,0,5,1,4,8,1,9,0,2,3,4,1,4,26,1,6,1,1,4,2,4,0,0,7,4,4,4,8,6,0,0,9,13,13,0,5,1,2,8,1,4
6,0,10,40,0,14,5,7,19,1,0,0,0,6,3,2,0,0,2,0,0,12,1,10,4,0,4,4,2,8,1,0,1,4,8,0,0,0,29,3,0,0,10,6,8,0,4,2,2,0,2,0,7,0,0,0,5,0,0,12,2,1,10,0,0,1,1,1,5,9,1,3,1,0,9,0,3,12,0,1,1,1,0,4,10,0,0,1,2,1,4,0,7,0,3,18,9,0,3,7,19,2,0,6,0,0,10,4,0,4,0,0,11,0,5,1,4,0,0,25,6,10,8,0,3,0,4,17,0,1,0,3,0,3,2,1,0,2,13,1,0,0,12,1,2,0,0,11,8,2,0,18
0,16,0,0,4,1,1,6,0,3,0,0,14,0,6,2,5,14,6,27,0,0,8,0,3,27,2,9,8,0,6,17,23,7,0,18,11,6,0,9,2,15,3,1,1,16,1,12,4,48,2,0,0,4,1,11,0,6,7,0,51,9,10,4,13,35,22,9,4,7,8,13,25,8,0,18,9,1,2,11,8,3,75,1,2,2,40,16,23,11,5,12,14,9,0,7,1,4,2,3,2,3,9,2,11,17,1,3,9,4,10,18,0,1,1,11,0,9,21,0,6,0,1,35,0,21,16,0,17,3,24,0,0,12,8,5,16,10,5,22,1,53,1,19,51,8,10,1,1,47,34,0
0,1,0,0,6,0,0,0,0,0,0,14,0,0,0,0,0,8,0,1,0,0,1,0,0,39,1,0,2,0,1,0,0,2,0,0,78,0,0,0,0,42,0,0,0,0,0,4,0,12,0,0,0,0,0,29,0,46,1,0,4,2,0,0,3,39,0,0,0,1,1,0,53,10,0,105,5,0,45,2,0,0,36,0,0,40,34,2,3,0,0,33,0,18,0,0,0,2,0,2,0,0,0,0,2,1,0,0,0,0,26,28,0,0,0,0,0,0,129,0,0,0,0,12,0,95,0,0,75,1,5,0,38,0,0,0,5,4,0,0,27,19,0,0,3,0,1,0,2,10,2,0
0,6,0,9,0,2,4,0,13,4,6,0,0,0,12,20,4,0,7,0,0,27,3,2,15,6,11,50,16,12,29,9,1,5,1,12,1,4,5,13,3,1,1,7,3,7,8,10,3,1,12,3,10,1,0,0,32,0,0,0,6,2,12,2,0,0,11,12,9,28,0,14,8,0,7,0,5,10,1,10,7,0,6,0,14,0,0,25,5,5,9,0,11,2,5,3,15,7,4,7,6,13,0,25,2,2,14,2,0,16,5,0,1,0,11,2,2,0,0,1,8,1,9,2,3,3,7,0,0,4,2,9,0,9,27,6,1,18,8,5,0,1,8,15,9,5,3,1,21,4,0,6
1,1,0,3,1,2,0,2,5,5,3,6,0,12,0,9,5,3,3,6,0,8,6,0,13,0,6,22,6,2,7,4,0,0,2,7,0,3,0,10,0,1,0,8,0,0,12,25,4,4,6,6,2,1,1,0,5,0,9,0,6,13,6,8,1,0,0,1,11,6,1,13,6,8,0,0,11,0,0,2,1,0,1,0,4,0,0,16,5,14,8,4,15,7,0,3,1,6,4,6,3,7,12,8,5,0,10,5,5,7,1,0,1,2,3,3,0,9,0,1,6,1,2,0,1,1,25,1,1,7,3,6,4,2,38,7,6,9,14,18,0,0,1,3,19,4,7,3,5,11,0,2
0,1,0,2,0,0,0,5,7,2,2,2,0,20,9,0,1,1,4,2,1,9,3,0,2,0,11,15,10,5,0,3,3,0,1,0,0,1,0,5,0,0,0,4,3,0,0,6,10,0,17,5,5,0,0,0,9,0,3,0,1,1,6,0,0,0,0,6,10,13,0,3,2,2,0,1,3,2,0,0,1,5,0,0,2,0,0,1,2,2,7,0,8,2,13,3,1,11,3,11,2,5,9,6,2,3,6,2,2,3,2,0,7,1,1,14,4,0,0,0,9,2,0,1,5,0,2,4,0,4,3,4,0,11,6,4,1,29,1,3,0,0,0,3,0,6,7,2,6,3,0,6
0,8,0,3,0,1,0,0,0,1,0,5,0,4,5,1,0,7,9,8,6,2,3,1,1,0,3,0,5,4,7,0,13,0,4,6,0,11,0,23,2,3,0,0,0,2,13,9,9,0,8,0,0,12,1,1,5,6,5,0,10,9,4,0,12,4,0,12,1,5,37,10,1,0,1,1,0,0,0,11,5,1,0,2,1,0,0,10,11,17,2,2,1,7,3,1,0,2,0,69,2,2,11,1,9,13,1,5,15,0,4,1,0,9,5,6,0,5,0,0,3,0,0,11,4,1,2,0,2,8,3,0,0,16,2,8,18,11,7,22,0,0,3,2,2,8,27,0,0,19,3,0
0,10,0,0,3,0,1,1,0,2,0,14,8,0,3,1,7,0,4,17,6,3,2,1,1,4,0,5,3,1,0,8,4,19,3,7,1,9,0,3,0,2,1,0,0,4,0,3,4,12,2,0,0,5,0,17,1,4,4,0,5,5,7,0,11,5,0,6,0,2,19,7,4,8,0,7,9,0,0,7,5,3,4,1,5,0,2,3,18,9,4,10,2,4,1,4,0,2,1,24,1,0,11,0,4,3,1,0,9,0,1,12,1,3,4,9,0,5,4,0,0,0,0,7,0,9,4,0,8,1,13,1,0,0,1,3,10,4,0,15,0,29,3,2,9,0,12,2,6,17,8,0
0,3,0,6,3,2,3,3,1,7,2,6,0,7,3,4,9,4,0,4,0,5,5,9,4,0,15,2,17,11,0,2,8,1,12,0,1,1,4,8,0,0,0,8,0,0,2,10,10,0,5,5,0,3,0,0,1,3,6,0,0,1,23,0,4,0,1,5,16,25,0,8,1,3,18,2,2,0,3,2,5,8,1,0,17,0,0,9,3,14,3,0,8,0,3,1,4,5,8,10,10,12,5,4,5,2,16,17,2,1,0,2,9,1,3,11,0,11,5,2,19,7,2,3,19,2,2,2,1,8,5,21,0,12,6,12,5,10,5,14,0,0,1,10,0,6,2,9,15,11,7,10
1,27,0,0,5,1,2,3,0,5,0,27,1,0,6,2,8,17,4,0,20,3,1,1,4,4,0,9,2,2,7,24,10,0,1,10,1,13,1,12,1,0,11,1,1,5,4,6,3,4,4,0,15,9,0,7,0,9,3,0,13,24,7,6,22,3,1,9,12,4,42,6,4,14,1,2,15,0,0,3,4,1,30,0,4,0,5,4,10,7,16,13,12,10,4,4,0,3,7,14,5,1,5,1,8,6,9,0,12,3,11,0,2,6,9,4,0,2,8,4,2,1,0,15,2,4,21,8,6,6,9,4,0,2,18,4,22,7,5,17,0,7,1,2,15,13,20,3,1,29,3,0
0,8,0,0,0,0,0,0,0,1,0,0,0,0,0,1,6,6,0,20,0,0,6,0,3,0,0,4,1,2,0,0,5,0,0,3,2,8,0,2,0,0,0,0,0,0,2,2,2,0,3,0,2,1,0,2,4,1,1,0,0,5,0,0,6,0,0,0,0,0,18,2,1,0,0,2,0,0,0,1,0,1,0,0,1,0,0,1,3,1,0,0,0,13,0,0,0,0,0,31,1,1,4,0,1,12,0,0,12,1,2,1,0,0,0,0,0,0,0,0,3,0,0,3,0,0,4,0,1,0,4,2,0,2,1,2,7,0,0,3,0,0,1,0,0,0,2,0,0,5,0,0
0,8,0,4,1,1,0,3,3,4,12,0,0,27,8,9,2,3,5,3,0,0,3,3,14,2,8,5,6,11,28,3,1,2,17,4,0,0,1,2,0,1,0,15,2,2,9,3,18,1,5,5,6,4,1,4,2,1,4,0,6,2,24,2,7,0,0,2,3,4,0,12,0,3,5,8,6,0,0,2,2,8,2,1,6,0,0,7,0,6,9,1,3,5,7,3,0,5,17,17,10,6,3,4,4,0,8,14,0,3,1,3,8,3,11,9,0,8,1,2,16,1,7,2,7,3,15,3,2,6,1,5,0,0,7,2,3,10,7,4,0,7,1,2,0,7,6,3,2,4,6,3
1,2,0,6,0,0,0,6,1,4,1,8,1,3,6,3,3,2,5,1,6,3,0,1,1,0,7,31,6,4,14,1,5,0,4,4,0,4,3,5,0,0,0,9,0,0,12,28,8,0,8,1,10,4,0,2,10,3,3,0,15,3,5,15,5,2,1,10,9,3,0,2,2,5,0,0,12,7,2,2,3,4,2,0,4,0,3,8,7,20,5,2,9,4,9,3,0,5,6,5,3,9,3,9,7,6,9,1,0,6,2,2,2,1,0,5,0,16,1,2,5,4,1,8,8,0,10,0,1,6,2,0,0,3,0,12,6,7,9,6,0,0,1,0,3,2,11,0,6,10,4,3
17,3,13,16,10,5,48,0,7,4,10,0,0,2,0,0,1,1,9,1,0,3,1,0,5,0,2,2,1,11,2,0,1,1,0,1,0,0,3,12,1,0,7,8,10,1,1,2,12,1,2,10,4,1,3,0,0,0,2,22,1,1,18,8,2,0,3,2,5,26,0,5,0,1,7,1,1,6,0,2,2,8,1,7,1,0,0,1,1,2,3,1,1,1,3,5,17,2,1,7,8,0,1,9,4,1,0,1,1,1,0,0,13,2,6,2,38,0,0,12,7,3,7,1,2,0,3,22,0,4,1,1,0,9,5,0,1,1,2,5,0,1,6,9,1,6,1,13,0,4,0,15
1,3,2,0,1,1,0,10,6,9,4,3,0,15,13,2,1,1,4,4,3,14,1,5,0,4,6,46,8,5,14,1,4,0,8,1,3,2,1,5,2,2,0,16,2,6,7,10,11,2,8,9,1,2,1,11,8,9,7,14,22,17,21,13,0,1,1,7,15,3,0,14,10,14,0,2,1,0,0,5,8,3,11,0,8,0,2,18,2,2,7,5,10,1,0,10,3,4,5,7,1,9,10,6,7,9,2,4,0,4,2,3,2,0,7,7,10,11,4,0,9,1,1,0,0,2,3,0,1,8,10,7,0,5,10,4,3,27,7,17,0,6,14,3,5,3,2,10,8,17,16,4
0,1,2,0,6,0,0,0,0,0,0,27,39,6,0,0,0,4,0,4,0,2,0,0,4,0,3,0,4,0,3,12,15,10,1,20,106,2,0,5,0,57,0,0,0,6,0,8,1,60,4,0,0,1,5,46,0,34,3,0,27,5,4,3,7,35,2,0,0,2,1,2,16,8,0,49,9,0,25,0,5,2,54,0,1,16,90,0,30,0,0,19,10,18,0,3,0,5,0,2,0,0,2,0,2,2,0,2,4,0,23,24,0,4,1,0,0,13,61,0,3,0,0,21,9,96,6,2,42,0,47,0,46,0,4,1,42,4,0,54,40,46,1,25,11,5,6,0,4,39,11,0
5,2,0,0,0,10,3,5,3,9,4,2,1,11,6,11,3,0,15,0,0,8,7,2,6,3,0,22,15,3,21,2,2,13,0,4,0,3,0,3,8,0,3,10,1,1,3,11,5,6,32,6,8,5,5,0,7,1,11,0,2,3,7,18,1,0,1,5,12,20,0,1,0,4,7,0,1,2,0,1,0,10,3,1,11,0,4,9,3,5,7,2,7,3,6,1,0,0,6,10,5,18,1,6,4,14,15,12,0,14,4,3,2,1,6,4,0,4,1,0,18,1,0,3,4,1,0,0,0,12,3,1,0,4,5,6,1,15,7,8,0,2,0,6,3,5,2,4,3,7,1,13
6,0,0,1,2,4,0,9,3,2,4,9,0,50,22,15,0,5,2,9,4,5,31,2,46,0,22,0,9,11,13,15,4,1,3,1,0,2,3,9,0,3,8,11,2,10,12,18,13,6,13,6,8,0,2,1,28,0,0,0,11,1,28,9,1,6,10,13,21,4,0,10,4,23,10,3,4,4,0,1,0,2,19,1,12,0,0,37,3,4,1,1,34,0,4,10,6,5,5,4,9,19,7,16,5,6,41,17,1,14,12,7,4,0,7,3,0,13,5,2,13,17,8,4,2,3,28,0,0,23,8,1,0,5,43,14,0,28,5,7,0,10,3,14,18,31,3,1,12,9,3,12
1,7,1,2,3,3,9,3,6,21,2,8,2,16,6,10,5,3,17,2,1,6,6,1,8,4,15,9,0,4,4,6,17,6,5,3,0,4,1,19,6,0,7,10,6,5,14,10,16,8,7,3,4,14,8,0,6,2,33,7,1,3,9,5,6,0,2,4,8,8,5,12,8,1,2,1,4,3,0,8,8,6,6,1,14,0,5,11,7,14,5,5,6,1,2,2,2,3,11,9,2,14,9,6,4,4,13,5,0,12,2,0,3,4,4,15,2,4,0,2,7,2,2,8,15,0,4,0,0,7,3,3,0,14,9,3,5,14,11,8,0,9,9,9,7,4,3,4,7,2,3,7
4,5,17,10,0,0,4,7,12,4,8,0,0,12,2,5,4,1,11,2,2,11,4,11,5,0,3,11,4,0,11,3,5,2,23,1,2,6,2,3,2,0,10,0,2,0,8,3,8,1,7,13,8,3,1,0,9,0,2,19,2,6,13,1,12,0,7,1,4,3,6,3,2,0,6,3,1,2,0,0,0,4,1,2,10,0,2,7,1,15,10,1,13,3,5,4,18,11,5,98,7,17,1,4,6,5,5,2,6,1,0,0,5,1,4,7,6,2,0,10,15,4,7,5,3,2,5,15,3,6,0,8,0,13,7,3,0,9,4,4,0,1,20,0,4,2,9,1,22,5,2,6
0,0,5,13,0,1,7,1,6,5,1,6,1,29,7,0,7,0,0,7,0,28,14,2,14,3,21,13,4,11,0,3,0,9,1,23,0,4,0,5,0,4,3,10,6,8,20,15,7,0,2,0,20,0,0,0,9,9,4,6,4,6,20,2,6,0,0,0,0,23,2,12,5,11,2,3,8,2,0,2,14,7,15,3,3,0,3,4,4,5,6,0,2,7,15,8,2,1,1,1,12,13,1,6,0,0,6,1,1,15,2,4,7,1,2,2,7,3,0,5,21,2,5,0,6,0,12,0,1,2,1,6,0,8,14,36,2,10,2,7,0,4,9,0,9,0,2,5,0,11,0,1
1,1,0,0,9,0,0,3,0,4,0,17,0,9,4,3,0,8,2,24,0,3,1,0,1,12,2,15,6,3,3,0,2,21,3,5,1,16,1,19,3,2,5,12,2,30,12,14,4,26,3,5,0,1,5,8,1,3,1,0,9,18,7,9,2,10,21,8,7,12,0,4,6,37,0,5,15,9,0,3,6,2,31,0,5,0,20,19,16,0,7,8,6,1,1,19,5,16,3,1,2,0,8,0,4,9,7,0,3,31,11,4,11,2,0,1,0,20,3,0,7,0,0,3,1,29,13,20,16,3,21,5,1,1,12,13,8,10,6,14,0,45,0,6,21,7,16,3,18,17,12,7
0,20,0,1,0,1,0,1,0,7,1,23,0,1,0,3,13,4,8,10,5,1,5,1,4,15,2,4,17,5,0,2,0,0,0,4,2,4,0,17,1,7,0,1,1,12,0,10,11,12,2,1,2,14,1,3,2,14,27,0,0,12,0,0,13,3,10,11,4,6,14,10,16,5,0,5,1,1,2,16,0,15,10,0,10,0,26,18,4,6,0,6,4,10,8,0,0,5,3,13,1,1,6,1,8,14,1,0,7,2,7,3,0,5,40,4,0,9,1,0,1,0,0,13,7,2,16,0,0,18,3,2,1,12,1,2,17,16,5,12,0,8,2,13,4,18,6,4,1,10,12,0
19,0,8,1,15,25,2,0,0,8,4,7,2,5,0,0,0,19,1,0,0,2,0,1,0,10,13,1,6,2,9,21,0,0,1,3,0,3,2,5,28,1,6,4,8,34,0,3,7,3,22,1,0,0,13,0,0,0,1,13,0,0,6,10,0,0,1,3,7,2,0,17,1,35,0,1,10,5,0,0,30,7,10,7,1,0,2,2,3,0,7,0,0,1,0,43,1,9,18,4,8,0,0,9,0,0,25,0,1,0,0,5,8,0,1,4,0,0,1,2,1,2,0,1,18,5,2,15,1,5,5,3,0,10,10,0,5,15,0,5,0,13,3,44,3,0,5,20,10,3,0,0
8,2,10,14,3,9,2,11,6,9,8,0,0,1,2,1,4,3,12,1,0,17,4,0,8,1,0,3,5,23,1,3,0,1,0,0,0,1,26,4,4,0,9,1,8,8,4,4,2,1,1,2,8,3,6,3,5,1,2,4,2,2,8,1,4,0,4,2,20,10,0,12,2,2,2,1,4,2,0,2,2,9,0,1,12,0,1,9,4,3,5,0,8,3,17,3,13,7,2,13,14,4,1,3,0,4,14,3,0,10,0,0,15,2,1,15,12,2,0,17,0,10,12,1,3,2,1,2,0,7,3,13,0,4,2,4,1,13,2,2,0,2,11,2,7,0,7,2,9,3,2,10
0,1,1,0,2,0,0,0,0,10,0,18,0,12,7,0,6,7,0,10,3,4,4,1,1,20,4,1,3,1,23,5,4,3,0,0,1,5,0,6,0,5,0,1,1,6,12,11,7,18,0,0,1,2,2,12,1,10,5,1,39,5,7,5,11,5,1,9,0,3,8,3,6,12,0,17,4,0,2,0,6,2,27,0,1,0,24,9,22,9,0,18,7,10,1,4,1,1,4,7,1,1,7,3,13,0,2,1,3,2,4,3,1,12,8,14,4,1,4,0,2,0,0,10,0,6,13,4,8,4,17,4,0,1,6,1,20,3,0,19,0,10,4,1,10,4,12,3,2,9,5,1
0,2,0,0,0,0,0,0,0,1,0,11,78,1,0,0,0,1,1,1,2,0,0,0,3,106,0,0,0,2,0,1,2,0,0,1,0,3,0,0,0,54,0,0,0,0,0,0,0,5,0,0,0,0,0,40,0,65,2,0,1,1,0,0,3,36,2,1,0,0,3,4,33,0,0,138,0,0,53,0,0,0,27,0,0,49,44,2,1,0,0,11,0,13,0,0,0,2,0,6,0,0,0,0,0,0,1,0,0,0,51,46,0,0,1,0,0,7,76,0,0,0,0,11,0,77,1,0,20,0,41,0,61,0,0,0,12,0,0,20,94,6,0,0,8,0,0,0,0,11,7,0
3,20,0,0,0,0,0,1,0,8,0,6,0,4,3,1,11,9,1,13,8,0,4,0,2,2,3,2,4,6,4,16,4,3,1,5,3,0,0,15,0,1,0,0,3,1,6,0,2,4,0,3,1,11,1,6,1,2,0,0,10,7,9,3,13,0,0,17,7,2,11,9,2,10,0,1,5,1,1,12,3,3,3,4,0,0,1,4,6,3,1,13,1,2,1,5,0,3,2,9,2,4,19,0,6,10,3,1,15,2,1,3,0,6,12,5,0,5,0,0,13,0,3,15,2,3,7,0,4,2,7,2,0,6,4,6,8,9,2,4,0,0,3,0,9,3,6,1,3,22,3,1
8,1,17,21,4,7,1,8,0,1,29,0,0,5,0,0,0,0,4,1,0,1,3,3,1,0,0,3,1,2,0,1,0,2,26,0,0,0,0,2,0,0,9,5,5,5,1,1,12,0,8,1,41,0,7,0,9,0,0,21,2,1,14,2,1,0,2,2,16,0,0,6,0,0,16,0,1,20,0,1,1,32,1,7,5,0,0,0,0,3,7,0,1,0,5,0,15,0,13,0,5,3,1,10,3,1,11,4,2,2,0,0,12,0,1,0,9,1,0,9,4,11,5,0,1,2,1,1,0,0,0,2,0,8,11,0,0,1,6,0,0,0,2,1,4,1,0,3,14,2,0,11
4,13,6,2,10,1,3,5,2,16,3,9,0,13,10,5,23,3,8,12,2,2,5,12,5,5,3,9,19,3,5,19,17,5,4,6,0,15,2,0,4,0,7,5,3,16,4,4,22,6,6,5,2,14,9,5,13,2,5,16,8,11,18,6,9,8,9,17,24,7,13,8,7,8,1,3,10,4,1,5,3,12,5,2,16,0,12,14,12,16,12,4,6,0,1,17,6,6,19,51,8,9,11,4,13,5,5,4,3,6,1,7,5,9,10,15,1,8,2,0,15,5,1,6,7,2,7,6,3,11,14,7,0,16,17,11,9,2,9,21,0,4,4,16,5,5,5,11,3,13,9,7
4,0,0,1,14,44,0,0,0,1,0,2,0,3,0,0,2,0,0,1,0,0,0,1,2,0,8,0,6,2,0,3,1,28,4,0,0,0,0,4,0,4,10,0,1,9,0,1,2,7,7,0,3,0,21,0,0,0,0,12,4,0,8,10,0,0,11,0,2,2,0,3,0,5,3,0,1,4,0,6,7,3,10,3,1,0,4,10,2,0,1,0,2,0,0,7,1,0,13,1,2,0,0,7,0,0,0,0,1,9,1,0,4,0,0,0,0,0,0,1,0,0,0,0,4,1,0,6,0,2,1,0,0,10,2,0,1,5,3,2,0,1,1,19,1,0,1,10,2,7,0,2
0,2,0,0,0,0,0,0,0,4,0,15,42,1,1,0,3,2,0,0,0,1,0,0,2,57,0,3,0,0,4,2,7,1,0,5,54,1,0,0,4,0,0,1,0,4,7,2,0,8,0,0,0,2,0,54,1,29,0,0,3,0,1,0,17,39,0,2,0,1,1,4,13,0,0,54,5,0,43,0,0,1,43,0,0,34,21,2,6,7,0,10,6,6,0,1,0,0,0,0,0,0,1,0,1,0,2,1,2,3,19,23,0,1,1,2,0,4,35,0,7,0,0,19,0,73,7,0,10,0,15,1,33,0,9,2,0,2,0,7,28,5,0,1,14,0,2,0,1,2,0,1
14,1,4,0,5,5,8,3,5,3,10,3,0,1,0,0,0,1,0,11,0,0,0,7,0,0,3,8,7,10,3,5,0,6,9,0,0,0,9,7,10,0,0,11,7,4,4,0,10,3,6,6,15,0,1,1,0,1,0,4,4,0,3,4,0,0,0,0,1,1,0,5,1,3,0,0,1,2,0,1,0,3,0,6,7,0,1,0,1,10,10,0,4,0,9,0,6,0,9,2,8,0,0,1,1,0,5,2,0,2,0,0,13,0,6,2,8,0,0,0,9,2,0,0,10,0,3,13,0,0,0,3,0,5,6,1,0,0,2,2,0,0,5,2,1,0,0,5,5,2,0,6
0,0,20,20,2,9,12,2,20,3,6,1,0,7,8,4,0,0,8,1,0,15,9,8,16,0,10,11,10,0,10,12,1,4,1,1,0,0,5,5,0,1,11,0,11,3,0,10,12,3,30,9,1,2,0,0,9,0,5,7,1,0,6,1,0,0,0,1,7,3,0,7,0,3,12,3,4,3,0,1,0,0,1,3,16,0,0,1,1,8,16,0,6,2,3,4,4,4,14,6,3,24,1,8,1,2,10,3,1,7,1,0,12,0,0,3,6,4,0,13,14,5,13,0,0,1,1,2,2,16,0,1,0,9,9,2,1,10,5,2,0,1,3,6,0,2,2,3,11,5,0,16
7,0,20,15,8,9,12,1,16,15,8,1,0,3,0,3,0,0,0,1,0,2,0,10,2,0,1,2,6,2,6,2,1,8,8,1,0,3,5,3,1,0,7,11,0,1,8,1,19,0,29,8,13,1,32,0,2,0,2,94,3,0,4,0,2,2,0,4,11,2,0,10,0,2,10,0,1,19,0,1,7,0,2,22,4,0,0,1,0,2,1,1,5,0,4,8,2,2,14,2,12,4,1,5,0,0,4,3,0,1,0,0,21,0,2,2,14,0,0,11,6,10,12,0,8,0,3,8,0,2,0,4,0,16,0,0,1,11,5,5,0,0,11,4,1,5,0,5,5,2,0,8
2,0,0,0,21,3,7,3,3,3,0,16,0,7,0,0,2,4,0,5,0,2,0,1,6,6,1,10,5,0,8,30,12,34,8,6,0,1,5,16,9,4,4,3,1,0,0,4,4,21,4,5,0,1,6,0,0,1,15,0,9,0,2,1,0,9,2,0,11,3,0,8,5,16,0,9,7,1,0,8,6,4,49,0,9,0,22,6,6,1,6,2,1,2,0,25,0,2,20,1,0,1,0,7,1,0,0,7,2,14,2,7,1,0,2,6,0,6,1,0,15,0,1,2,3,18,1,0,1,0,7,0,0,1,13,0,4,17,0,7,0,18,4,40,0,1,5,9,9,5,1,1
0,17,9,6,0,0,1,1,7,3,4,1,0,8,12,0,13,0,2,4,2,9,12,1,7,0,3,12,14,8,20,12,0,0,4,12,0,6,1,4,0,7,4,0,8,0,0,16,6,0,6,13,8,0,0,0,8,0,2,0,17,1,3,1,7,0,0,3,0,4,1,13,10,0,1,1,0,1,3,0,0,1,0,0,15,0,0,0,0,36,11,0,0,0,1,5,4,1,0,14,4,12,9,4,3,5,4,2,5,1,0,1,6,0,1,9,0,3,0,2,4,0,10,2,6,0,17,2,1,3,5,12,0,11,13,6,0,6,0,7,0,0,6,0,0,3,5,0,3,1,8,1
2,9,4,2,2,0,1,5,4,7,2,12,4,10,25,6,9,3,10,6,2,3,28,2,10,8,11,18,10,3,15,14,10,3,4,11,0,0,1,4,1,2,0,10,1,4,16,0,6,4,15,5,4,8,0,2,7,1,6,5,13,21,4,14,8,4,8,17,6,1,6,9,5,7,2,5,15,3,1,6,1,9,27,3,3,0,8,11,11,5,2,16,19,6,9,5,1,7,1,5,2,10,31,0,4,23,11,17,1,6,5,6,4,3,4,1,0,18,12,1,20,2,1,10,0,17,10,5,9,5,6,1,0,7,5,10,19,20,2,13,0,20,1,6,12,11,14,0,6,21,9,1
5,1,7,19,11,17,5,12,6,7,2,4,0,3,4,10,9,4,10,3,2,18,8,12,11,1,5,13,16,8,7,4,11,7,2,7,0,2,12,22,2,0,10,12,19,4,6,6,0,2,13,0,20,6,13,1,8,2,4,1,5,13,20,1,7,0,10,10,12,8,2,19,7,0,12,0,5,10,0,4,4,8,3,8,2,0,1,17,9,11,10,4,9,8,7,9,4,6,10,49,9,17,18,5,3,7,14,5,2,32,8,0,10,3,9,12,5,4,2,11,25,6,2,5,13,1,2,8,2,7,0,2,0,15,16,5,4,11,13,15,0,2,5,0,5,9,13,8,1,3,3,3
0,0,0,0,3,0,1,0,0,8,0,48,12,1,4,0,0,12,0,4,0,1,0,1,2,60,6,6,8,1,0,26,12,3,1,18,5,4,0,6,7,8,3,3,0,21,0,4,2,0,1,0,0,3,0,32,0,8,13,0,32,26,1,2,0,12,3,0,0,0,0,12,36,11,0,37,9,0,3,6,2,1,21,3,6,4,43,3,28,2,0,15,11,18,0,6,0,5,0,1,0,3,3,1,4,2,1,0,11,1,25,14,0,0,0,2,0,13,30,0,6,0,0,21,0,43,7,0,56,3,42,0,13,0,6,0,18,9,0,29,2,48,1,15,30,2,4,1,10,24,5,0
7,6,6,12,19,4,4,9,3,13,2,2,0,12,6,17,8,2,5,4,3,5,8,2,8,4,32,13,7,7,2,3,2,22,1,0,0,0,8,6,7,0,6,30,29,4,6,15,13,1,0,11,12,1,14,0,14,0,10,17,0,11,12,1,9,0,3,6,2,5,2,17,2,4,13,3,17,9,0,2,13,16,0,19,29,0,2,5,3,0,11,1,8,0,21,18,12,8,33,4,6,19,2,8,1,2,5,4,0,6,0,7,14,0,1,4,0,2,2,10,16,0,12,3,7,2,4,2,5,19,3,6,0,11,4,3,5,11,12,10,0,0,8,1,1,4,3,7,36,5,2,11
0,1,11,7,0,3,10,20,13,13,0,0,0,3,6,5,0,0,5,0,0,5,1,10,9,0,6,6,3,13,0,5,1,1,2,0,0,3,1,5,0,0,6,9,8,5,13,5,0,0,11,0,7,0,0,0,7,0,0,0,5,1,5,2,1,0,0,1,5,1,0,7,5,5,10,0,1,5,0,0,9,0,2,0,23,0,0,3,1,4,2,0,6,0,15,15,1,2,14,1,6,5,1,0,2,3,10,7,1,7,0,1,9,0,0,1,3,3,0,22,5,0,10,1,4,1,13,3,1,3,0,1,0,8,3,0,2,9,1,3,0,0,11,3,0,0,2,2,16,3,2,8
8,2,25,22,8,6,0,10,1,5,7,0,0,10,2,5,0,0,0,15,2,6,10,4,1,0,8,8,4,8,20,0,2,0,8,1,0,1,41,2,3,0,15,1,13,0,8,4,20,0,12,7,0,0,57,2,17,0,0,29,4,9,5,5,0,1,3,3,1,4,2,3,0,0,5,0,1,39,0,0,3,11,0,7,50,0,1,1,0,1,29,0,1,0,26,0,9,2,10,3,20,13,0,9,2,0,4,4,0,4,0,1,9,0,6,2,19,0,0,8,2,0,10,0,20,6,3,0,0,0,2,4,0,7,14,2,1,1,34,0,0,1,7,2,1,3,2,21,16,8,6,5
0,16,0,2,0,0,1,0,1,2,0,4,0,1,1,0,12,5,3,9,1,4,4,1,2,1,5,0,14,3,0,1,14,0,3,2,0,11,0,14,0,2,0,2,1,1,0,8,6,3,1,0,0,0,0,1,6,3,2,0,2,8,1,1,11,0,0,12,6,2,18,9,4,0,0,0,0,0,0,8,0,5,1,1,2,0,0,4,8,4,0,2,0,3,1,3,0,5,2,28,0,1,15,0,11,14,1,2,3,0,5,0,1,6,6,7,0,3,0,0,7,0,2,13,3,1,1,0,1,2,1,1,3,9,2,7,8,4,4,11,0,0,2,0,2,1,7,0,1,17,3,7
22,0,0,4,18,41,6,0,1,10,0,1,0,0,1,0,1,0,0,0,0,1,0,3,1,5,5,2,8,1,0,5,1,13,6,2,0,1,7,9,21,0,1,0,32,6,0,0,13,0,14,0,57,0,0,0,3,1,0,5,2,0,5,3,0,0,1,5,10,6,0,3,2,5,5,4,0,15,0,2,19,1,8,30,11,0,4,1,0,0,9,0,2,0,1,24,0,22,27,1,6,3,0,6,0,0,9,1,0,5,1,0,15,0,0,1,0,0,1,13,3,3,0,0,0,4,2,37,0,3,0,0,0,1,10,0,0,21,13,0,0,3,3,20,0,0,1,43,3,0,0,2
0,3,0,1,1,0,0,0,0,5,0,11,29,0,0,0,1,17,0,7,2,4,2,0,11,46,0,1,0,0,0,8,3,0,3,12,40,6,0,5,0,54,1,0,0,0,0,2,1,32,0,0,2,1,0,0,0,33,5,0,29,6,2,2,3,30,2,7,0,1,1,12,43,7,0,79,5,0,20,3,0,0,29,3,0,30,35,2,20,19,1,14,1,16,0,2,0,3,0,3,2,1,6,0,3,1,1,0,3,0,14,22,0,3,2,0,0,6,40,0,2,0,1,23,1,48,3,0,22,6,14,3,44,1,0,1,24,3,2,10,55,13,0,0,13,2,7,0,0,29,5,0
6,8,8,22,5,0,2,5,6,9,5,0,0,32,5,9,5,1,1,0,4,2,10,0,8,0,7,28,6,9,9,1,2,0,5,1,0,1,9,13,0,1,0,9,2,0,8,7,8,0,14,7,17,6,3,0,0,0,0,0,2,5,17,2,1,0,5,5,10,4,1,14,1,7,22,0,3,15,0,4,0,1,1,1,11,0,1,11,1,0,9,1,7,0,2,6,5,5,7,3,9,10,3,12,9,8,17,2,2,12,0,0,4,0,0,4,0,8,0,5,9,3,4,4,0,0,8,0,0,8,3,2,0,14,22,12,1,14,12,4,0,0,3,1,4,2,8,3,11,8,2,9
0,5,2,2,0,0,0,1,3,1,0,6,46,0,0,0,6,4,3,9,1,1,3,0,9,34,1,0,2,0,9,3,14,0,1,10,65,2,0,2,0,29,1,0,0,1,0,1,2,8,0,0,0,3,1,33,0,0,0,0,14,4,2,1,4,45,4,8,0,0,4,1,37,5,0,47,1,2,13,2,1,0,53,1,2,30,11,6,14,7,0,20,4,11,0,2,0,0,1,4,2,0,10,0,8,5,4,0,4,1,19,23,0,6,1,4,0,9,46,0,0,1,1,13,1,58,5,0,7,1,27,0,41,2,0,5,7,1,0,19,31,19,0,0,29,11,0,0,0,26,13,0
1,3,0,0,12,0,0,1,1,3,0,7,1,0,9,3,5,4,6,3,1,4,3,2,7,3,11,0,33,2,4,1,27,1,2,5,2,0,0,5,0,0,0,5,2,15,2,6,4,13,10,0,0,2,0,5,0,0,0,1,12,9,7,1,7,2,2,4,7,5,2,10,2,17,0,24,8,0,0,25,3,25,10,1,6,0,16,5,2,3,1,25,12,3,2,5,0,9,1,8,2,1,8,1,4,4,1,3,0,3,3,21,2,4,7,14,0,9,12,0,47,0,2,5,0,7,5,2,5,5,3,4,0,6,9,6,8,4,1,10,0,28,0,13,2,4,10,0,6,19,3,3
8,0,17,5,17,5,48,0,10,21,12,0,0,0,0,0,0,0,0,0,0,0,0,22,14,0,0,0,7,19,6,0,0,13,4,1,0,0,21,16,12,0,4,7,94,0,0,5,1,0,17,0,29,0,5,0,0,0,1,0,7,0,3,0,0,0,36,0,1,5,0,59,0,0,13,1,0,6,3,0,0,12,0,37,0,0,0,5,9,0,1,0,4,0,1,2,90,0,1,1,17,6,0,3,3,1,2,0,0,0,0,0,0,0,4,7,67,0,0,13,0,3,0,0,66,0,0,7,0,3,2,16,0,9,0,0,0,2,0,10,0,0,19,2,0,0,0,4,4,18,0,19
1,6,6,4,1,0,2,5,2,2,2,51,4,6,6,1,10,5,0,13,0,6,15,1,22,27,2,11,1,2,4,9,0,0,2,39,1,10,2,8,4,3,4,1,3,9,17,13,5,32,0,5,4,2,2,29,2,14,12,7,0,10,22,1,15,24,14,22,7,5,6,21,18,13,2,21,8,1,4,7,5,9,35,0,10,1,6,7,26,17,4,16,1,10,1,5,3,2,0,8,4,5,3,2,8,7,7,2,2,4,21,16,4,0,4,5,0,4,21,0,6,4,5,23,4,22,21,2,25,4,29,16,3,15,6,8,19,4,5,20,0,34,0,4,36,14,9,4,5,30,14,1
0,4,0,5,1,0,0,9,0,2,1,9,2,2,13,1,9,5,1,24,5,2,3,1,17,5,3,1,3,6,6,18,12,0,2,5,1,7,1,11,0,0,0,0,0,0,1,21,13,26,11,1,9,8,0,6,5,4,9,0,10,0,9,10,17,18,1,16,5,3,11,6,5,5,1,14,5,0,7,5,6,1,3,0,7,0,41,13,14,26,1,11,14,1,7,2,0,7,4,5,1,2,8,4,2,6,2,0,15,3,4,5,5,11,21,8,0,12,9,2,6,0,1,13,4,19,5,0,20,3,9,1,3,10,1,9,37,3,4,10,0,11,0,2,18,12,66,6,6,13,18,1
6,8,19,7,31,12,18,35,9,3,10,10,0,12,6,6,4,7,23,7,0,24,5,18,21,4,7,28,9,13,20,7,0,6,8,7,0,9,14,18,8,1,3,6,4,2,3,4,20,1,12,5,5,1,5,2,17,2,7,3,22,9,0,9,11,5,4,9,14,8,2,27,6,9,15,2,15,8,0,4,12,18,17,2,24,0,3,9,1,15,8,1,15,3,6,35,4,7,7,5,20,17,7,3,8,4,14,4,10,11,8,10,26,3,13,12,13,7,3,3,20,1,18,11,17,2,13,14,2,17,10,12,0,20,25,8,8,14,11,16,0,2,5,11,14,14,3,25,12,19,3,19
1,0,0,0,2,13,13,7,0,1,0,4,0,2,8,0,0,0,0,6,0,2,15,8,13,3,18,9,5,1,2,9,0,10,1,5,0,3,2,6,10,0,4,1,0,1,1,14,1,2,1,2,5,1,3,2,2,1,1,0,1,10,9,0,1,0,4,0,5,4,0,6,3,13,0,1,5,22,0,6,5,0,11,2,4,0,4,5,5,4,7,4,2,0,15,0,6,4,4,0,9,4,1,1,1,1,28,8,0,17,1,0,11,0,2,1,0,1,2,0,3,8,1,2,4,0,2,7,0,2,0,0,0,4,16,0,1,5,5,11,0,5,9,0,17,9,0,9,1,8,9,0
0,25,2,1,2,0,0,3,2,6,0,13,3,0,1,0,12,11,4,22,6,7,5,2,0,7,1,1,6,12,6,2,13,0,4,11,3,13,1,9,0,17,0,0,2,0,7,8,7,0,9,1,0,11,0,3,1,4,7,0,15,17,11,1,0,0,6,12,5,0,31,17,20,1,0,6,0,0,0,10,0,10,5,0,2,0,2,4,14,8,2,9,6,16,3,0,0,5,0,47,4,4,15,0,16,17,4,2,16,1,14,10,2,3,6,2,4,4,1,0,10,1,0,30,5,6,5,0,9,9,11,5,0,2,4,8,24,2,1,24,0,0,5,2,2,1,16,2,6,25,8,0
0,8,0,0,0,0,0,1,0,0,1,35,39,0,0,0,4,5,0,3,0,0,2,0,1,35,0,6,0,0,0,10,3,0,0,5,36,0,0,8,0,39,0,0,2,9,0,4,0,12,0,0,1,0,0,30,0,45,2,0,24,18,5,0,0,0,11,4,6,1,0,5,30,5,0,65,3,0,14,6,1,1,33,0,0,20,40,4,17,0,0,35,0,22,0,4,1,4,0,0,0,0,1,0,8,5,0,0,1,6,16,13,0,3,5,1,0,13,24,0,0,1,0,33,0,76,4,0,16,12,51,0,28,2,0,0,18,3,1,18,62,39,0,6,31,1,17,0,0,24,7,0
2,0,0,0,0,3,4,0,1,6,1,22,0,11,0,0,0,0,1,1,0,0,1,3,1,2,1,10,2,7,0,21,10,1,4,1,2,0,2,9,11,0,0,0,0,2,0,8,10,3,3,0,3,0,1,2,5,4,2,36,14,1,4,4,6,11,0,0,4,0,0,22,17,7,0,0,0,1,2,4,1,0,4,4,0,0,6,14,15,0,0,1,7,1,0,0,12,3,0,0,15,0,0,0,0,6,2,0,0,1,4,3,0,0,3,0,0,23,2,2,0,0,0,0,7,15,4,0,1,7,1,9,0,7,0,0,5,0,0,9,0,0,12,1,4,2,0,2,0,11,4,10
3,18,0,0,1,0,0,2,0,12,1,9,0,12,1,6,12,6,5,9,0,2,10,2,7,0,5,13,4,1,0,8,11,3,2,9,1,17,2,17,0,2,0,1,4,0,3,17,10,0,6,1,3,12,5,7,5,8,4,0,22,16,9,0,12,4,0,0,5,14,7,17,15,1,0,2,4,6,1,6,5,2,0,1,2,0,0,12,17,11,9,6,4,1,10,1,0,2,4,28,5,2,14,2,10,4,3,0,3,6,4,2,9,11,5,5,0,7,2,1,3,2,0,16,8,0,3,0,3,9,17,5,0,15,3,24,12,11,6,28,0,1,4,3,2,7,36,6,1,20,6,4
6,1,1,13,6,2,1,20,13,2,5,4,0,9,11,10,1,0,16,12,0,3,9,5,15,0,12,21,8,4,0,7,4,7,20,0,0,7,16,24,2,0,1,7,11,11,0,6,12,0,2,5,1,6,10,0,10,0,7,1,7,5,14,5,5,6,4,5,0,0,0,14,3,5,9,0,3,7,2,0,19,5,2,3,16,0,0,4,2,10,8,1,18,1,5,16,20,5,10,7,6,6,3,1,4,2,26,4,1,3,4,2,3,3,10,9,0,5,0,5,5,10,10,2,5,2,1,4,12,1,0,5,0,3,16,3,3,17,15,3,0,6,3,13,5,2,2,17,17,8,2,5
0,3,0,1,5,12,5,8,15,5,9,7,1,28,6,13,5,2,25,4,0,4,3,26,3,2,20,4,8,3,23,12,6,2,10,3,0,2,0,7,2,1,1,3,2,3,4,1,8,0,5,1,4,2,6,1,4,0,5,5,5,3,8,4,0,1,0,14,0,0,0,6,6,12,6,3,1,10,0,3,3,3,0,0,4,0,0,14,3,5,7,0,1,1,8,9,13,20,11,7,10,2,2,4,8,3,6,10,0,9,2,0,14,1,2,19,0,0,2,1,22,6,4,10,11,0,11,4,0,12,4,9,0,18,11,5,2,5,2,3,0,0,1,5,3,6,13,5,26,12,2,19
0,36,0,0,0,0,0,0,0,1,1,8,1,0,1,0,37,19,0,42,18,0,0,0,0,1,0,0,5,6,2,0,14,0,0,8,3,11,0,13,0,1,0,0,0,0,1,6,2,0,2,0,2,18,0,1,1,4,2,0,6,11,2,0,31,0,0,7,0,0,0,10,7,1,0,4,0,0,0,3,0,1,0,0,1,0,1,2,14,5,0,5,0,17,1,0,0,0,0,49,0,0,15,0,6,13,1,2,36,0,14,1,0,3,5,2,0,0,0,0,0,0,0,28,0,0,10,0,2,8,11,2,1,2,0,5,18,0,0,44,0,0,1,0,2,3,5,0,0,24,3,0
12,17,23,6,5,5,2,12,3,8,3,13,0,14,13,3,10,7,8,6,2,12,2,5,14,2,1,10,12,3,12,4,10,17,12,3,4,9,6,8,3,4,5,7,10,8,13,9,19,12,17,7,3,9,3,12,14,1,10,59,21,6,27,6,17,5,22,17,14,6,10,0,7,17,14,8,11,5,1,12,14,6,4,14,3,0,1,28,24,12,6,7,12,11,9,7,11,7,4,19,15,8,16,6,10,12,10,3,4,10,3,4,7,2,8,8,7,4,8,3,10,3,3,15,10,3,17,5,12,8,1,12,0,3,10,12,13,8,6,17,0,12,9,1,16,5,7,19,11,24,4,13
0,5,0,1,0,1,1,15,0,13,1,25,53,8,6,2,1,4,1,4,1,0,2,0,10,16,0,4,8,2,5,6,16,1,2,6,33,2,0,7,0,13,1,0,0,5,10,5,7,36,2,5,0,4,2,43,1,37,2,0,18,5,6,3,20,30,17,15,3,6,7,7,0,13,0,41,7,0,1,6,1,0,17,0,6,19,16,9,19,9,0,18,5,18,0,3,3,6,0,16,2,3,3,0,19,12,2,3,5,6,31,14,0,6,4,4,0,3,32,0,2,2,0,30,0,32,14,0,8,2,12,1,8,0,4,3,7,4,1,7,38,8,0,4,7,10,31,0,0,25,5,1
1,0,0,0,4,8,0,1,5,0,0,8,10,0,8,2,0,8,3,14,0,3,5,1,14,8,4,23,1,0,11,37,5,35,2,12,0,10,0,8,5,0,3,3,2,16,0,7,0,11,4,5,0,0,5,7,7,5,17,0,13,5,9,13,1,5,7,1,5,12,1,17,13,0,0,13,9,0,0,7,3,1,16,4,0,0,10,4,4,1,6,7,5,9,0,32,2,5,10,0,0,1,3,0,6,18,30,3,1,2,0,22,1,0,2,1,0,6,12,0,20,0,0,4,1,9,23,6,5,5,13,0,1,1,10,0,6,21,3,5,0,15,0,9,5,6,2,15,13,18,16,5
13,0,30,3,14,12,15,4,8,1,9,0,0,7,0,0,1,0,18,1,0,5,0,7,0,0,7,10,2,6,2,0,0,0,2,0,0,0,16,1,3,0,0,12,10,0,1,2,12,0,13,10,5,0,5,0,22,0,0,13,2,1,15,0,0,0,0,0,9,6,0,14,0,0,0,1,0,26,1,0,4,7,0,13,8,0,0,0,0,0,13,0,4,0,5,0,27,0,0,2,2,4,0,7,2,0,1,7,0,0,0,0,23,0,2,0,10,6,0,2,8,17,18,0,2,0,1,11,0,3,0,1,0,9,5,0,0,3,2,1,0,0,11,0,0,1,0,5,2,2,0,2
0,5,0,0,0,0,0,1,4,0,0,18,105,0,0,1,1,7,2,2,2,8,0,1,2,49,0,3,1,3,3,5,5,1,1,17,138,1,0,3,0,54,0,3,0,9,1,5,0,37,3,0,0,0,4,79,0,47,24,1,21,14,2,1,6,65,0,2,0,3,4,8,41,13,1,0,16,0,68,1,7,6,58,0,0,96,30,2,10,3,3,39,1,20,2,2,1,0,0,2,0,0,11,0,2,1,0,3,5,0,76,89,0,0,1,9,2,2,98,0,0,1,1,22,0,130,1,5,79,4,35,5,81,1,1,5,6,0,0,20,109,40,5,2,9,1,2,5,2,19,7,1
2,6,0,0,5,5,1,0,3,6,3,9,5,5,11,3,0,9,2,15,0,6,12,1,1,9,1,4,4,1,8,15,1,10,4,4,0,5,1,10,1,5,1,4,1,7,0,15,5,9,17,1,1,0,0,5,3,1,8,0,8,5,15,5,0,3,0,4,3,1,0,11,7,9,0,16,0,1,1,0,5,12,10,1,7,0,3,3,4,6,8,1,11,2,1,16,0,6,7,1,3,3,3,26,3,0,10,0,0,1,3,4,3,2,7,2,0,1,8,10,9,0,0,3,4,5,13,1,20,3,5,3,0,6,11,1,6,7,1,11,0,7,1,3,11,1,0,9,9,18,5,1
1,2,11,14,4,9,16,11,9,8,12,1,0,10,0,2,0,0,0,0,0,0,7,6,0,0,2,4,3,2,2,9,1,5,2,0,0,1,20,4,4,0,2,3,19,1,1,3,10,0,9,5,39,0,15,0,15,2,0,6,1,0,8,22,0,0,1,6,7,10,0,5,0,0,26,0,1,0,0,3,13,8,0,13,5,0,0,1,0,3,6,0,1,0,7,5,8,0,0,11,9,5,0,13,0,0,4,4,3,7,0,2,24,0,0,4,3,1,0,7,5,3,1,0,1,2,5,6,0,0,2,0,0,2,6,1,0,9,8,4,0,0,0,1,4,0,3,7,2,1,1,2
0,0,0,0,0,1,0,0,0,1,0,2,45,1,0,0,0,0,3,0,0,0,2,0,0,25,0,0,0,0,0,0,2,0,0,2,53,1,0,1,0,43,0,0,0,0,3,1,0,3,0,0,0,0,0,20,0,13,0,3,4,7,0,0,0,14,2,1,2,0,0,1,1,0,1,68,1,0,0,1,0,1,0,0,0,37,3,1,1,0,1,7,1,9,0,0,0,1,0,0,1,0,0,0,3,2,0,0,3,0,22,63,0,0,0,0,0,6,32,0,0,0,1,7,2,41,1,0,29,0,2,0,38,0,1,0,4,0,0,1,49,2,2,1,0,1,0,0,0,4,4,0
0,9,1,3,0,1,0,4,0,7,1,11,2,10,2,0,11,7,2,3,1,2,2,2,5,0,1,1,8,0,2,3,16,0,2,0,0,12,1,5,6,0,1,1,1,8,0,6,4,6,2,0,0,8,2,3,4,2,25,0,7,5,4,6,10,6,4,6,0,3,3,12,6,7,0,1,0,3,1,0,1,4,2,0,0,0,3,14,5,5,5,4,4,1,1,4,0,9,9,32,2,1,9,1,5,13,1,5,7,0,7,3,0,5,10,9,0,4,1,2,9,0,0,8,10,4,24,0,1,20,2,2,1,7,2,9,6,3,3,18,0,4,11,13,8,6,6,0,0,14,3,4
0,1,0,0,24,8,2,13,0,12,1,8,0,7,1,1,5,5,5,4,0,2,3,2,8,5,0,0,8,0,14,6,0,30,2,6,0,3,1,3,7,0,0,0,7,6,0,1,4,2,13,9,3,0,19,0,0,1,3,0,5,6,12,5,0,1,1,5,19,3,0,14,1,3,4,7,5,13,0,1,0,7,17,19,1,0,5,21,4,0,21,2,4,1,3,25,0,10,23,6,12,5,2,9,2,1,3,0,5,9,2,1,14,1,1,6,6,1,3,1,3,4,6,3,11,0,2,17,7,2,2,7,0,2,9,0,0,5,7,9,0,5,1,9,5,3,10,45,0,17,2,0
3,5,13,15,11,16,16,1,5,6,1,3,0,0,0,5,1,3,8,1,1,8,4,8,3,2,10,2,6,4,7,2,15,7,9,2,0,3,32,12,3,1,3,0,0,4,1,9,8,1,16,0,11,5,1,0,1,0,25,12,9,1,18,0,10,1,0,2,5,3,1,6,0,1,7,6,12,8,1,4,7,0,6,3,3,0,1,5,2,6,11,4,10,2,5,1,4,0,8,11,15,4,4,0,2,2,1,1,2,8,0,2,11,1,3,6,3,1,0,4,19,1,3,0,17,0,4,8,2,3,2,5,0,4,1,3,1,8,14,13,0,5,6,7,1,2,4,1,0,4,0,10
0,8,0,0,7,0,0,8,0,4,0,75,36,6,1,0,0,4,1,30,0,2,2,1,11,54,3,19,6,1,15,31,10,10,0,27,27,3,1,5,10,43,0,1,2,49,0,27,3,21,0,2,0,1,8,29,1,53,10,0,35,3,17,11,5,33,4,0,2,0,0,4,17,16,0,58,10,0,0,2,17,6,0,0,5,22,59,19,14,3,7,46,16,7,0,5,0,10,4,6,0,0,6,0,3,23,11,0,0,21,13,26,2,0,1,1,0,17,78,0,7,7,0,18,7,47,11,14,21,19,8,4,30,0,12,0,23,11,3,25,23,61,1,28,52,6,5,2,3,25,11,6
16,0,6,16,17,25,4,0,1,7,4,1,0,0,0,0,2,1,0,0,0,1,0,7,0,0,1,1,1,2,3,0,0,7,1,0,0,4,7,2,3,0,6,3,22,0,0,3,8,3,19,0,7,1,30,3,1,1,1,37,0,0,2,2,0,0,4,1,3,0,0,14,0,4,13,0,1,13,0,0,19,3,0,0,4,0,0,0,2,0,1,0,2,0,0,16,3,0,8,7,7,1,0,1,0,1,2,0,0,1,0,0,21,0,1,0,16,1,0,30,5,14,0,2,15,0,0,8,0,0,1,2,0,3,1,0,0,11,6,3,0,2,0,1,0,0,0,26,4,1,1,17
16,4,0,6,0,17,0,11,12,4,10,2,0,14,4,2,1,5,17,4,1,6,4,1,8,1,11,12,14,10,3,5,10,1,12,1,0,0,5,16,1,0,7,16,4,9,15,3,2,6,29,23,50,2,11,0,11,2,6,0,10,7,24,4,2,0,0,2,16,4,1,3,6,0,8,0,7,5,0,0,1,3,5,4,0,0,3,2,7,17,11,0,25,3,9,23,1,21,2,21,12,15,5,17,6,8,16,1,2,10,1,0,12,3,2,2,2,0,0,6,14,6,5,3,8,1,8,3,0,4,0,9,0,22,20,3,1,18,8,3,0,0,1,11,6,2,5,9,13,7,8,10
0,0,0,0,0,0,0,0,0,0,0,2,40,0,0,0,0,0,0,0,0,0,0,0,0,16,0,0,0,0,0,0,0,0,0,0,49,0,0,0,0,34,0,0,0,0,0,0,0,4,0,0,0,0,0,30,0,30,0,0,1,0,0,0,0,20,0,0,0,0,0,0,19,0,0,96,0,0,37,0,0,0,22,0,0,0,18,0,0,0,0,11,0,6,0,0,0,0,0,0,0,0,0,0,2,0,0,0,0,0,16,33,0,0,0,0,0,0,37,0,0,0,0,5,0,50,0,0,53,0,5,0,28,0,0,0,6,0,0,1,106,3,0,0,0,0,0,0,0,4,0,0
3,0,0,0,2,0,0,0,0,2,0,40,34,0,0,0,0,2,0,5,0,0,3,0,2,90,4,0,5,2,3,20,26,2,1,24,44,1,0,12,4,21,1,0,0,22,0,8,1,43,2,0,1,0,4,35,1,11,16,0,6,41,3,4,2,40,6,0,0,0,1,1,16,10,0,30,3,0,3,3,5,1,59,0,3,18,0,2,14,3,0,19,11,1,0,6,0,0,7,4,0,5,0,3,3,8,3,1,8,5,14,3,0,0,4,1,0,8,54,0,8,1,0,20,2,35,19,0,8,2,26,0,7,0,0,0,17,7,1,20,10,29,0,8,27,1,8,0,9,15,8,2
0,3,2,2,2,4,2,3,1,9,1,16,2,25,16,1,10,3,9,4,1,7,8,1,18,0,9,37,11,7,4,19,18,2,9,9,2,4,0,14,10,2,0,1,1,6,0,11,17,3,5,3,1,4,1,2,11,6,5,5,7,13,9,5,4,4,14,12,4,14,2,28,9,4,0,2,3,1,1,14,21,5,19,0,2,0,2,0,11,1,2,0,11,0,4,34,5,8,4,7,0,0,11,4,2,9,23,5,1,9,1,0,2,8,1,3,3,8,1,0,12,3,12,7,16,2,9,0,9,13,3,7,0,12,14,3,4,15,12,9,0,12,3,1,1,5,5,3,9,7,5,13
1,12,8,0,0,1,2,2,1,5,2,23,3,5,5,2,11,18,3,10,3,0,7,1,2,30,3,3,7,1,4,16,4,3,4,22,1,6,0,12,2,6,1,1,0,6,0,11,9,28,3,1,0,8,0,20,1,14,2,9,26,14,1,5,14,17,15,17,2,3,14,24,19,4,0,10,4,0,1,5,4,2,14,2,7,0,14,11,0,18,1,24,6,11,0,3,0,4,0,18,2,10,12,0,15,8,5,1,16,1,7,20,2,6,6,10,3,16,13,0,9,0,5,27,7,19,13,3,17,10,19,8,2,8,0,11,30,11,5,34,0,12,2,0,31,7,20,1,2,22,5,0
2,16,4,23,0,0,1,8,2,26,1,11,0,5,14,2,17,9,14,7,1,6,20,2,2,0,5,4,14,15,5,0,6,0,3,9,0,3,3,16,0,7,10,8,2,1,36,5,11,2,0,4,1,4,0,19,0,7,3,0,17,26,15,4,8,0,0,11,10,5,5,12,9,1,0,3,6,3,0,5,0,6,3,0,17,0,3,1,18,0,4,12,14,8,3,1,0,2,1,42,10,5,12,0,11,2,5,3,14,11,1,3,4,7,10,7,2,5,0,0,0,1,0,2,12,0,24,9,1,4,8,5,0,9,13,22,9,0,5,23,0,3,10,6,8,2,18,1,9,20,3,10
26,3,11,7,19,1,4,11,12,7,4,5,0,9,8,7,2,4,3,16,0,9,5,3,7,0,7,1,5,10,6,7,0,7,5,0,0,1,7,12,1,0,10,16,1,6,11,2,10,0,11,2,29,0,9,1,9,0,1,1,4,1,8,7,2,0,0,9,8,7,0,6,0,6,13,3,8,6,1,5,21,11,7,1,11,0,0,2,1,4,0,0,21,0,4,9,2,2,8,8,12,14,19,0,1,0,27,8,1,3,1,0,21,0,2,7,6,4,0,12,2,1,5,2,2,0,2,21,6,2,5,4,0,6,14,4,3,3,19,1,0,6,0,4,0,1,4,16,11,2,5,10
0,9,0,3,6,0,0,0,0,1,0,12,33,0,4,0,2,10,0,13,0,1,2,1,5,19,2,1,5,1,0,8,6,0,0,18,11,13,0,4,0,10,0,0,1,2,0,16,4,15,1,0,0,2,0,14,1,20,25,0,16,11,1,4,9,35,1,6,1,0,5,7,18,7,0,39,1,0,7,4,2,4,46,0,0,11,19,0,24,12,0,0,0,7,1,3,0,1,1,5,3,0,9,0,5,5,4,0,10,3,12,12,0,0,7,1,0,14,52,0,2,0,1,18,0,28,0,1,12,10,14,2,36,1,1,3,22,0,2,28,31,10,0,0,38,1,8,1,1,33,11,0
11,1,7,0,4,0,9,6,13,14,7,14,0,11,15,8,1,2,8,12,0,3,9,1,10,10,7,34,6,13,2,6,4,0,8,7,0,1,1,6,2,6,4,6,5,1,0,19,9,11,8,6,1,0,2,1,7,4,12,4,1,14,15,2,6,0,7,4,18,1,0,12,5,5,4,1,11,1,1,4,4,10,16,2,25,0,11,11,6,14,21,0,0,2,1,15,0,14,0,12,1,10,0,10,3,7,17,2,2,18,3,9,14,0,2,15,0,10,2,1,6,3,0,2,16,7,9,10,2,8,9,3,0,4,10,8,5,17,17,7,0,6,6,11,8,10,14,6,30,10,0,12
0,3,0,0,0,0,0,0,1,1,0,9,18,2,7,2,7,4,0,10,13,5,4,1,1,18,3,0,1,3,7,1,10,1,3,10,13,2,0,0,0,6,0,2,0,2,0,6,8,18,0,0,0,3,0,16,0,11,3,0,10,1,3,0,16,22,1,1,1,1,17,11,18,9,0,20,2,0,9,1,1,2,7,0,3,6,1,0,11,8,0,7,2,0,1,0,0,3,0,11,0,0,7,0,8,12,0,1,19,0,7,3,2,8,0,1,0,1,14,0,3,0,0,13,0,21,4,0,3,7,14,1,27,4,0,2,7,0,1,2,8,0,4,0,8,2,0,0,0,2,0,0
8,0,6,3,4,2,3,0,0,3,3,0,0,5,0,13,3,1,3,4,0,7,9,3,0,0,6,4,2,5,15,1,8,0,17,1,0,1,5,1,0,0,9,3,4,0,1,9,7,0,21,15,26,1,1,0,2,0,2,1,1,7,6,15,3,0,0,10,5,8,1,9,0,0,5,2,1,7,0,1,3,5,0,0,9,0,0,4,0,3,4,1,1,1,0,2,0,3,0,22,0,15,10,16,4,2,6,14,2,13,0,1,11,0,2,6,9,0,0,1,9,7,1,0,7,0,1,2,0,4,1,1,0,6,8,8,0,3,5,0,0,0,10,1,2,5,2,6,5,9,1,13
6,2,2,0,12,9,2,3,3,5,18,7,0,3,3,3,1,4,1,4,0,3,3,5,10,3,1,10,2,4,8,19,0,43,3,4,0,5,0,17,7,1,0,4,8,25,5,5,9,6,18,15,0,3,24,2,6,2,5,2,5,2,35,0,0,4,0,1,16,9,0,7,3,32,0,2,16,5,0,4,25,1,5,16,23,0,6,34,3,1,9,3,15,0,2,0,0,17,7,7,1,9,1,6,1,2,17,9,4,3,2,6,4,0,4,17,0,4,6,3,3,1,12,2,7,3,4,26,1,1,4,3,0,1,22,11,1,30,6,9,0,6,12,12,3,1,6,12,45,10,3,2
1,0,11,3,0,11,11,10,8,4,9,1,0,15,1,1,0,0,4,0,0,0,0,17,3,0,0,6,2,18,2,5,0,1,13,1,0,0,15,6,1,0,6,4,2,0,4,1,4,0,12,1,9,0,0,0,5,0,0,90,3,0,4,6,0,1,12,0,20,13,0,11,3,2,27,1,0,8,0,0,0,4,0,3,1,0,0,5,0,0,2,0,0,0,0,0,0,0,0,2,9,1,0,2,0,1,13,4,0,0,0,1,14,0,0,1,20,0,0,4,2,3,8,0,7,0,1,12,0,3,3,13,0,11,0,0,0,0,1,2,0,0,13,2,1,1,0,3,2,3,1,7
1,4,1,2,5,1,0,7,6,2,0,4,2,7,6,11,2,2,5,3,0,5,5,2,4,5,0,5,3,11,1,16,5,9,7,1,2,3,0,6,0,0,0,4,2,2,1,7,6,5,8,2,2,5,22,3,5,0,9,0,2,7,7,4,5,4,3,2,5,20,0,7,6,5,0,0,6,0,1,9,10,0,10,0,21,0,0,8,4,2,2,1,14,3,3,17,0,0,1,5,7,1,1,2,8,0,4,2,1,3,0,3,3,2,8,5,0,2,1,3,4,0,0,2,21,4,7,3,4,10,2,6,0,15,3,4,3,6,10,8,0,0,0,9,4,4,7,8,27,7,5,9
39,0,19,5,7,0,5,2,5,1,3,2,0,4,4,3,0,1,8,7,0,17,6,1,5,0,6,5,11,5,1,3,3,18,2,4,0,2,13,19,13,0,9,14,14,20,0,1,10,0,33,14,10,2,27,0,7,1,1,1,0,4,7,4,0,0,0,4,10,11,0,4,0,10,0,0,7,0,0,9,23,8,4,8,2,0,7,4,0,1,8,1,0,0,0,7,0,1,0,18,8,1,0,10,2,2,2,5,0,5,2,0,22,0,5,3,14,0,0,5,16,2,10,1,5,0,1,7,0,2,0,2,0,1,23,0,3,9,9,3,0,2,8,14,9,6,2,22,21,5,1,12
5,60,36,0,5,1,0,10,5,5,7,3,2,7,6,11,69,24,10,14,31,17,5,7,7,2,10,4,9,98,1,1,13,4,13,7,6,9,0,51,1,0,2,6,2,1,14,5,49,1,4,1,3,28,1,3,3,4,8,1,8,5,5,0,47,0,0,28,7,7,49,19,16,0,2,2,1,11,0,32,6,11,6,7,21,0,4,7,18,42,8,5,12,11,22,7,2,5,18,0,10,11,30,3,18,13,16,14,11,6,6,0,6,10,15,23,6,15,0,1,24,3,9,30,8,0,2,1,0,47,7,20,0,27,1,11,26,2,11,18,0,0,9,7,3,4,33,0,5,17,12,5
8,0,4,11,3,9,16,9,7,4,19,2,0,6,3,2,2,1,10,5,1,10,3,8,1,0,5,9,2,7,12,2,1,8,14,1,0,2,5,8,2,0,8,3,12,0,4,2,9,0,6,6,20,0,6,2,9,2,2,17,4,1,20,9,4,0,15,5,6,10,0,15,2,0,2,0,3,9,1,2,12,15,0,7,12,0,0,0,2,10,12,3,1,0,0,1,9,7,8,10,0,4,5,5,0,1,10,6,0,1,1,0,10,0,5,7,15,0,1,17,10,7,10,0,10,0,5,12,0,2,1,17,0,12,10,1,0,2,32,1,0,0,4,1,2,4,4,7,7,5,1,5
3,4,1,1,0,1,3,9,5,7,2,3,0,13,7,5,2,0,12,1,1,6,9,0,9,0,18,19,14,17,13,0,1,0,4,1,0,4,3,9,0,0,0,24,4,1,12,10,17,3,19,5,13,1,3,1,10,0,1,6,5,2,17,4,4,0,0,2,6,2,0,8,3,1,4,0,3,5,0,1,5,4,0,1,15,0,5,0,10,5,14,0,10,0,15,9,1,1,1,11,4,0,0,5,1,5,4,5,0,11,1,3,7,0,4,1,0,2,0,1,13,3,8,2,2,0,0,1,0,6,3,16,0,15,11,7,2,11,5,6,0,0,2,3,0,7,4,3,8,2,4,11
0,16,0,0,0,0,0,5,0,3,0,9,0,0,12,9,11,11,5,5,4,3,3,1,10,2,1,7,9,1,1,8,6,0,1,7,0,19,1,11,0,1,0,1,1,0,9,31,18,3,2,1,0,15,0,6,3,10,8,0,3,8,7,1,15,1,0,14,3,2,15,16,3,3,0,11,3,0,0,9,2,4,6,0,5,0,0,11,12,12,19,9,0,7,10,1,0,1,0,30,5,0,0,3,7,22,7,6,9,8,5,1,0,8,7,7,0,2,1,0,4,0,3,12,0,0,0,3,3,22,5,4,0,10,13,0,11,1,1,38,0,0,6,0,5,1,22,0,5,11,14,1
11,0,2,5,7,24,21,8,0,2,6,2,0,25,8,6,1,0,4,1,0,4,9,9,6,0,6,16,6,4,6,0,1,9,3,3,0,0,10,4,7,0,1,8,5,7,4,0,5,1,8,0,9,0,6,0,12,0,1,3,2,4,3,1,0,0,0,2,1,4,0,6,0,0,7,0,26,13,0,1,9,0,0,1,17,0,3,4,0,0,0,0,10,0,16,6,2,2,10,3,5,5,3,0,0,0,7,1,0,11,0,1,14,0,5,2,0,0,0,11,4,4,7,0,3,0,7,2,1,1,3,13,0,10,10,1,0,8,0,1,0,1,7,10,1,3,4,2,18,2,0,16
0,10,0,1,0,0,0,2,3,8,0,11,2,2,5,2,9,4,5,8,1,4,7,4,7,2,4,5,4,6,0,4,8,0,0,13,0,6,3,13,0,1,1,1,0,1,3,4,3,4,1,2,2,11,0,3,9,8,4,3,8,2,8,1,16,8,0,10,4,8,6,10,19,6,2,2,3,0,3,5,2,2,3,0,6,2,3,2,15,11,1,5,3,8,4,1,0,8,2,18,0,1,7,0,0,14,6,2,7,2,2,7,4,4,17,14,1,3,0,0,6,0,1,15,1,6,5,1,2,8,9,2,4,5,3,6,8,4,6,16,1,0,6,2,9,3,9,4,5,21,6,2
0,9,1,0,0,1,0,4,2,4,0,17,1,2,0,3,13,3,2,6,12,0,6,1,9,2,14,6,4,5,0,9,14,0,4,0,0,10,1,5,0,0,0,2,0,0,5,23,7,2,2,3,0,14,0,1,8,5,4,1,7,6,4,1,17,5,6,4,2,3,13,12,12,18,0,1,0,0,2,13,1,2,23,1,8,0,8,9,8,2,0,5,7,12,2,2,1,0,2,13,1,5,22,0,14,0,0,0,13,3,6,1,1,14,1,7,0,9,1,0,2,0,0,20,0,5,7,0,2,13,8,6,0,6,0,6,22,26,3,20,0,1,7,0,18,8,21,0,3,10,5,5
14,1,2,4,7,1,0,13,4,13,10,1,0,14,10,6,1,1,16,9,0,8,9,0,2,0,15,41,13,5,6,7,1,25,14,2,1,3,11,5,0,2,5,10,4,0,4,11,14,1,5,10,4,1,9,1,17,4,1,2,7,2,14,28,4,0,2,3,26,6,1,10,2,30,1,0,10,4,0,1,3,1,11,2,16,0,3,23,5,5,27,4,17,0,6,17,13,4,2,16,10,4,7,7,6,0,0,8,0,13,7,0,5,2,11,10,3,2,0,4,12,25,2,0,0,0,5,13,0,7,1,6,0,18,26,5,0,7,12,3,0,1,2,6,13,3,8,1,0,10,2,7
0,2,0,1,4,0,4,8,0,5,4,3,0,2,5,2,5,0,17,0,0,14,1,1,4,2,12,17,5,2,1,0,0,0,3,1,0,1,4,4,0,1,2,3,3,7,2,17,5,0,4,7,4,2,1,0,2,0,3,0,2,0,4,8,2,0,0,0,4,10,2,3,3,3,7,3,0,4,0,5,0,1,0,0,1,0,1,5,1,3,8,0,2,1,14,9,4,2,5,14,6,5,6,1,2,0,8,0,0,3,2,4,3,0,3,3,0,10,0,0,8,7,0,3,7,0,3,3,0,1,1,4,0,1,9,2,2,4,3,1,0,1,0,1,3,3,2,10,2,3,6,4
0,17,1,0,4,0,2,1,0,3,0,9,0,0,5,2,15,9,2,12,12,0,0,1,0,4,0,1,0,6,1,3,7,1,0,3,0,15,2,3,1,2,0,1,0,2,5,1,2,11,0,1,0,3,0,3,2,4,0,0,2,15,10,0,16,1,0,3,1,0,36,4,5,1,0,5,0,3,3,7,5,2,0,0,2,0,8,1,16,14,1,10,2,19,2,4,0,1,0,11,0,0,9,0,7,13,0,0,0,1,4,5,0,8,2,6,0,4,2,0,3,0,0,10,0,11,2,0,6,3,2,1,2,0,0,3,7,1,0,16,0,11,3,0,5,3,7,0,1,22,4,1
0,1,0,12,4,13,2,1,0,0,4,4,0,16,7,3,0,0,1,3,1,3,6,1,4,0,14,14,12,1,15,31,2,0,10,2,0,2,2,6,9,3,2,7,1,14,1,6,32,1,6,7,4,0,5,0,12,1,3,0,4,3,11,17,1,6,1,6,3,9,0,10,6,2,0,0,1,7,0,0,9,8,21,1,10,0,5,9,1,11,3,3,18,0,13,3,0,3,5,6,1,11,8,11,2,3,13,3,1,0,5,1,2,1,2,3,0,3,0,3,3,3,2,5,5,5,1,3,0,5,1,4,0,7,18,2,1,7,1,9,0,9,6,15,0,0,2,8,19,5,1,7
0,15,0,2,0,0,0,0,1,2,0,10,26,5,1,2,4,1,0,11,2,1,2,0,2,23,4,12,2,0,2,11,7,0,0,4,51,1,0,1,1,19,0,1,0,2,0,5,8,25,0,0,0,5,1,14,0,19,3,0,21,4,8,1,14,16,4,4,4,2,14,3,31,0,0,76,3,0,22,7,2,0,13,0,1,16,14,1,7,1,1,12,3,7,0,2,0,0,2,6,1,1,5,0,2,6,7,2,4,5,0,18,0,4,0,1,0,5,38,0,0,0,0,17,0,38,1,2,10,8,23,0,29,0,0,0,9,2,0,27,54,12,1,1,13,5,6,0,0,11,3,0
0,1,0,0,11,0,0,0,0,0,0,18,28,0,0,0,1,12,2,0,1,3,2,0,3,24,3,7,0,0,4,4,3,5,0,3,46,3,0,7,0,23,0,0,0,7,1,6,0,14,7,1,1,0,0,22,0,23,21,0,16,5,10,0,10,13,3,2,2,0,1,4,14,22,0,89,4,2,63,3,1,2,26,0,0,33,3,0,20,3,0,12,9,3,1,6,1,3,0,0,0,3,1,1,7,1,0,4,5,1,18,0,0,4,3,0,0,1,20,0,1,3,0,17,0,24,0,0,275,3,2,0,18,0,3,2,3,4,1,13,53,36,1,2,9,1,0,6,5,15,9,0
0,1,4,37,10,47,26,22,5,5,11,0,0,1,1,7,0,1,9,2,0,8,2,13,2,0,2,4,3,5,7,11,0,8,15,1,0,0,12,5,4,0,13,12,21,1,6,4,10,0,14,9,9,1,15,0,4,0,2,0,4,5,26,11,2,0,0,9,3,14,0,7,0,1,23,0,3,24,0,0,14,11,2,21,12,0,0,2,2,4,21,0,14,2,11,4,14,3,22,6,10,7,0,14,4,1,5,3,0,2,0,0,0,0,0,11,2,1,0,24,10,13,14,1,2,0,2,9,0,3,0,0,0,11,5,0,1,5,9,2,0,0,5,3,5,0,5,13,4,1,0,18
0,6,0,0,0,1,1,0,0,1,0,1,0,0,2,1,9,3,1,6,0,3,1,2,0,4,1,0,4,1,1,2,5,0,2,12,0,6,0,9,0,1,0,0,0,0,0,3,3,0,0,0,0,6,0,3,0,6,4,0,0,11,3,0,3,3,0,11,3,1,3,2,6,0,0,0,2,0,0,5,1,1,0,0,3,0,0,8,6,7,0,0,0,8,0,0,0,2,0,10,0,0,8,0,4,14,2,0,8,1,4,4,0,0,0,3,0,5,0,0,0,0,3,2,2,2,2,1,0,0,5,3,0,11,1,6,8,6,2,7,0,0,1,1,3,1,10,0,3,4,2,0
3,6,4,3,0,0,1,1,4,4,5,1,0,11,3,1,5,4,3,9,0,11,0,6,7,1,6,7,4,4,2,0,40,1,1,8,1,12,1,10,0,1,6,0,2,2,1,4,9,0,1,0,6,6,0,2,0,1,7,4,4,21,13,2,6,5,3,5,10,2,5,8,4,2,2,1,7,0,0,10,1,3,1,1,2,0,4,1,6,10,2,7,2,0,2,4,0,8,5,15,5,4,7,5,17,1,11,3,2,2,0,3,0,0,0,9,1,5,3,0,7,0,4,14,5,5,5,2,1,12,1,2,0,8,3,4,6,9,8,7,0,4,5,7,7,5,7,3,3,16,3,5
3,7,6,3,4,0,0,6,11,8,1,11,0,2,3,14,6,9,11,4,0,9,5,2,7,0,4,3,15,7,2,1,4,4,15,14,0,5,0,15,0,2,2,3,2,6,9,1,12,2,4,1,2,7,1,0,4,4,14,7,5,8,12,1,2,1,0,5,9,19,2,8,4,1,0,9,2,4,0,9,6,6,1,0,2,0,1,3,10,7,7,1,15,1,6,17,1,5,3,23,7,1,7,2,14,7,10,3,6,3,1,0,11,3,9,0,1,4,1,0,3,1,9,4,5,0,4,3,1,9,4,15,0,6,15,6,2,7,16,15,0,0,3,2,8,5,3,3,10,11,4,5
4,0,18,21,0,6,50,4,6,1,4,0,0,2,0,4,0,0,0,0,0,0,0,38,10,0,0,0,2,6,7,0,0,0,12,4,0,0,9,1,0,0,8,6,14,0,0,0,5,0,0,3,19,0,0,0,0,0,0,67,0,0,13,0,4,0,0,0,0,0,0,7,0,0,10,2,0,3,0,0,6,3,0,16,2,0,0,3,3,2,6,0,0,0,9,0,20,0,14,6,15,0,0,0,1,0,3,0,0,0,0,0,2,0,1,1,0,0,0,4,0,2,13,0,14,0,1,3,0,0,0,3,0,6,0,0,0,1,28,1,0,0,60,11,0,0,0,0,1,3,0,17
2,3,0,0,0,0,0,4,1,9,0,9,0,0,9,0,5,5,11,2,0,8,16,0,11,13,4,13,4,2,3,20,9,0,2,1,7,5,1,8,0,4,0,4,0,6,3,18,4,13,2,3,0,3,0,6,8,9,9,0,4,12,7,1,4,13,23,7,5,0,0,4,3,6,6,2,1,1,6,4,1,1,17,1,0,0,8,8,16,5,4,14,10,1,0,4,0,2,0,15,0,2,2,0,3,9,2,10,4,3,5,1,1,5,5,4,0,0,10,1,6,0,0,17,5,9,9,0,0,20,16,0,0,6,5,1,11,18,10,31,0,4,0,2,24,10,9,3,8,6,11,5
0,0,0,0,0,0,1,0,0,0,0,21,129,0,0,0,0,4,5,8,0,1,1,0,4,61,1,5,0,0,0,3,1,1,0,4,76,0,0,2,0,35,0,0,0,1,0,12,2,30,2,0,0,0,1,40,0,46,12,0,21,9,3,2,1,24,2,2,0,2,0,8,32,12,0,98,8,0,32,1,3,0,78,0,0,37,54,1,13,0,0,52,2,14,0,6,0,1,0,0,1,0,1,0,0,1,0,0,2,0,38,20,0,0,3,1,0,10,0,0,2,0,0,5,0,84,1,0,32,5,10,1,35,0,2,0,19,0,0,30,63,37,0,1,20,3,0,0,3,35,1,1
7,0,1,12,3,12,12,4,3,2,25,0,0,1,1,0,0,0,2,4,0,2,2,12,0,0,0,2,2,10,5,0,0,2,17,0,0,0,9,0,1,0,0,13,11,0,2,1,11,0,10,22,8,0,13,0,5,0,0,13,0,2,3,0,0,0,2,1,5,1,0,3,0,0,2,0,10,7,0,2,1,4,0,30,6,0,0,0,0,0,12,0,1,0,1,3,4,3,5,1,17,1,0,11,0,0,4,0,0,3,0,0,24,0,0,0,4,1,0,0,2,4,20,0,1,0,2,14,0,7,4,1,0,2,3,0,1,2,6,0,0,0,14,0,1,0,1,10,7,1,0,13
0,6,3,9,0,0,0,7,1,3,6,6,0,8,6,9,3,0,19,2,3,16,5,7,9,3,18,13,7,15,21,7,1,1,0,2,0,13,4,15,0,7,9,14,6,15,4,20,25,6,16,5,2,7,3,2,9,0,47,0,6,6,20,3,10,0,0,3,5,22,0,10,2,20,8,0,9,5,0,9,3,19,7,5,14,0,8,12,9,0,2,2,6,3,9,3,2,4,16,24,10,13,4,4,6,2,12,8,3,3,0,1,10,0,7,3,0,6,2,2,0,7,12,6,3,0,18,1,0,23,5,4,0,14,25,2,1,15,5,3,0,8,6,0,4,2,13,2,13,1,3,18
2,0,4,8,1,12,6,7,3,4,10,0,0,1,1,2,0,0,7,1,0,1,4,3,1,0,1,17,2,4,2,0,0,2,10,0,0,0,11,5,0,0,2,5,10,0,0,2,6,0,0,0,0,0,3,0,3,1,0,3,4,0,1,8,1,1,0,2,10,6,0,3,2,0,17,1,0,3,0,0,4,1,7,14,6,0,1,3,0,1,1,0,3,0,7,1,3,0,2,3,7,3,0,4,0,0,25,7,0,3,0,3,13,0,0,1,2,0,0,4,7,0,4,1,3,1,3,2,0,1,0,0,0,3,4,0,0,4,6,3,0,0,1,2,1,1,0,19,17,3,0,8
0,1,6,18,0,1,6,6,15,1,8,1,0,9,2,0,0,0,2,0,0,7,1,7,1,0,0,8,2,7,5,0,0,0,12,0,0,3,5,1,0,0,0,13,12,1,10,1,2,0,12,10,10,2,0,1,4,1,2,0,5,1,18,1,0,0,0,0,10,4,0,3,0,0,18,1,0,1,1,0,6,3,0,0,5,0,0,12,5,0,5,1,0,0,1,12,8,0,10,9,10,8,3,7,1,0,2,0,0,2,0,0,14,3,4,9,13,0,0,20,12,4,0,1,0,0,4,5,0,1,1,3,0,8,1,6,0,2,24,1,0,0,6,6,0,4,4,1,17,7,1,11
0,19,0,6,2,0,0,3,1,4,0,35,12,2,0,1,11,7,3,15,3,2,8,1,0,21,3,4,8,5,0,3,13,1,1,10,11,15,0,6,0,19,0,0,0,2,2,10,5,21,3,1,0,13,0,23,4,13,5,0,23,13,11,2,30,33,0,16,2,10,28,15,30,4,0,22,3,0,7,8,3,0,18,2,3,5,20,7,27,2,2,18,2,13,0,2,0,2,1,30,0,2,12,0,15,20,0,3,10,5,17,17,1,2,14,4,0,17,5,0,6,1,1,0,1,13,6,0,4,8,26,4,3,8,3,7,12,0,5,19,16,18,4,0,19,5,18,2,5,22,6,0
6,4,45,18,3,1,5,0,1,26,3,0,0,3,1,5,4,0,19,2,0,7,8,2,0,9,4,2,15,3,6,1,7,18,3,0,0,2,1,7,4,0,10,0,8,3,6,0,13,0,7,4,20,3,0,1,0,1,0,66,4,4,17,4,5,0,7,8,5,11,0,10,0,1,2,0,4,1,2,10,11,17,7,15,8,0,2,16,7,12,2,0,16,0,7,7,7,21,5,8,10,2,0,3,1,0,0,7,0,5,0,0,2,2,5,5,14,5,0,1,3,3,0,1,0,0,7,5,1,0,4,7,0,11,8,0,0,3,20,2,0,1,31,2,4,0,0,1,9,7,0,14
0,0,0,0,1,0,0,1,0,1,0,21,95,3,1,0,1,9,2,4,0,3,0,0,2,96,1,3,0,2,0,29,2,5,2,6,77,3,2,2,1,73,0,1,0,18,0,17,1,43,2,1,6,1,4,48,0,58,7,0,22,19,2,0,6,76,15,0,2,0,0,3,32,9,0,130,5,2,41,4,0,0,47,0,1,50,35,2,19,0,0,28,7,21,0,3,0,4,0,0,0,0,0,0,6,5,0,0,11,5,38,24,0,2,5,0,0,9,84,0,0,1,0,13,0,0,14,9,18,0,25,1,62,0,0,3,17,5,0,13,98,47,0,0,28,1,11,0,5,15,9,0
0,16,2,2,2,0,0,1,8,6,4,16,0,7,25,2,2,4,2,21,4,15,10,3,3,6,0,28,4,5,12,13,16,2,1,13,1,7,1,7,0,7,3,1,3,1,17,10,2,7,4,13,3,1,2,3,8,5,5,0,21,5,13,2,5,4,4,3,1,11,10,17,14,23,1,1,13,5,1,24,2,4,11,0,8,0,19,9,13,24,2,0,9,4,1,4,1,7,1,2,5,0,0,7,5,7,5,3,2,1,1,0,2,2,5,4,1,9,1,2,18,3,4,6,7,14,0,0,1,5,7,18,0,7,14,4,2,10,0,11,0,21,5,6,21,2,4,3,7,15,7,6
22,1,1,21,6,18,9,12,11,1,17,0,0,0,1,4,0,0,2,8,0,3,0,22,0,2,0,0,0,15,0,20,0,15,2,4,0,0,1,6,6,0,13,2,8,0,2,5,8,0,2,3,0,0,37,0,0,0,2,7,2,0,14,7,0,0,0,0,4,4,0,5,0,6,11,5,1,6,0,0,17,8,14,8,3,0,0,0,3,9,21,1,10,0,2,26,12,3,7,1,12,1,3,2,1,0,13,3,0,3,2,0,9,1,2,3,3,0,0,14,1,2,5,0,5,9,0,0,1,2,3,3,1,2,4,1,0,4,6,3,0,1,14,14,1,0,0,3,1,3,0,15
0,1,0,0,2,0,0,2,0,1,0,17,75,0,1,0,2,8,1,6,1,2,1,0,1,42,0,0,0,3,1,16,0,1,0,8,20,4,0,3,0,10,0,2,0,1,1,9,2,56,5,1,0,1,0,22,0,7,5,0,25,20,2,0,9,16,1,3,12,0,2,12,8,5,0,79,20,0,29,1,7,2,21,0,0,53,8,9,17,1,6,12,2,3,0,1,0,4,0,0,0,0,3,1,2,2,0,0,6,0,10,275,0,0,1,1,0,0,32,0,0,0,0,4,1,18,1,1,0,2,19,0,17,0,4,0,45,4,0,14,99,23,3,0,70,0,4,1,0,33,16,0
4,11,0,2,0,0,4,0,7,4,1,3,1,4,7,4,8,1,8,6,0,6,6,4,8,0,12,23,7,6,2,3,18,5,7,4,0,2,0,11,2,0,0,16,2,0,3,5,7,3,19,3,0,2,3,6,8,1,5,3,4,3,17,2,9,12,7,9,1,12,8,8,2,5,3,4,3,0,0,20,2,3,19,0,4,0,2,13,10,4,2,10,8,7,4,1,3,10,2,47,2,6,22,1,8,13,7,1,3,5,8,3,3,0,12,9,0,20,5,7,23,1,1,8,0,0,5,2,2,0,3,17,0,5,10,8,6,2,8,18,0,0,3,7,6,2,3,0,2,9,4,8
1,8,2,1,3,0,0,2,1,2,0,24,5,2,3,3,3,13,5,9,4,1,2,1,10,47,3,8,3,0,1,21,3,5,3,17,41,7,0,14,1,15,0,0,0,7,5,6,0,42,3,0,2,1,0,14,3,27,3,2,29,9,10,0,11,51,1,17,0,4,11,1,12,13,0,35,5,2,2,2,2,2,8,1,0,5,26,3,19,8,5,14,9,14,1,4,3,2,0,7,1,3,5,3,9,8,1,1,2,1,23,2,0,5,1,4,0,16,10,4,5,0,1,26,4,25,7,3,19,3,0,0,11,3,3,4,13,5,3,27,16,14,0,14,29,3,6,3,4,17,4,0
5,5,7,7,0,5,3,2,4,4,3,0,0,9,6,4,0,1,21,4,2,5,0,1,7,0,1,1,3,8,6,5,2,3,13,4,0,2,2,7,0,1,3,1,4,0,12,1,2,0,6,1,4,1,0,3,2,0,4,16,16,1,12,0,5,0,9,5,5,9,2,12,1,0,1,5,3,0,0,2,7,5,4,2,9,0,0,7,8,5,4,2,3,1,1,3,13,6,2,20,17,16,4,13,2,6,6,4,1,4,0,0,0,3,2,15,3,0,1,1,4,0,3,4,7,1,18,3,0,17,0,0,0,12,10,3,1,1,12,3,0,0,6,10,4,5,4,0,2,3,0,3
0,1,0,0,0,0,0,0,0,0,0,0,38,0,4,0,0,0,0,0,0,0,0,0,0,46,0,0,0,0,0,1,1,0,0,0,61,0,0,0,0,33,0,0,0,0,0,0,0,13,0,0,0,3,0,44,0,41,0,0,3,3,0,0,0,28,0,0,0,0,1,0,8,1,0,81,0,0,38,1,0,0,30,0,0,28,7,0,2,0,0,36,0,27,0,0,0,0,0,0,0,0,0,0,4,0,0,0,2,0,29,18,0,0,0,0,0,0,35,0,0,0,0,3,0,62,0,1,17,0,11,0,0,0,0,0,1,0,0,0,187,3,0,0,0,1,0,0,0,7,1,0
0,3,12,28,4,10,7,7,11,0,3,12,0,9,2,11,16,0,12,2,2,0,3,9,5,0,4,5,14,13,8,1,12,10,4,1,0,6,8,16,10,0,5,9,16,1,11,7,15,0,11,8,7,9,1,1,14,2,6,9,15,10,20,4,2,2,7,15,3,18,2,3,0,1,9,1,6,2,0,7,2,4,0,3,22,0,0,12,8,9,6,1,4,4,6,1,11,15,1,27,12,15,10,10,5,6,18,1,0,7,0,0,11,11,8,6,6,6,0,2,14,3,8,8,11,0,7,2,0,5,3,12,0,0,0,17,4,5,10,14,0,0,6,0,5,8,13,0,10,15,2,4
11,1,5,1,14,6,1,4,5,7,2,8,0,27,38,6,2,1,6,18,1,7,0,5,10,4,5,43,9,7,14,12,1,10,2,6,0,4,11,17,2,9,6,9,0,13,13,5,16,6,4,3,14,2,10,0,22,0,9,0,6,1,25,16,4,0,0,3,16,11,0,10,4,10,5,1,11,6,1,2,9,1,12,1,20,0,0,14,0,13,14,1,10,0,8,22,0,3,23,1,10,11,13,10,3,0,26,9,0,18,0,3,5,1,3,15,0,5,2,3,25,4,1,3,8,0,14,4,4,10,3,10,0,0,0,0,1,12,15,7,0,7,1,9,2,4,7,8,9,15,3,19
1,7,0,1,0,0,0,6,0,4,1,5,0,6,7,4,8,3,12,4,2,2,12,0,4,1,6,14,3,3,36,13,2,0,4,1,0,6,0,11,0,2,1,2,0,0,6,10,5,0,3,0,2,7,0,1,12,5,6,0,8,9,8,0,8,0,0,24,3,5,5,12,3,0,0,5,1,1,0,9,0,3,0,0,3,0,0,3,11,22,4,3,8,2,8,11,0,4,0,11,1,7,0,1,6,6,5,2,3,2,0,2,0,6,4,6,0,1,0,0,2,0,6,7,0,3,4,1,0,8,4,3,0,17,0,0,3,9,6,4,0,0,2,5,10,3,12,0,4,11,4,1
0,14,0,0,2,0,0,0,0,4,0,16,5,1,6,1,18,10,5,22,7,3,6,1,3,42,1,0,5,0,2,8,17,5,1,20,12,8,0,9,1,0,0,1,1,4,0,19,4,18,5,2,1,8,0,24,1,7,8,0,19,37,8,1,24,18,5,12,3,2,18,13,7,6,0,6,6,0,4,6,0,1,23,0,1,6,17,4,30,9,3,22,5,7,0,1,0,3,3,26,0,2,11,0,8,22,0,2,7,1,9,3,1,8,6,2,0,11,19,1,1,0,0,12,0,17,2,0,45,6,13,1,1,4,1,3,0,2,1,34,1,27,2,2,14,3,20,0,2,41,7,0
1,1,0,3,2,7,0,4,7,4,2,10,4,18,9,29,11,4,10,7,0,10,7,1,27,4,15,28,14,9,10,10,16,15,13,3,0,9,1,2,5,2,0,10,11,17,6,20,11,9,11,9,1,4,21,3,14,1,4,2,4,3,14,5,2,3,0,11,17,5,0,8,4,21,3,0,7,9,0,3,5,8,11,11,18,0,7,15,11,0,3,0,17,0,3,30,0,6,9,2,2,11,1,8,4,26,7,4,1,7,2,4,5,6,9,7,1,18,0,2,15,4,2,0,3,5,10,4,4,2,5,1,0,5,12,9,2,0,8,11,0,9,4,13,3,7,2,7,14,11,0,17
5,3,0,18,8,15,8,7,6,8,13,5,0,8,14,1,7,0,5,5,0,7,9,2,7,0,7,5,11,4,2,6,5,0,2,0,0,2,6,9,3,0,2,5,5,0,0,2,13,0,12,1,34,4,13,2,12,0,1,0,5,4,11,5,1,1,0,6,15,2,0,6,1,3,2,0,1,8,0,3,7,14,3,6,8,0,1,12,5,5,19,2,17,1,5,6,1,10,9,11,32,5,1,0,6,3,12,3,0,1,0,1,9,2,8,16,28,10,0,6,5,6,24,5,20,0,0,6,0,8,3,12,0,10,15,6,1,8,0,1,0,4,2,4,2,11,0,11,9,8,7,2
0,20,3,0,9,1,2,3,0,6,1,22,0,5,18,3,22,15,14,17,3,4,6,5,17,54,8,7,8,4,7,14,12,5,2,19,20,4,0,21,2,7,2,2,5,7,7,13,15,29,10,3,0,11,0,10,4,19,10,10,20,10,16,11,24,18,9,28,3,3,44,17,7,5,1,20,11,4,1,18,9,13,25,3,3,1,20,9,34,23,1,28,7,2,0,9,2,8,3,18,1,6,38,1,16,20,3,1,16,9,27,13,2,7,7,15,1,31,30,0,3,3,1,19,2,13,11,3,14,18,27,3,0,14,7,4,34,11,1,0,4,9,7,8,27,8,15,11,10,51,23,2
0,0,0,0,0,0,0,0,0,0,0,1,27,0,0,0,0,0,0,0,0,0,0,0,0,40,0,0,0,0,0,0,0,0,0,0,94,0,0,0,0,28,0,0,0,0,0,0,0,2,0,0,0,0,0,55,0,31,0,0,0,0,0,0,0,62,0,0,0,0,0,0,38,0,0,109,0,0,49,0,0,0,23,0,0,106,10,0,0,0,0,31,0,8,0,0,0,0,0,0,0,0,0,0,1,0,0,0,0,0,54,53,0,0,0,0,0,0,63,0,0,0,0,16,0,98,0,0,99,0,16,0,187,0,0,0,1,0,0,4,0,6,0,0,0,0,0,0,0,5,0,0
1,0,0,0,4,1,0,2,0,0,0,53,19,1,0,0,0,29,0,7,0,7,0,1,6,46,2,10,9,1,4,45,8,13,2,10,6,0,0,4,1,5,0,1,0,18,0,20,2,48,0,0,1,0,3,13,0,19,28,0,34,11,2,5,0,39,0,1,6,0,0,12,8,15,0,40,7,0,2,4,5,5,61,2,0,3,29,12,12,3,6,10,6,0,0,6,0,0,2,0,0,0,0,1,0,1,1,1,11,9,12,36,0,0,4,0,0,4,37,0,8,0,0,18,1,47,21,1,23,0,14,0,3,0,7,0,27,9,4,9,6,0,4,19,43,10,5,6,5,27,11,1
12,2,43,4,0,6,18,0,12,9,12,1,0,8,1,0,3,3,1,1,1,1,1,6,14,1,0,3,9,20,9,0,2,3,11,4,0,3,2,4,1,0,5,3,11,4,6,1,5,1,8,11,7,2,3,0,3,0,0,19,0,0,5,9,5,0,12,4,3,1,1,9,0,0,11,5,1,0,2,11,1,6,1,0,1,0,0,3,2,10,0,0,6,4,10,12,13,0,8,9,4,2,6,7,6,7,2,0,3,6,1,1,5,1,5,3,60,0,0,14,6,1,6,4,31,0,5,14,3,3,0,6,0,6,1,2,2,4,2,7,0,4,0,1,0,9,0,3,12,8,0,14
16,2,0,1,9,8,4,19,5,13,1,19,0,15,3,3,2,2,10,2,0,2,0,9,3,25,6,14,9,0,0,6,13,44,2,1,0,0,1,16,19,1,2,6,4,40,0,6,0,15,1,3,2,0,20,0,1,0,13,2,4,2,11,0,2,6,1,3,13,5,0,1,4,9,0,2,3,1,1,13,9,7,28,1,11,0,8,1,0,6,4,0,11,0,1,12,2,9,14,7,1,3,0,10,2,0,6,1,0,15,1,2,3,1,7,2,11,2,1,0,0,2,6,0,2,0,6,14,0,7,14,10,0,0,9,5,2,13,4,8,0,19,1,0,3,8,2,25,5,12,0,3
0,1,0,3,1,0,4,5,2,13,2,51,3,9,19,0,2,9,0,15,0,0,3,1,5,11,3,18,7,4,9,21,4,3,7,10,8,9,4,5,1,14,1,0,1,0,0,12,5,30,1,0,1,2,0,13,4,29,2,0,36,18,14,17,2,31,4,2,5,3,2,16,7,5,0,9,11,4,0,8,5,1,52,0,6,0,27,1,31,8,0,38,8,8,2,3,1,4,9,3,2,0,5,1,9,18,13,3,5,0,13,9,5,3,7,8,0,24,20,1,4,1,0,19,4,28,21,1,70,6,29,4,0,5,2,10,14,3,2,27,0,43,0,3,0,4,3,5,5,29,1,7
2,3,0,1,0,0,0,3,2,0,0,8,0,5,4,6,8,0,6,13,0,7,2,6,3,5,5,31,4,2,0,7,18,0,0,4,0,3,1,5,0,0,0,2,5,1,3,11,9,2,4,0,3,1,0,2,2,11,4,0,14,12,14,9,1,1,2,7,2,6,3,5,10,6,1,1,1,0,1,6,3,2,6,0,2,0,1,5,7,2,1,1,10,2,5,1,1,4,6,4,4,7,1,3,3,8,3,3,3,0,5,1,0,1,5,5,0,10,3,0,2,1,4,5,0,1,2,0,0,2,3,5,1,8,4,3,3,7,11,8,0,10,9,8,4,0,1,1,4,14,12,7
0,10,0,4,0,2,1,3,2,5,0,10,1,3,7,7,27,12,2,20,2,6,11,1,2,6,2,3,3,9,2,16,6,5,7,12,0,6,0,5,1,2,0,2,0,5,5,14,13,4,3,2,2,7,1,7,8,0,10,0,9,66,3,0,16,17,0,36,2,13,5,7,31,2,0,2,0,3,0,6,10,4,5,0,5,0,8,5,20,18,4,8,14,0,2,6,0,7,2,33,4,4,22,4,9,21,8,2,7,2,6,0,5,10,7,3,0,9,0,1,13,0,4,18,0,11,4,0,4,3,6,4,0,13,7,12,20,2,0,15,0,5,0,2,3,1,0,0,3,26,4,2
17,0,0,1,27,26,21,7,2,1,11,1,0,1,3,2,0,2,9,3,0,3,0,13,10,0,4,1,4,1,5,3,4,20,2,3,0,1,3,11,10,0,5,3,5,9,0,0,8,1,7,2,21,0,43,0,3,0,0,4,4,6,25,9,2,0,2,6,17,5,0,19,0,15,5,5,9,7,0,0,45,1,2,26,9,0,0,3,1,1,16,1,6,0,6,12,3,8,22,0,7,3,0,2,4,0,1,10,0,8,0,6,13,0,3,3,0,3,0,10,2,19,1,2,1,0,3,3,1,0,3,0,0,0,8,0,0,7,11,11,0,6,3,25,5,1,0,0,9,3,0,2
12,4,20,8,6,4,7,37,6,2,8,1,2,21,5,6,0,6,15,1,0,2,6,0,8,4,3,12,7,22,0,18,1,10,9,2,0,3,14,3,2,1,5,11,5,9,3,6,1,10,36,16,16,1,3,0,11,0,6,4,5,6,12,1,6,0,0,1,17,26,0,11,0,13,2,2,9,2,0,0,0,0,3,4,13,0,9,9,2,9,11,1,30,0,5,45,2,27,21,5,7,8,5,18,5,3,0,2,1,19,0,5,4,3,3,10,1,8,3,7,13,17,17,5,9,5,7,1,0,2,4,2,0,10,9,4,2,14,9,10,0,5,12,5,5,4,3,9,0,9,9,13
3,10,5,2,21,3,0,6,2,8,2,47,10,4,11,3,19,17,11,29,5,4,10,4,17,39,7,9,2,5,11,17,10,3,3,9,11,22,2,13,7,2,2,5,2,5,1,21,3,24,5,3,8,17,0,29,8,26,19,18,30,13,19,8,25,24,11,20,8,12,24,24,25,18,2,19,18,1,4,14,17,4,25,1,7,4,15,7,22,20,2,33,10,2,9,10,3,7,5,17,5,2,11,2,21,10,10,3,22,5,11,15,1,4,16,11,3,6,35,1,1,3,7,22,7,15,15,3,33,9,17,3,7,15,15,11,41,11,8,51,5,27,8,12,29,14,26,3,9,0,16,12
1,13,0,0,1,0,0,5,0,1,0,34,2,0,0,0,3,8,7,3,0,6,4,0,16,11,1,3,3,2,0,12,12,0,2,5,7,3,0,9,0,0,0,0,0,1,8,9,3,5,2,2,6,3,0,5,2,13,3,0,14,18,3,9,8,7,4,6,2,2,3,4,5,16,0,7,5,1,4,3,2,0,11,1,8,0,8,5,5,3,5,11,0,0,1,3,1,5,1,12,1,4,14,0,6,5,2,6,4,1,3,9,0,2,3,4,0,11,1,0,3,0,1,6,0,9,7,0,16,4,4,0,1,2,3,4,7,0,7,23,0,11,0,0,1,12,4,0,9,16,0,3
4,4,3,19,1,17,14,0,12,4,18,0,0,6,2,6,0,0,10,0,0,3,3,15,4,0,13,12,7,6,1,7,0,0,10,1,0,1,11,7,2,1,6,16,8,1,1,1,3,0,11,8,5,7,2,0,9,0,3,19,1,1,19,0,0,0,10,4,5,19,0,13,1,5,2,1,1,2,0,4,0,10,6,17,10,0,2,13,0,10,10,0,12,0,13,2,7,9,12,5,5,11,1,16,2,5,7,4,1,7,0,0,18,0,5,5,17,5,1,13,18,8,11,0,14,0,6,15,0,8,0,3,0,4,19,1,0,17,2,2,0,1,14,3,7,7,2,2,13,12,3,0
