Ant57,Ant260,Ant52,Ant397,Ant929,Ant2,Ant6,Ant7,Ant9,Ant14,Ant19,Ant24,Ant26,Ant30,Ant38,Ant60,Ant64,Ant72,Ant74,Ant102,Ant158,Ant161,Ant196,Ant202,Ant209,Ant227,Ant245,Ant252,Ant268,Ant308,Ant311,Ant534,Ant604,Ant620,Ant646,Ant673,Ant740,Ant838,Ant954,Ant0,Ant1,Ant12,Ant13,Ant20,Ant23,Ant27,Ant29,Ant42,Ant43,Ant48,Ant49,Ant51,Ant54,Ant55,Ant62,Ant63,Ant66,Ant68,Ant70,Ant80,Ant91,Ant96,Ant97,Ant98,Ant109,Ant113,Ant118,Ant120,Ant124,Ant126,Ant127,Ant131,Ant135,Ant137,Ant140,Ant144,Ant147,Ant149,Ant156,Ant159,Ant169,Ant170,Ant172,Ant174,Ant175,Ant176,Ant190,Ant195,Ant206,Ant207,Ant210,Ant212,Ant215,Ant229,Ant232,Ant242,Ant250,Ant257,Ant261,Ant262,Ant263,Ant264,Ant289,Ant296,Ant299,Ant301,Ant313,Ant324,Ant326,Ant331,Ant332,Ant334,Ant353,Ant356,Ant376,Ant380,Ant387,Ant391,Ant395,Ant433,Ant437,Ant458,Ant462,Ant482,Ant492,Ant501,Ant507,Ant509,Ant530,Ant549,Ant560,Ant576,Ant592,Ant593,Ant607,Ant610,Ant614,Ant621,Ant635,Ant638,Ant647,Ant650,Ant665
0,0,11,2,15,3,3,0,20,0,23,0,5,0,0,0,23,4,55,12,12,20,2,0,3,1,10,17,5,9,3,3,24,5,0,2,3,8,1,3,0,10,7,4,0,20,3,2,0,0,0,9,9,0,5,2,0,8,8,17,3,11,25,10,17,1,1,1,1,3,1,7,0,3,18,4,0,2,7,6,0,7,0,0,0,10,8,0,2,4,1,0,12,24,29,10,5,0,38,26,5,2,6,1,7,3,2,0,0,0,1,4,0,7,4,1,16,4,5,1,0,13,0,2,0,0,2,47,17,0,0,10,4,3,0,0,2,1,20,1,1,0,6
0,0,0,3,0,1,6,7,0,1,0,4,0,2,33,53,0,3,0,0,0,0,30,22,0,1,0,0,1,1,6,3,0,0,20,0,1,0,3,0,32,1,0,3,12,0,2,59,10,28,5,0,0,23,0,0,0,0,0,0,4,1,7,1,1,6,4,0,3,1,3,3,48,3,0,1,69,21,2,8,11,1,1,0,27,0,1,1,25,9,0,21,0,0,1,0,0,15,0,0,0,1,0,1,0,8,5,2,13,7,3,5,11,0,25,0,0,2,0,7,27,0,18,14,19,1,0,0,0,18,29,0,4,1,20,24,20,11,0,0,5,1,0
11,0,0,1,32,15,0,0,3,11,0,4,2,0,0,0,5,1,31,0,0,29,2,0,7,2,2,14,0,0,10,7,5,6,0,13,0,6,0,0,0,5,2,1,1,6,11,0,0,0,6,3,39,0,9,1,8,5,0,8,0,9,5,3,4,1,0,12,0,0,20,20,1,13,11,1,4,0,0,3,0,36,2,0,4,8,1,0,4,0,5,0,17,8,31,29,1,0,32,9,2,3,3,1,1,1,0,0,0,3,1,2,2,2,4,0,13,0,3,1,0,6,8,20,0,0,0,25,10,1,0,1,2,3,0,0,4,1,2,0,0,0,24
2,3,1,0,0,1,21,5,1,1,1,14,3,3,4,12,0,0,0,0,1,0,15,6,3,17,1,0,8,3,11,0,16,0,7,0,5,3,3,2,14,2,1,1,12,6,15,15,14,11,13,0,2,0,1,0,21,0,17,0,3,1,9,1,2,14,3,0,23,1,8,8,8,8,0,7,13,11,0,29,2,5,1,0,4,0,0,4,3,12,1,10,0,0,7,0,1,0,0,0,1,1,5,9,0,10,14,2,16,1,4,7,14,0,20,1,14,5,0,13,19,2,9,24,2,0,0,8,0,6,12,0,0,3,10,3,12,12,0,0,0,13,1
15,0,32,0,0,6,5,0,12,9,23,1,2,0,2,0,20,10,6,7,16,0,4,0,3,2,8,8,5,6,4,18,18,10,0,9,5,2,5,10,0,13,20,7,0,8,23,1,0,0,3,2,7,0,6,12,1,7,7,8,8,21,9,7,9,3,0,5,10,1,6,18,0,6,0,1,0,7,18,1,0,17,0,3,1,10,5,1,2,8,2,0,6,2,11,15,6,0,8,2,5,11,11,1,10,9,1,2,0,0,0,7,0,3,3,0,10,4,10,4,0,4,1,3,1,0,3,22,26,0,0,13,4,13,2,0,0,0,4,20,0,6,2
3,1,15,1,6,0,0,15,1,6,0,0,4,0,0,1,5,3,0,0,6,11,4,0,0,13,23,1,13,7,21,8,15,6,0,6,1,2,24,0,2,16,22,0,3,1,37,0,1,8,17,5,22,0,0,0,0,1,8,19,2,0,37,3,2,6,0,5,9,9,46,22,0,16,0,11,18,3,0,28,7,4,0,14,3,2,11,3,9,8,1,0,1,5,33,25,7,1,8,19,1,0,13,1,0,1,8,7,0,4,0,0,10,1,2,0,21,0,12,0,2,2,10,25,0,1,0,31,5,0,0,6,0,2,0,0,4,2,4,12,0,22,14
3,6,0,21,5,0,0,7,0,10,0,14,0,0,1,4,1,1,0,0,0,2,62,1,3,6,1,0,3,4,4,1,30,0,1,0,11,12,10,1,37,1,2,9,11,2,9,1,4,6,26,0,1,0,0,0,15,3,5,4,5,2,2,2,0,37,12,0,5,7,7,2,5,5,0,8,38,10,17,14,5,5,0,0,26,0,1,3,6,6,1,0,0,0,8,1,0,0,1,6,2,1,1,16,0,2,26,3,19,8,0,4,21,1,22,0,4,1,0,5,11,1,13,2,8,0,0,0,4,1,0,0,4,1,2,0,2,5,1,3,8,16,3
0,7,0,5,0,15,7,0,0,0,0,0,0,8,3,13,0,0,0,0,0,0,9,18,0,0,0,0,1,0,1,0,0,0,10,0,0,0,1,0,17,0,0,0,13,0,0,11,6,39,1,0,0,13,0,0,0,0,3,0,0,0,0,0,0,1,9,0,1,0,0,5,7,0,0,0,49,12,0,24,9,1,2,0,6,0,0,3,0,5,0,26,0,0,0,2,0,44,2,0,0,0,0,0,0,7,0,6,6,13,0,0,9,0,4,0,0,0,0,1,6,0,0,2,31,2,0,0,0,31,41,0,0,0,12,25,20,6,0,0,5,0,2
20,0,3,1,12,1,0,0,0,1,0,0,11,0,0,0,33,3,19,23,11,6,3,0,0,0,65,8,4,11,6,6,7,32,1,1,1,3,2,9,0,10,1,0,0,10,4,6,0,0,0,20,25,0,0,5,2,37,0,1,7,12,7,5,2,0,1,16,1,2,0,1,0,2,12,0,2,0,0,2,0,5,0,34,1,47,6,0,2,1,1,0,21,5,3,2,11,0,17,0,9,4,3,4,14,0,3,0,0,1,2,1,0,14,0,0,1,6,28,0,0,15,1,0,0,0,5,7,3,0,0,1,0,4,0,0,2,2,20,30,0,2,38
0,1,11,1,9,6,10,0,1,0,2,8,3,0,7,6,0,6,0,0,0,7,14,0,2,18,1,2,0,3,15,4,5,1,1,7,11,6,12,0,0,5,13,2,14,2,5,3,0,0,18,1,1,0,5,1,15,7,3,5,8,2,22,0,0,3,1,1,10,2,27,0,7,4,1,3,5,3,2,11,4,5,1,1,17,0,6,2,3,13,2,1,0,1,1,0,0,0,1,5,5,0,5,8,0,5,3,0,5,4,5,4,3,3,13,0,14,3,5,7,0,1,3,0,2,0,0,0,1,1,0,5,7,11,7,0,6,7,2,0,4,9,0
23,0,0,1,23,0,0,0,0,2,0,0,0,0,0,0,5,2,3,5,0,6,1,0,21,7,10,5,3,15,1,3,8,6,0,1,4,0,1,5,0,32,7,1,0,31,8,0,0,0,4,12,12,0,13,15,3,21,17,2,3,7,0,9,9,1,0,0,3,4,3,1,0,0,0,0,0,1,4,7,0,9,0,3,0,1,10,0,2,4,22,0,0,1,23,4,4,0,3,11,4,0,15,0,52,1,2,0,0,0,0,1,1,1,0,0,34,6,0,5,1,23,2,3,0,0,1,18,11,0,0,2,0,11,0,0,0,7,42,30,0,2,5
0,4,4,14,1,0,14,0,0,8,0,0,0,0,6,5,1,7,0,3,1,9,23,1,0,26,0,0,0,5,7,0,4,0,0,0,11,2,18,0,0,2,2,7,1,2,7,8,1,0,10,0,0,0,0,7,11,1,3,1,8,2,0,0,1,15,7,0,7,1,3,0,7,3,2,9,6,6,3,10,3,10,0,2,7,0,0,5,1,5,1,0,0,3,2,0,0,4,1,1,0,0,2,5,0,1,14,9,0,7,10,8,4,1,11,0,5,6,0,10,1,1,2,6,11,1,0,6,0,10,0,0,8,4,0,0,6,1,0,0,3,5,1
5,0,2,3,2,4,0,0,11,3,0,0,0,0,0,0,11,2,2,28,6,10,2,0,4,0,10,14,2,3,3,3,7,2,0,13,0,4,0,0,0,16,6,0,0,19,8,0,1,0,0,14,16,0,6,4,1,4,27,5,8,35,2,22,14,0,0,10,2,0,9,2,2,2,9,0,0,1,3,1,0,20,0,1,0,3,2,1,2,0,4,0,13,23,1,3,15,0,8,1,18,17,0,1,12,0,5,3,0,0,0,0,0,12,1,0,11,11,9,0,0,4,32,1,0,0,16,15,23,0,0,0,1,8,0,0,2,0,10,1,2,2,20
0,2,0,3,0,0,0,8,0,0,0,0,0,0,4,7,0,0,0,0,0,0,6,0,0,0,0,0,0,0,0,0,0,0,19,0,0,0,0,0,6,0,0,0,2,0,0,2,1,1,0,0,0,2,0,0,0,0,0,0,0,0,0,0,0,0,7,0,0,0,0,0,1,0,0,0,13,1,0,0,15,0,1,0,3,0,0,0,0,3,0,0,0,0,0,0,0,8,0,0,0,0,0,0,0,11,0,0,13,1,0,0,0,0,0,0,0,0,0,0,1,0,0,0,1,7,0,0,0,6,9,0,0,0,0,1,0,0,0,0,1,0,0
0,33,0,4,2,0,1,3,0,7,0,6,0,4,0,1,1,0,0,0,0,0,20,11,5,2,0,0,3,6,2,0,1,0,0,0,9,3,25,0,7,0,0,7,3,0,0,26,1,13,9,0,1,2,0,2,4,0,0,0,5,1,1,0,1,9,11,0,4,1,1,5,10,0,0,15,15,20,0,1,4,10,0,0,11,0,0,6,3,6,0,0,0,0,1,0,0,0,0,0,0,0,1,7,0,2,7,0,5,8,18,2,11,0,52,2,0,4,0,8,4,0,3,15,8,0,0,0,1,3,1,0,9,5,6,2,1,7,0,1,11,7,0
0,53,0,12,0,1,4,13,0,6,0,5,0,7,1,0,0,0,0,0,1,0,22,38,0,0,0,0,0,0,1,0,0,0,9,0,2,0,4,0,12,3,3,2,6,0,0,31,14,10,4,0,0,2,0,0,7,1,0,0,1,1,0,0,0,3,9,0,0,0,0,0,18,1,0,3,18,22,0,2,16,1,1,2,7,0,0,2,1,9,0,23,0,0,0,0,0,19,1,0,0,0,2,3,0,3,5,2,14,11,11,1,9,0,4,0,0,0,0,13,7,0,0,2,11,7,0,0,0,7,13,0,4,0,13,6,5,8,0,0,11,4,0
23,0,5,0,20,5,1,0,33,0,5,1,11,0,1,0,0,10,44,14,14,17,0,0,1,1,26,14,13,11,2,13,14,33,0,18,0,3,0,1,0,15,7,0,0,27,4,1,0,0,1,9,19,0,18,0,0,18,1,24,13,30,17,22,15,0,2,2,0,5,4,41,0,2,2,0,0,2,10,1,0,23,0,5,1,5,2,1,1,1,0,0,8,1,2,18,10,0,32,7,12,12,0,0,7,0,0,0,0,0,2,0,0,7,1,0,0,0,16,2,0,26,0,1,0,0,8,26,34,0,0,11,4,10,0,0,1,0,6,5,0,3,41
4,3,1,0,10,3,1,0,3,6,2,7,2,0,0,0,10,0,1,2,5,7,1,0,1,3,19,2,0,9,4,5,6,8,1,29,0,0,9,0,0,6,5,4,0,2,32,0,0,0,2,3,29,0,1,1,4,6,0,12,7,14,4,7,13,2,0,0,1,0,6,1,0,7,7,2,0,3,25,3,1,2,0,1,4,7,7,1,1,6,0,0,3,6,0,5,3,0,1,7,23,7,3,1,1,5,3,3,0,1,5,2,3,1,1,0,2,5,0,4,0,8,1,3,0,4,5,0,2,0,0,1,1,5,2,0,13,0,1,0,0,6,7
55,0,31,0,6,0,0,0,19,0,3,0,2,0,0,0,44,1,0,3,12,17,1,0,6,0,10,43,9,0,0,12,2,39,0,40,0,6,0,3,0,22,9,0,0,5,0,0,0,0,0,14,31,0,5,0,0,20,0,14,3,4,31,61,0,0,0,23,0,0,0,28,0,4,12,0,1,0,31,0,0,4,0,42,0,25,12,0,6,0,1,0,50,1,7,49,26,0,35,36,0,0,0,0,0,0,0,0,0,0,0,0,0,4,0,0,1,14,44,0,0,0,1,0,0,0,0,44,9,0,0,17,0,1,0,0,1,0,58,21,0,0,18
12,0,0,0,7,0,0,0,23,0,5,3,28,0,0,0,14,2,3,0,12,16,1,0,2,0,11,9,6,7,0,3,5,13,0,3,0,0,0,0,0,0,6,1,0,6,5,0,0,0,0,21,4,0,0,20,1,6,2,0,1,22,2,4,6,0,0,10,0,2,0,5,0,0,68,0,0,0,1,0,0,1,0,13,0,0,5,1,2,0,11,0,22,6,6,0,6,0,14,5,8,7,0,3,17,0,0,0,0,0,0,4,2,8,0,0,0,3,5,0,0,26,0,0,0,0,6,0,19,0,0,0,0,15,0,0,1,0,13,16,0,0,84
12,0,0,1,16,6,0,0,11,0,0,1,6,0,0,1,14,5,12,12,0,6,2,0,0,7,12,19,15,1,5,8,4,40,0,41,1,1,1,0,0,1,13,1,0,28,9,0,0,1,4,23,24,0,9,4,2,13,1,14,5,27,2,10,11,1,0,24,6,0,4,26,0,0,0,1,1,2,8,0,1,21,0,7,4,18,0,0,0,0,10,0,5,5,5,14,3,0,2,23,8,6,1,1,14,1,1,0,0,2,1,2,0,3,1,0,1,5,6,8,0,3,4,7,1,0,2,15,8,0,0,1,0,4,1,0,4,2,7,10,0,2,2
20,0,29,0,0,11,2,0,6,7,6,9,10,0,0,0,17,7,17,16,6,0,6,0,9,5,48,13,15,9,1,4,10,5,0,23,0,7,2,1,0,26,19,0,2,40,6,0,0,0,5,7,18,0,14,1,1,15,1,3,4,22,3,38,12,0,0,4,0,2,5,16,0,6,3,0,0,0,5,7,0,5,0,1,2,14,13,0,0,0,8,0,1,6,25,7,8,0,23,3,25,2,8,1,18,2,0,1,0,0,0,0,0,3,0,0,0,2,15,1,0,1,1,0,0,0,4,28,9,0,0,3,2,2,0,0,7,1,13,21,1,1,36
2,30,2,15,4,4,62,9,3,14,1,23,2,6,20,22,0,1,1,1,2,6,0,4,1,12,0,1,6,10,15,2,13,0,3,0,10,2,9,0,15,1,11,11,22,3,12,12,25,25,40,0,1,4,0,4,52,2,6,11,9,1,11,1,4,24,35,0,12,2,7,5,8,29,0,11,84,18,0,16,11,4,10,4,28,0,0,9,25,16,2,7,1,1,7,2,0,20,0,2,0,0,7,23,0,12,9,7,6,17,14,20,30,0,26,0,12,3,0,20,8,0,46,16,8,6,0,11,1,10,16,0,27,2,23,3,10,16,3,2,10,27,7
0,22,0,6,0,0,1,18,0,0,0,1,0,0,11,38,0,0,0,0,0,0,4,0,0,0,0,0,0,1,1,0,0,0,7,0,4,0,1,0,36,0,0,0,9,2,1,6,14,27,1,0,0,1,0,0,0,0,0,0,0,0,3,0,0,3,2,0,0,1,0,1,35,0,0,0,19,6,0,2,5,0,1,1,0,0,0,0,3,2,0,10,0,1,0,0,0,29,0,0,0,0,0,2,0,24,1,2,4,5,2,5,16,0,1,0,0,0,0,1,9,0,0,0,14,11,0,0,0,26,9,0,1,0,3,6,5,3,0,0,13,0,1
3,0,7,3,3,0,3,0,0,2,21,0,4,0,5,0,1,1,6,2,0,9,1,0,0,12,3,22,4,4,0,0,7,5,0,0,1,15,4,2,5,7,6,5,2,10,3,1,0,4,0,0,5,0,0,2,1,23,0,20,7,15,21,13,4,4,0,0,0,1,5,17,1,2,1,4,5,2,9,5,1,3,0,29,4,1,3,1,4,6,2,0,2,6,2,5,1,1,0,0,0,1,2,2,0,2,1,0,1,0,0,3,4,1,2,0,4,6,6,9,0,0,3,8,0,0,5,7,8,0,0,5,0,1,0,0,3,1,8,17,0,8,5
1,1,2,17,2,13,6,0,0,18,7,26,0,0,2,0,1,3,0,0,7,5,12,0,12,0,3,1,6,10,35,1,25,1,1,6,5,1,15,0,2,15,11,29,3,0,14,0,0,2,4,0,0,0,0,2,32,3,13,1,18,0,31,6,4,16,3,0,39,5,35,17,1,4,0,35,8,0,15,27,4,11,3,1,13,5,11,4,25,27,9,2,4,9,5,1,0,0,1,6,1,1,4,11,1,2,18,19,0,3,8,5,9,0,11,0,7,10,7,8,2,0,0,9,7,0,0,11,7,1,0,13,0,13,2,0,4,15,6,2,2,17,9
10,0,2,1,8,23,1,0,65,1,10,0,10,0,0,0,26,19,10,11,12,48,0,0,3,3,0,14,14,9,0,16,13,19,0,14,2,15,0,5,0,22,16,2,2,24,10,0,0,0,1,2,16,0,31,5,3,21,4,20,27,39,18,11,8,2,0,3,2,3,8,15,0,7,9,0,1,0,8,7,0,56,0,20,0,8,17,0,13,0,4,0,5,20,6,9,21,0,11,11,26,23,8,0,0,0,0,0,0,0,0,1,0,10,0,0,1,7,23,0,0,6,4,5,1,0,8,43,51,0,0,22,0,8,1,0,1,2,23,26,0,3,14
17,0,14,0,8,1,0,0,8,2,5,0,14,0,0,0,14,2,43,9,19,13,1,0,22,1,14,0,13,1,5,20,3,8,4,15,1,14,0,0,0,12,43,4,3,33,5,0,0,0,2,5,62,2,5,0,2,1,3,49,15,37,15,8,19,8,0,1,12,0,10,19,3,41,1,4,4,3,16,1,2,27,0,2,1,7,56,0,31,1,8,0,11,4,21,34,6,0,9,10,1,55,3,2,7,1,5,0,0,0,0,1,4,6,0,0,9,5,2,0,0,3,33,3,0,0,11,52,20,0,0,18,4,15,0,0,3,2,22,15,1,1,39
5,1,0,8,5,13,3,1,4,0,3,0,2,0,3,0,13,0,9,6,15,15,6,0,4,6,14,13,0,1,0,14,21,8,0,5,0,3,1,0,0,16,15,2,3,0,15,5,0,0,0,31,24,0,5,1,4,9,16,19,12,10,4,14,23,8,2,5,2,4,7,25,0,2,5,4,6,0,5,13,0,3,2,3,5,9,6,0,2,3,17,0,3,6,31,1,3,0,23,8,4,1,1,1,10,1,0,2,0,4,6,1,2,10,1,1,6,2,0,2,0,7,2,15,2,0,3,15,2,1,0,9,0,5,0,0,0,2,34,18,3,4,6
9,1,0,3,6,7,4,0,11,3,15,5,3,0,6,0,11,9,0,7,1,9,10,1,4,10,9,1,1,0,7,2,19,1,0,0,26,5,5,0,1,4,1,12,1,12,6,0,1,0,2,2,1,0,2,10,19,1,9,2,5,10,7,13,13,7,8,0,7,8,8,7,1,5,1,9,3,20,13,11,1,2,0,9,11,0,1,2,2,14,2,0,0,2,16,1,0,0,0,0,1,6,11,3,0,18,3,5,0,3,16,6,3,12,2,0,7,8,0,5,1,1,5,4,6,3,6,2,6,0,0,0,4,12,2,0,12,5,2,5,9,5,13
3,6,10,11,4,21,4,1,6,15,1,7,3,0,2,1,2,4,0,0,5,1,15,1,0,35,0,5,0,7,0,1,5,1,5,11,2,7,9,1,3,3,1,1,3,3,14,1,0,1,9,0,3,0,3,2,0,0,15,2,13,13,50,5,0,13,10,0,14,2,29,1,2,15,0,12,12,9,4,19,1,6,1,5,14,1,8,5,31,5,5,6,0,13,11,8,0,1,4,28,0,3,4,1,0,5,16,3,1,5,1,9,5,0,4,0,19,1,13,10,1,0,20,39,3,0,2,2,8,2,0,22,2,22,1,0,8,19,5,0,12,12,11
3,3,7,0,18,8,1,0,6,4,3,0,3,0,0,0,13,5,12,3,8,4,2,0,0,1,16,20,14,2,1,0,6,8,0,1,0,0,1,1,0,2,2,1,0,2,18,0,0,1,1,12,38,0,7,0,6,7,0,23,3,7,12,20,15,0,0,0,0,2,8,8,0,1,0,0,2,0,10,2,0,1,1,3,0,2,6,0,7,1,1,0,3,3,6,8,10,1,0,14,3,6,3,1,3,2,1,0,0,1,0,9,0,6,1,0,0,2,13,2,1,5,1,0,0,0,3,18,1,0,0,6,1,8,0,0,2,2,7,18,1,0,11
24,0,5,16,18,15,30,0,7,5,8,4,7,0,1,0,14,6,2,5,4,10,13,0,7,25,13,3,21,19,5,6,0,1,0,5,5,9,6,3,0,16,26,1,4,8,33,0,2,4,10,3,3,2,2,8,2,8,11,8,16,9,19,8,11,21,2,0,19,6,38,26,0,4,5,1,15,8,23,46,6,7,0,10,8,7,29,0,11,15,15,0,8,12,9,7,3,0,3,20,27,3,10,4,2,12,18,3,0,3,0,10,16,1,13,0,24,5,10,14,3,9,8,7,2,0,10,7,30,1,0,2,6,4,1,0,7,16,6,3,0,23,1
5,0,6,0,10,6,0,0,32,1,6,0,2,0,0,0,33,8,39,13,40,5,0,0,5,1,19,8,8,1,1,8,1,0,0,2,2,3,0,1,0,12,1,1,0,28,6,0,0,0,0,38,18,0,12,1,1,4,3,15,17,7,3,6,2,2,0,30,1,0,0,12,0,0,19,0,0,0,7,0,0,4,0,19,1,16,0,0,8,0,11,0,26,7,15,32,5,0,1,11,5,8,6,0,14,3,0,0,0,0,0,1,0,12,0,0,3,5,43,2,0,2,0,1,1,0,21,7,14,0,0,0,0,17,0,0,2,0,15,47,0,1,9
0,20,0,7,0,0,1,10,1,1,0,0,0,19,0,9,0,1,0,0,0,0,3,7,0,1,0,4,0,0,5,0,0,0,0,0,1,1,0,0,13,0,0,2,10,0,2,11,8,2,6,0,0,11,0,0,1,0,0,0,3,0,0,0,0,1,12,0,2,0,0,0,8,2,0,1,42,17,0,4,5,0,0,0,1,0,0,0,0,1,1,13,3,0,0,0,0,20,0,0,0,0,0,3,0,3,2,0,19,3,0,0,0,0,0,0,0,0,0,1,31,0,4,5,3,1,0,0,0,19,44,0,0,0,3,30,4,4,0,0,11,0,0
2,0,13,0,9,6,0,0,1,7,1,0,13,0,0,0,18,29,40,3,41,23,0,0,0,6,14,15,5,0,11,1,5,2,0,0,0,0,0,0,0,27,0,0,0,10,0,0,0,1,0,0,51,0,0,0,0,9,0,25,0,5,9,29,5,0,0,1,0,0,27,5,0,6,10,0,0,2,44,0,0,23,1,5,0,6,9,0,0,0,14,0,9,4,11,6,16,0,24,7,0,0,0,0,0,0,3,0,0,0,0,0,0,3,2,0,1,0,30,0,0,0,31,0,0,1,0,25,2,0,0,18,0,5,0,0,2,0,8,6,0,0,5
3,1,0,5,5,1,11,0,1,11,4,11,0,0,9,2,0,0,0,0,1,0,10,4,1,5,2,1,0,26,2,0,5,2,1,0,0,1,10,0,2,5,9,30,5,0,15,2,5,2,16,0,0,0,1,5,8,1,5,0,16,3,2,0,1,5,8,0,10,0,4,1,2,13,0,2,4,9,1,9,1,0,0,1,16,0,5,2,15,11,7,2,0,0,0,0,0,3,0,2,1,1,7,8,0,9,22,1,8,3,6,5,4,0,9,0,6,10,0,10,2,0,3,3,3,0,0,4,4,3,1,1,3,3,6,0,11,6,0,0,6,3,0
8,0,6,3,2,2,12,0,3,6,0,2,4,0,3,0,3,0,6,0,1,7,2,0,15,1,15,14,3,5,7,0,9,3,1,0,1,0,3,1,0,2,5,13,2,11,2,9,0,0,11,2,12,0,0,1,5,8,2,13,35,5,10,4,14,1,1,0,2,4,9,2,1,7,8,4,1,7,0,9,0,14,0,1,2,1,9,1,9,2,2,0,6,29,4,6,0,0,2,8,0,6,6,9,0,6,1,1,1,1,0,0,6,2,9,0,6,2,2,3,0,14,7,3,1,0,5,96,10,0,0,9,1,10,0,0,0,2,0,1,1,7,14
1,3,0,3,5,24,10,1,2,12,1,18,0,0,25,4,0,9,0,0,1,2,9,1,4,15,0,0,1,5,9,1,6,0,0,0,10,3,0,0,3,1,1,18,10,0,4,4,2,0,34,0,0,0,1,10,5,4,6,0,8,0,3,2,0,16,8,0,19,0,12,5,1,4,1,18,9,34,0,21,1,2,2,0,14,0,4,21,14,16,3,0,0,0,3,1,0,0,5,1,1,2,5,15,0,2,20,5,1,15,19,2,22,0,15,0,16,4,0,12,5,5,6,2,8,0,1,2,0,3,0,10,20,2,0,0,3,5,0,4,8,11,1
3,0,0,2,10,0,1,0,9,0,5,0,0,0,0,0,1,0,3,0,0,1,0,0,2,0,5,0,0,0,1,1,3,1,0,0,0,1,0,0,0,2,1,0,0,3,0,0,0,0,0,5,7,0,0,0,0,0,1,6,5,1,14,6,1,0,0,0,2,2,1,3,0,4,7,0,0,0,2,0,0,1,1,2,0,4,2,0,0,1,0,0,3,5,9,0,0,0,1,0,0,0,5,0,1,1,1,0,0,1,0,0,0,0,0,0,5,2,2,0,0,4,1,2,0,0,1,5,0,0,0,1,0,2,0,0,0,1,3,1,0,9,0
0,32,0,14,0,2,37,17,0,0,0,0,0,6,7,12,0,0,0,0,0,0,15,36,5,2,0,0,0,1,3,0,0,0,13,0,2,0,3,0,0,0,0,0,25,0,3,13,14,37,7,0,0,0,0,0,1,0,0,0,0,0,9,0,0,3,18,0,6,0,8,4,13,4,0,4,81,21,0,9,4,1,1,1,24,0,0,5,9,7,0,11,0,0,0,5,0,22,1,0,0,0,1,0,0,16,8,2,29,2,8,1,38,0,44,1,3,1,2,4,9,0,3,32,14,1,0,0,0,16,11,1,1,0,12,9,18,31,0,0,7,14,0
10,1,5,2,13,16,1,0,10,5,32,2,16,0,0,3,15,6,22,0,1,26,1,0,7,15,22,12,16,4,3,2,16,12,0,27,5,2,1,2,0,0,15,2,2,17,2,0,2,0,3,0,23,0,22,0,0,8,5,12,4,4,39,17,6,6,0,0,0,1,33,24,1,2,0,1,10,0,7,6,0,13,0,5,1,11,35,0,7,5,0,0,0,13,10,5,11,0,50,17,3,1,0,3,10,0,3,5,0,0,0,3,2,1,1,0,20,5,8,1,0,0,13,25,0,2,0,42,7,0,0,18,0,1,0,0,2,2,42,24,0,14,25
7,0,2,1,20,22,2,0,1,13,7,2,6,0,0,3,7,5,9,6,13,19,11,0,6,11,16,43,15,1,1,2,26,1,0,0,9,5,1,1,0,15,0,0,2,25,9,1,0,0,7,2,13,0,4,2,5,2,4,24,27,6,33,8,3,4,0,2,3,3,9,6,1,6,1,0,3,1,3,2,1,22,0,28,6,3,7,2,10,1,12,0,6,15,3,5,4,0,10,20,14,12,15,7,2,1,12,6,0,0,0,3,1,6,3,0,8,3,8,1,1,6,7,11,1,0,1,10,8,2,0,11,0,4,0,0,4,3,4,3,0,13,2
4,3,1,1,7,0,9,0,0,2,1,7,0,0,7,2,0,4,0,1,1,0,11,0,5,29,2,4,2,12,1,1,1,1,2,0,30,13,18,0,0,2,0,0,4,1,15,3,0,1,6,0,1,0,0,20,19,2,4,2,5,2,0,0,2,7,4,0,13,1,12,0,2,1,4,18,1,8,6,0,1,7,0,6,18,0,6,15,6,4,2,0,1,0,3,2,2,0,0,0,0,0,7,7,0,8,2,1,2,5,11,13,1,0,11,0,1,8,0,12,0,1,1,1,2,0,0,1,4,1,0,1,6,1,6,0,9,5,0,5,6,9,1
0,12,1,12,0,3,11,13,0,14,0,1,0,2,3,6,0,0,0,0,0,2,22,9,2,3,2,3,3,1,3,0,4,0,10,0,5,2,10,0,25,2,2,4,0,0,2,28,12,14,5,0,1,6,0,0,5,0,2,3,2,0,9,0,2,8,5,0,3,3,2,2,6,5,0,4,64,1,1,3,2,3,1,0,2,0,1,2,9,22,3,4,1,0,1,0,0,15,0,0,0,0,3,8,0,3,4,2,6,1,2,0,15,0,10,0,0,0,0,6,4,0,1,3,7,5,0,1,0,26,11,2,4,6,8,30,9,7,0,0,1,4,0
20,0,6,6,8,1,2,0,10,2,31,2,19,0,0,0,27,2,5,6,28,40,3,2,10,0,24,33,0,12,3,2,8,28,0,10,0,11,0,3,0,17,25,1,0,0,17,0,0,0,1,7,15,0,19,0,1,35,10,14,6,22,19,15,6,2,0,25,3,0,11,15,0,8,1,3,1,0,11,5,0,52,0,19,0,21,6,0,10,6,10,0,5,2,27,11,4,0,0,11,48,11,13,1,18,2,2,0,0,1,0,2,0,29,0,0,5,6,7,2,0,18,1,1,0,0,11,7,14,0,0,2,1,6,0,0,1,1,27,11,0,2,23
3,2,11,15,23,37,9,0,4,5,8,7,8,0,0,0,4,32,0,5,9,6,12,1,3,14,10,5,15,6,14,18,33,6,2,0,15,2,4,0,3,2,9,15,2,17,0,0,0,5,13,1,19,0,4,2,4,7,2,15,16,5,17,12,1,4,8,8,7,13,20,0,3,10,1,21,7,1,26,30,3,21,1,11,7,3,12,0,20,8,15,2,13,9,21,34,1,0,8,9,5,4,35,0,1,4,5,0,0,4,1,19,6,5,8,0,13,13,10,2,1,2,19,3,5,0,0,24,26,0,0,3,3,17,0,0,2,5,5,1,2,7,0
2,59,0,15,1,0,1,11,6,3,0,8,0,2,26,31,1,0,0,0,0,0,12,6,1,0,0,0,5,0,1,0,0,0,11,0,2,9,4,0,13,0,1,3,28,0,0,0,18,15,4,0,1,3,0,5,0,0,7,0,1,0,0,0,0,12,39,0,1,0,0,0,8,6,0,13,85,13,0,2,11,2,1,0,4,0,0,3,0,7,0,0,0,0,2,0,0,3,0,0,0,0,0,2,0,3,1,4,9,10,5,9,0,0,6,0,0,4,0,11,23,1,0,0,5,5,0,0,0,20,33,0,13,0,6,1,24,1,0,0,7,0,0
0,10,0,14,0,1,4,6,0,0,0,1,1,1,1,14,0,0,0,0,0,0,25,14,0,0,0,0,0,1,0,0,2,0,8,0,5,0,2,0,14,2,0,0,12,0,0,18,0,63,4,0,0,18,0,0,1,0,1,0,1,1,0,0,0,8,7,0,3,0,0,0,14,0,0,0,21,14,1,5,10,0,2,0,5,0,0,2,0,0,0,13,0,0,0,0,0,14,0,0,0,0,0,2,0,12,1,0,23,6,0,3,27,0,3,0,0,0,0,1,20,0,1,1,18,8,0,0,0,9,31,0,4,0,11,31,10,6,0,0,4,2,0
0,28,0,11,0,8,6,39,0,0,0,0,0,1,13,10,0,0,0,0,1,0,25,27,4,2,0,0,0,0,1,1,4,0,2,1,2,0,0,0,37,0,0,1,14,0,5,15,63,0,2,0,0,23,0,0,1,1,2,0,0,0,0,0,0,0,4,0,6,0,5,2,13,0,0,1,60,24,0,23,0,1,0,0,2,0,0,0,4,8,1,2,0,0,0,2,0,25,0,1,0,0,0,1,0,8,9,5,46,11,0,0,14,0,8,0,1,0,0,1,15,0,5,2,27,10,0,0,0,19,26,3,0,0,8,16,20,6,1,0,9,2,0
0,5,6,13,3,17,26,1,0,18,4,10,0,0,9,4,1,2,0,0,4,5,40,1,0,4,1,2,0,2,9,1,10,0,6,0,16,11,34,0,7,3,7,6,5,1,13,4,4,2,0,0,4,4,0,0,10,0,9,0,25,1,27,0,0,24,31,1,9,1,13,1,2,24,1,15,20,20,5,18,8,7,5,2,30,0,0,19,23,18,9,0,0,3,7,4,0,5,0,5,0,6,10,3,0,10,15,12,14,26,20,2,16,0,29,0,6,10,0,11,7,1,40,14,5,1,0,7,2,24,1,3,25,1,2,1,5,20,2,0,11,18,5
9,0,3,0,2,5,0,0,20,1,12,0,14,0,0,0,9,3,14,21,23,7,0,0,0,0,2,5,31,2,0,12,3,38,0,0,0,2,0,5,0,0,2,0,0,7,1,0,0,0,0,0,18,0,6,4,2,5,5,1,4,11,2,15,10,0,0,5,2,4,0,3,1,3,7,0,0,0,0,2,0,1,0,0,1,4,9,0,3,1,3,1,3,13,0,1,1,0,3,8,19,8,0,0,14,0,2,0,0,0,1,0,0,19,1,0,1,5,1,2,0,9,1,0,0,0,8,4,11,0,0,10,0,2,0,0,1,0,9,39,0,1,1
9,0,39,2,7,22,1,0,25,1,12,0,16,0,1,0,19,29,31,4,24,18,1,0,5,0,16,62,24,1,3,38,3,18,0,51,0,12,0,7,0,23,13,1,1,15,19,1,0,0,4,18,0,0,14,0,0,12,1,27,1,8,10,19,11,0,0,9,0,2,21,13,1,4,16,0,3,1,36,1,2,8,1,17,0,12,21,0,19,1,2,0,15,13,33,1,19,0,16,3,11,6,7,0,21,0,0,2,0,0,0,1,0,12,7,0,10,1,6,0,0,0,27,2,0,0,6,67,2,0,0,11,0,18,0,0,2,0,21,54,0,1,22
0,23,0,0,0,0,0,13,0,0,0,0,0,2,2,2,0,0,0,0,0,0,4,1,0,0,0,2,0,0,0,0,2,0,11,0,0,0,0,0,0,0,0,0,6,0,0,3,18,23,4,0,0,0,0,0,1,0,0,0,0,0,0,0,0,0,3,0,0,0,0,0,2,0,0,1,28,21,0,1,1,0,0,0,3,0,0,0,0,5,0,0,0,0,0,0,0,13,0,0,0,0,0,0,0,1,0,2,10,1,0,1,0,0,0,0,0,0,0,4,13,0,2,0,28,6,0,0,1,27,16,0,1,1,4,11,8,0,0,0,0,0,0
5,0,9,1,6,0,0,0,0,5,13,0,6,0,0,0,18,1,5,0,9,14,0,0,0,0,31,5,5,2,3,7,2,12,0,0,1,0,1,0,0,22,4,0,0,19,4,0,0,0,0,6,14,0,0,0,0,8,4,19,8,19,8,17,6,0,0,1,0,0,7,5,0,7,0,1,0,0,3,0,0,7,0,7,0,2,2,0,1,0,0,0,4,1,1,22,6,0,0,9,0,3,0,3,7,0,0,0,0,0,0,0,0,12,0,0,0,10,5,0,0,1,2,1,0,0,60,12,31,0,0,0,0,0,0,0,0,0,14,17,0,0,11
2,0,1,0,12,0,0,0,5,1,15,7,4,0,2,0,0,1,0,20,4,1,4,0,2,2,5,0,1,10,2,0,8,1,0,0,5,1,10,0,0,0,2,20,0,0,2,5,0,0,0,4,0,0,0,0,3,2,2,0,6,10,0,0,3,4,2,0,6,0,0,0,0,0,1,4,0,2,5,5,0,5,0,0,4,0,0,0,8,0,3,0,0,0,3,0,3,0,8,0,3,1,5,19,0,10,0,0,0,11,4,2,0,2,3,0,1,2,2,6,0,49,0,0,1,0,0,0,11,0,0,0,1,4,2,0,13,0,0,12,0,4,2
0,0,8,21,1,0,15,0,2,15,3,11,1,0,4,7,0,4,0,1,2,1,52,0,1,32,3,2,4,19,0,6,2,1,1,0,8,5,5,0,1,0,5,19,5,1,4,0,1,1,10,2,0,1,0,3,0,6,16,0,12,2,0,2,1,12,6,0,11,0,5,1,12,4,0,9,8,7,6,0,7,9,0,2,8,0,2,1,6,6,4,0,0,2,11,0,1,0,1,2,0,0,10,6,0,10,3,0,0,14,4,5,10,2,13,0,10,1,1,6,1,12,1,0,2,0,0,1,2,5,0,0,42,11,1,0,1,6,0,1,3,4,2
8,0,5,0,7,1,3,0,37,7,21,1,4,0,0,1,18,6,20,6,13,15,2,0,23,3,21,1,9,1,0,7,8,4,0,9,1,8,4,0,0,8,2,2,0,35,7,0,0,1,0,5,12,0,8,2,6,0,6,6,1,14,1,15,6,2,1,1,6,0,3,21,0,0,2,0,1,2,5,2,0,12,0,0,0,1,14,0,0,1,10,0,8,12,2,4,1,0,1,3,33,9,8,3,10,1,0,0,0,2,3,3,2,5,1,0,22,5,11,3,1,6,0,0,0,0,8,8,5,0,0,0,2,8,1,0,0,8,20,21,1,1,7
8,0,0,17,7,8,5,3,0,3,17,3,27,0,0,0,1,0,0,2,1,1,6,0,0,13,4,3,16,9,15,0,11,3,0,0,5,2,6,1,0,5,4,4,2,10,2,7,1,2,9,5,1,0,4,2,16,6,0,4,3,9,6,1,6,9,0,0,10,17,22,2,1,15,1,9,6,3,5,22,0,4,0,2,8,0,12,1,5,7,2,1,1,7,11,8,5,0,2,5,0,16,3,8,3,6,2,1,0,9,3,2,1,0,21,0,9,6,1,5,0,1,0,6,7,0,1,7,2,0,0,0,11,9,1,0,5,1,9,4,1,8,12
17,0,8,0,8,19,4,0,1,5,2,1,5,0,0,0,24,12,14,0,14,3,11,0,20,1,20,49,19,2,2,23,8,15,0,25,0,13,0,6,0,12,24,2,3,14,15,0,0,0,0,1,27,0,19,0,0,6,4,0,2,8,8,6,5,2,0,11,3,15,5,14,2,7,2,1,0,0,11,14,0,29,0,16,2,10,13,0,8,5,8,0,3,7,23,25,5,0,15,39,5,5,7,3,2,4,1,1,0,0,0,1,0,1,0,0,19,5,10,1,0,0,9,5,1,0,9,41,6,0,0,3,0,2,0,0,5,0,32,18,0,0,2
3,4,0,3,8,2,5,0,7,8,3,8,8,0,5,1,13,7,3,1,5,4,9,0,7,18,27,15,12,5,13,3,16,17,3,0,16,35,8,5,0,4,27,5,2,6,16,1,1,0,25,4,1,0,8,6,12,1,3,2,0,16,16,2,9,7,0,12,44,5,11,16,10,7,3,13,8,0,45,11,2,9,0,6,13,14,6,4,4,17,19,0,4,18,5,1,5,1,0,10,1,11,15,11,0,6,12,3,0,4,4,6,5,1,7,0,14,11,3,7,1,1,6,2,5,0,2,5,11,8,0,10,7,12,0,0,1,10,1,20,7,18,7
11,1,9,1,21,0,2,0,12,2,7,2,35,0,1,1,30,14,4,22,27,22,1,0,15,0,39,37,10,10,13,7,9,7,0,5,3,5,0,1,0,4,6,2,0,22,5,0,1,0,1,11,8,0,19,10,2,14,9,8,16,0,4,14,15,2,0,2,2,0,2,11,3,10,9,0,1,1,15,7,0,14,0,5,0,5,0,0,7,0,7,0,21,9,0,16,14,0,19,1,19,26,5,2,28,3,1,2,0,0,0,3,0,20,3,0,22,10,5,8,0,14,2,3,0,0,23,1,7,0,0,5,2,11,0,0,0,0,0,9,0,6,11
25,7,5,9,9,37,2,0,7,22,0,0,2,0,1,0,17,4,31,2,2,3,11,3,21,31,18,15,4,7,50,12,19,3,0,9,2,10,3,14,9,39,33,0,9,19,17,0,0,0,27,2,10,0,8,0,0,1,6,8,16,4,0,22,14,19,0,3,12,0,18,27,1,6,0,5,65,0,24,11,5,30,1,3,14,24,11,1,3,20,11,1,4,47,33,19,0,0,22,48,1,4,8,3,0,2,17,7,0,3,0,1,18,6,6,0,10,3,18,5,4,6,14,9,3,0,1,19,6,1,0,28,2,13,1,0,7,16,3,12,1,9,5
10,1,3,1,7,3,2,0,5,0,9,0,22,0,0,0,22,7,61,4,10,38,1,0,13,6,11,8,14,13,5,20,8,6,0,29,0,4,2,6,0,17,8,0,0,15,12,0,0,0,0,15,19,0,17,0,2,15,1,6,2,14,22,0,22,2,0,1,1,1,1,11,0,2,3,0,2,5,2,9,0,11,0,16,1,2,0,0,5,7,6,0,9,8,11,5,9,0,17,39,7,7,1,2,13,7,1,0,0,0,0,5,0,10,0,0,4,0,8,3,0,7,13,0,0,0,6,11,9,0,0,7,0,14,0,0,3,0,26,54,0,0,12
17,1,4,2,9,2,0,0,2,0,9,1,14,0,1,0,15,13,0,6,11,12,4,0,4,4,8,19,23,13,0,15,11,2,0,5,1,14,0,1,0,6,3,2,2,6,1,0,0,0,0,10,11,0,6,3,1,6,6,5,9,15,14,22,0,2,0,14,2,1,0,9,0,4,2,0,0,5,3,3,0,13,0,8,3,9,0,1,4,0,2,0,24,28,27,2,4,0,8,8,13,15,4,0,18,2,1,0,0,0,0,0,2,5,0,0,12,3,12,1,0,8,2,0,0,0,9,5,16,0,0,0,0,17,0,0,6,4,11,17,0,1,7
1,6,1,14,3,6,37,1,0,3,1,15,0,0,9,3,0,2,0,0,1,0,24,3,4,16,2,8,8,7,13,0,21,2,1,0,5,1,16,0,3,6,4,7,8,2,4,12,8,0,24,0,0,0,0,4,12,2,9,2,7,2,19,2,2,0,14,0,13,1,8,8,0,10,0,10,45,9,1,9,7,2,1,2,28,0,0,10,29,9,10,2,2,2,3,3,1,0,0,3,1,1,2,16,0,6,26,3,1,5,7,1,29,0,22,0,7,3,1,7,6,3,10,23,16,0,0,0,0,10,0,3,5,2,2,0,12,47,1,1,10,33,2
1,4,0,3,0,0,12,9,1,1,0,7,0,7,11,9,2,0,0,0,0,0,35,2,0,3,0,0,2,8,10,0,2,0,12,0,8,1,8,0,18,0,0,4,5,0,8,39,7,4,31,0,0,3,0,2,6,1,0,0,0,0,0,0,0,14,0,0,3,0,5,1,5,0,1,2,41,32,4,4,8,1,2,0,10,0,0,20,19,1,0,5,0,0,5,0,0,13,0,1,0,0,2,6,0,1,9,2,27,23,42,3,2,0,28,1,3,0,0,3,3,0,11,5,3,0,0,0,1,1,12,0,12,1,25,16,23,5,0,0,10,2,1
1,0,12,0,5,5,0,0,16,1,0,0,10,0,0,0,2,0,23,10,24,4,0,0,0,0,3,1,5,0,0,0,0,30,0,1,0,0,0,0,0,0,2,0,0,25,8,0,0,0,1,5,9,0,1,0,0,1,0,11,12,2,3,1,14,0,0,0,0,1,0,21,0,0,0,0,0,0,8,0,0,24,0,20,0,8,3,0,1,1,0,0,22,3,5,11,13,0,10,5,2,6,2,0,0,0,0,0,0,0,0,0,0,11,0,0,0,4,5,0,0,0,0,0,0,0,3,26,0,0,0,0,0,0,0,0,0,0,7,17,0,1,2
1,3,0,23,10,9,5,1,1,10,3,7,2,0,4,0,0,1,0,0,6,0,12,0,0,39,2,12,2,7,14,0,19,1,2,0,10,2,19,2,6,0,3,13,3,3,7,1,3,6,9,2,0,0,0,6,11,6,10,3,44,2,12,1,2,13,3,0,0,3,26,7,4,3,0,9,14,14,5,9,3,11,1,6,16,1,3,4,13,22,2,0,5,2,8,1,0,0,0,4,0,4,13,40,0,3,28,22,2,8,1,26,17,0,9,0,16,7,1,12,6,2,14,12,7,0,0,1,3,2,0,5,6,3,4,0,4,23,0,0,7,14,2
3,1,0,1,1,9,7,0,2,2,4,1,0,0,1,0,5,0,0,2,0,2,2,1,1,5,3,0,4,8,2,2,6,0,0,0,0,4,0,2,0,1,3,1,3,0,13,0,0,0,1,4,2,0,0,0,0,0,17,15,5,0,0,1,1,1,0,1,3,0,0,2,0,6,4,1,1,1,7,7,3,2,0,1,1,1,10,0,1,1,2,0,0,5,0,2,1,0,0,1,2,2,20,3,0,2,2,2,1,0,3,0,3,0,1,0,1,2,1,2,0,1,4,3,0,0,2,11,0,0,0,4,0,3,0,0,1,5,12,1,1,4,1
1,3,20,8,6,46,7,0,0,27,3,3,9,0,1,0,4,6,0,0,4,5,7,0,5,35,8,10,7,8,29,8,38,0,0,27,4,9,12,1,8,33,9,12,2,11,20,0,0,5,13,0,21,0,7,0,5,3,22,5,11,2,18,1,0,8,5,0,26,0,0,14,3,28,1,19,7,3,6,4,1,12,2,5,5,0,11,0,9,12,4,1,1,5,14,7,0,0,1,4,1,11,5,16,0,5,33,3,1,0,0,4,7,3,10,0,14,3,2,12,0,3,17,22,2,0,0,9,3,1,0,5,0,2,4,0,10,9,0,9,1,8,24
7,3,20,8,18,22,2,5,1,0,1,0,2,0,5,0,41,1,28,5,26,16,5,1,17,17,15,19,25,7,1,8,26,12,0,5,1,2,5,3,4,24,6,0,2,15,0,0,0,2,1,3,13,0,5,0,1,21,2,14,16,11,27,11,9,8,1,21,7,2,14,0,3,2,0,1,6,1,6,16,0,1,0,5,4,6,5,1,8,27,8,0,20,6,8,38,10,0,5,7,1,8,4,4,8,4,0,1,0,0,8,3,14,0,2,0,10,1,4,3,6,11,0,2,0,0,0,9,2,0,0,22,0,13,0,0,10,14,7,3,1,23,4
0,48,1,8,0,0,5,7,0,7,0,7,2,1,10,18,0,0,0,0,0,0,8,35,1,1,0,3,0,1,2,0,0,0,8,0,2,1,1,0,13,1,1,2,6,0,3,8,14,13,2,1,1,2,0,0,12,0,1,2,10,3,1,0,0,0,5,0,4,0,3,3,0,2,0,9,47,6,2,2,9,0,4,0,25,0,1,16,5,10,1,6,4,1,2,0,0,5,0,4,0,0,4,18,0,4,5,6,7,10,5,5,2,0,3,0,0,1,0,0,4,0,0,2,14,5,1,1,1,22,15,0,10,1,5,23,10,8,0,0,21,2,0
3,3,13,8,6,16,5,0,2,4,0,3,2,0,0,1,2,7,4,0,0,6,29,0,2,4,7,41,2,5,15,1,4,0,2,6,13,7,4,4,4,2,6,1,5,8,10,6,0,0,24,3,4,0,7,0,4,0,15,7,7,10,6,2,4,10,0,0,3,6,28,2,2,0,1,6,10,5,2,9,2,4,1,0,5,1,13,0,10,3,13,0,21,9,23,1,0,0,3,1,1,10,3,17,0,7,5,0,1,5,3,0,4,0,5,0,6,8,0,5,1,13,3,9,1,0,2,12,2,0,0,11,4,3,0,0,5,3,2,0,7,22,8
18,0,11,0,0,0,0,0,12,1,0,2,9,0,0,0,2,7,12,68,0,3,0,0,1,0,9,1,5,1,0,0,5,19,0,10,0,8,1,7,0,0,1,4,0,1,1,0,0,0,1,7,16,0,0,1,0,2,1,2,3,9,0,3,2,0,1,0,0,4,1,0,0,1,0,0,0,1,0,2,0,11,0,0,0,8,0,0,3,0,5,0,9,2,1,2,5,0,23,1,7,13,2,0,0,0,2,0,0,0,0,1,0,7,0,0,6,8,11,0,0,3,0,0,0,0,2,10,0,3,0,0,0,17,0,0,0,0,5,15,0,0,75
4,1,1,7,1,11,8,0,0,3,0,9,0,0,15,3,0,2,0,0,1,0,11,0,4,35,0,4,4,9,12,0,1,0,1,0,2,4,18,0,4,1,0,18,4,3,21,13,0,1,15,0,0,1,1,4,9,0,9,1,13,0,5,0,0,10,2,0,9,1,19,1,9,6,0,0,4,0,6,24,1,8,0,10,12,0,5,1,5,1,1,1,4,1,2,4,0,0,0,4,0,2,4,5,0,20,13,2,4,21,12,6,21,0,10,0,5,5,1,18,3,5,0,7,5,0,1,0,4,1,0,11,5,2,2,0,14,13,2,3,3,16,1
0,69,4,13,0,18,38,49,2,5,0,6,0,13,15,18,0,0,1,0,1,0,84,19,5,8,1,4,6,3,12,2,15,0,42,0,4,1,9,0,81,10,3,1,64,1,7,85,21,60,20,0,3,28,0,0,8,1,6,0,8,1,65,2,0,45,41,0,14,1,7,6,47,10,0,4,0,28,4,26,26,1,0,0,79,0,3,13,32,5,10,24,1,3,5,0,1,32,1,4,0,0,4,24,0,16,28,7,47,20,4,6,24,0,56,0,5,0,1,15,31,1,40,49,31,3,1,14,0,32,37,0,7,4,16,47,41,166,4,0,14,19,3
2,21,0,11,7,3,10,12,0,3,1,6,1,1,20,22,2,3,0,0,2,0,18,6,2,0,0,3,0,20,9,0,8,0,17,2,9,7,34,0,21,0,1,8,1,0,1,13,14,24,20,0,1,21,0,2,7,2,3,0,0,1,0,5,5,9,32,0,14,1,3,1,6,5,1,0,28,0,2,18,1,2,4,0,7,0,0,3,13,26,2,4,1,1,7,0,0,32,0,0,0,7,3,18,0,17,3,0,26,16,18,1,6,0,3,0,4,5,0,6,12,3,3,12,3,0,0,2,1,19,39,1,11,2,12,11,5,5,0,0,7,5,0
7,2,0,0,18,0,17,0,0,2,4,3,3,0,0,0,10,25,31,1,8,5,0,0,9,15,8,16,5,13,4,10,23,7,0,44,1,0,0,2,0,7,3,6,1,11,26,0,1,0,5,0,36,0,3,5,6,5,5,11,45,15,24,2,3,1,4,8,5,7,6,6,2,2,0,6,4,2,0,8,0,20,1,12,2,1,5,0,19,0,4,2,1,18,5,6,1,2,2,4,13,4,0,5,0,2,1,0,0,2,4,14,0,4,3,0,0,25,8,6,1,18,8,2,0,0,1,21,4,0,0,2,1,6,1,0,0,1,12,12,2,0,1
6,8,3,29,1,28,14,24,2,11,7,10,1,0,1,2,1,3,0,0,0,7,16,2,5,27,7,1,13,11,19,2,46,0,4,0,9,9,21,0,9,6,2,0,3,5,30,2,5,23,18,2,1,1,0,5,0,2,22,14,11,7,11,9,3,9,4,0,9,7,4,16,2,9,2,24,26,18,8,0,0,3,3,0,18,3,14,1,11,36,1,10,0,4,17,6,4,2,4,11,1,1,3,8,0,17,5,7,0,4,3,29,20,0,13,1,64,15,2,19,8,2,11,6,18,0,0,3,9,7,10,1,2,16,15,10,18,6,6,5,0,26,12
0,11,0,2,0,7,5,9,0,4,0,3,0,15,4,16,0,1,0,0,1,0,11,5,1,4,0,2,0,1,1,0,6,0,5,0,1,0,1,0,4,0,1,1,2,0,3,11,10,0,8,0,2,1,0,0,7,0,0,0,2,0,5,0,0,7,8,0,3,3,1,0,9,2,0,1,26,1,0,0,0,0,0,0,2,0,0,3,0,0,1,11,2,0,0,0,0,1,1,0,0,1,3,7,0,3,6,5,6,7,1,2,1,0,1,0,1,1,0,5,1,0,0,11,3,5,0,2,1,8,1,0,7,1,6,16,3,16,0,0,6,6,0
7,1,36,5,17,4,5,1,5,5,9,10,20,0,10,1,23,2,4,1,21,5,4,0,3,11,56,27,3,2,6,1,7,4,0,23,0,14,2,1,1,13,22,7,3,52,21,2,0,1,7,1,8,0,7,5,9,12,4,29,9,14,30,11,13,2,1,24,11,2,12,1,0,4,11,8,1,2,20,3,0,0,2,5,7,8,10,3,9,4,13,0,6,15,16,1,18,0,16,18,25,14,5,2,27,2,6,2,0,3,1,19,4,12,7,0,25,8,13,6,1,17,61,19,0,0,0,17,28,0,0,18,0,11,2,0,1,11,18,5,0,10,8
0,1,2,1,0,0,0,2,0,1,0,0,0,1,0,1,0,0,0,0,0,0,10,1,0,3,0,0,2,0,1,1,0,0,0,1,0,0,2,1,1,0,0,0,1,0,1,1,2,0,5,0,1,0,0,0,0,0,0,0,0,0,1,0,0,1,2,0,1,0,2,0,4,1,0,0,0,4,1,3,0,2,0,0,4,0,0,0,1,0,0,0,0,0,1,0,0,0,2,3,0,0,2,0,0,1,6,0,7,1,0,2,0,0,2,0,0,0,0,0,2,0,1,1,0,0,0,0,1,0,0,0,0,0,2,10,3,4,0,1,0,5,0
0,0,0,0,3,14,0,0,34,1,3,2,1,0,0,2,5,1,42,13,7,1,4,1,29,1,20,2,3,9,5,3,10,19,0,5,1,1,0,2,1,5,28,6,0,19,11,0,0,0,2,0,17,0,7,0,2,0,2,16,6,5,3,16,8,2,0,20,6,1,5,5,0,0,0,10,0,0,12,0,0,5,0,0,0,20,22,0,5,0,4,0,10,10,10,8,12,0,2,6,0,13,9,0,7,0,4,0,0,0,1,0,3,8,2,0,0,1,6,0,0,0,2,6,2,0,7,15,3,1,0,18,0,10,0,0,2,2,37,27,1,2,2
0,27,4,4,1,3,26,6,1,17,0,7,0,3,11,7,1,4,0,0,4,2,28,0,4,13,0,1,5,11,14,0,8,1,1,0,16,2,14,0,24,1,6,18,2,0,7,4,5,2,30,1,0,3,0,4,8,0,8,2,13,0,14,1,3,28,10,0,16,1,5,4,25,5,0,12,79,7,2,18,2,7,4,0,0,1,7,12,13,15,2,1,1,0,8,0,0,4,2,5,0,3,6,21,0,14,11,3,1,10,10,5,8,0,19,0,13,2,1,12,4,2,33,34,9,0,0,1,3,5,0,3,37,5,6,4,22,37,0,2,15,22,18
10,0,8,0,10,2,0,0,47,0,1,0,3,0,0,0,5,7,25,0,18,14,0,0,1,5,8,7,9,0,1,2,7,16,0,6,0,1,0,4,0,11,3,0,0,21,3,0,0,0,0,4,12,0,2,0,0,1,0,10,14,5,24,2,9,0,0,8,1,1,0,6,0,1,8,0,0,0,1,3,0,8,0,20,1,0,1,0,0,0,2,0,39,9,13,2,22,0,8,13,10,12,0,1,9,0,0,0,0,0,1,0,0,12,1,0,5,0,9,6,0,1,2,0,0,0,2,2,17,0,0,14,0,2,0,0,2,2,40,24,0,0,4
8,1,1,0,5,11,1,0,6,6,10,0,2,0,0,0,2,7,12,5,0,13,0,0,3,11,17,56,6,1,8,6,29,0,0,9,5,9,4,2,0,35,7,6,1,6,12,0,0,0,0,9,21,0,2,0,2,14,12,13,6,0,11,0,0,0,0,3,3,10,11,5,1,13,0,5,3,0,5,14,0,10,0,22,7,1,0,0,5,1,3,0,33,5,2,42,1,0,16,16,0,3,17,1,0,3,1,0,0,8,2,1,0,1,2,0,6,6,0,1,0,1,0,3,1,0,0,21,0,1,0,9,0,6,1,0,1,0,16,26,0,7,14
0,1,0,4,1,3,3,3,0,2,0,5,1,0,6,2,1,1,0,1,0,0,9,0,1,4,0,0,0,2,5,0,0,0,0,0,2,1,21,0,5,0,2,15,2,0,0,3,2,0,19,0,0,0,0,0,1,0,1,0,4,0,1,0,1,10,20,0,4,0,0,1,16,0,0,1,13,3,0,1,3,3,0,0,12,0,0,0,2,2,0,0,0,0,0,0,0,0,0,0,0,2,4,8,0,7,2,0,5,10,20,7,1,0,18,0,9,1,0,4,2,1,0,3,0,3,0,0,0,4,0,0,19,10,2,0,3,9,0,0,8,11,2
2,25,4,3,2,9,6,0,2,3,2,1,2,0,3,1,1,1,6,2,0,0,25,3,4,25,13,31,2,2,31,7,11,8,0,0,15,9,14,0,9,7,10,6,9,10,20,0,0,4,23,3,19,0,1,8,6,0,5,8,4,7,3,5,4,29,19,1,13,1,9,8,5,10,3,5,32,13,19,11,0,9,1,5,13,0,5,2,0,5,9,0,6,5,3,6,1,11,1,11,6,2,4,15,1,10,21,5,8,6,0,9,10,2,2,0,9,3,2,9,2,2,40,5,11,8,0,13,2,6,0,3,9,7,0,0,12,20,10,11,4,7,11
4,9,0,12,8,8,6,5,1,13,4,5,0,3,6,9,1,6,0,0,0,0,16,2,6,27,0,1,3,14,5,1,15,0,1,0,11,2,16,1,7,5,1,4,22,6,8,7,0,8,18,1,1,5,0,0,6,1,7,5,17,0,20,7,0,9,1,1,22,1,12,27,10,3,0,1,5,26,0,36,0,4,0,0,15,0,1,2,5,0,1,0,0,1,2,3,0,17,6,1,0,2,0,9,0,5,7,2,3,4,11,10,13,0,10,0,10,10,0,4,5,5,7,17,1,0,0,2,5,3,1,46,6,2,1,9,5,4,7,1,3,4,0
1,0,5,1,2,1,1,0,1,2,22,1,4,0,0,0,0,0,1,11,10,8,2,0,2,9,4,8,17,2,5,1,15,11,1,14,7,2,3,0,0,0,12,2,3,10,15,0,0,1,9,3,2,0,0,3,4,10,2,8,19,7,11,6,2,10,0,0,2,2,4,8,1,13,5,1,10,2,4,1,1,13,0,4,2,2,3,0,9,1,0,0,15,12,3,2,5,0,3,2,2,3,2,1,0,1,6,1,0,4,1,1,0,3,0,0,16,3,10,8,1,11,8,4,3,0,1,6,2,0,0,7,2,16,0,0,1,8,5,4,0,8,1
0,21,0,10,0,0,0,26,0,1,0,0,0,0,0,23,0,0,0,0,0,0,7,10,0,2,0,0,0,0,6,0,0,0,13,0,2,0,0,0,11,0,0,0,4,0,2,0,13,2,0,1,0,0,0,0,0,0,1,0,0,0,1,0,0,2,5,0,0,0,1,0,6,0,0,1,24,4,2,10,11,0,0,0,1,0,0,0,0,0,0,0,1,0,0,0,0,3,3,0,0,0,0,0,0,8,3,1,18,10,1,0,0,0,6,0,0,0,0,1,18,0,12,1,0,1,0,0,0,5,10,0,0,0,0,5,2,1,0,0,3,1,1
12,0,17,0,6,1,0,0,21,0,0,0,13,0,0,0,8,3,50,22,5,1,1,0,2,4,5,11,3,0,0,3,8,26,3,9,0,6,0,3,0,0,6,1,1,5,13,0,0,0,0,3,15,0,4,0,0,8,1,3,4,21,4,9,24,2,0,22,5,0,1,20,4,21,9,4,1,1,1,0,2,6,0,10,1,39,33,0,6,0,15,1,0,6,6,21,9,0,15,14,6,21,0,0,5,0,0,0,0,0,0,2,0,9,0,0,0,13,12,1,0,1,1,2,0,0,18,21,13,0,0,3,0,7,0,0,2,0,20,41,2,3,11
24,0,8,0,2,5,0,0,5,1,1,3,23,0,0,0,1,6,1,6,5,6,1,1,6,9,20,4,6,2,13,3,12,7,0,4,0,29,0,5,0,13,15,0,0,2,9,0,0,0,3,13,13,0,1,0,2,12,7,7,18,9,47,8,28,2,0,3,2,5,5,6,1,9,2,1,3,1,18,4,0,15,0,10,0,9,5,0,5,1,12,0,6,0,1,5,6,0,2,27,9,9,0,2,20,10,0,0,0,0,0,0,0,6,1,0,0,7,5,5,2,11,1,2,0,2,2,25,34,0,0,5,0,33,0,0,10,1,1,7,0,2,11
29,1,31,7,11,33,8,0,3,1,23,2,1,0,1,0,2,0,7,6,5,25,7,0,2,5,6,21,31,16,11,6,9,15,0,11,0,4,3,9,0,10,3,3,1,27,21,2,0,0,7,0,33,0,1,3,11,2,11,23,5,0,33,11,27,3,5,5,8,0,14,8,2,23,1,2,5,7,5,17,0,16,1,10,8,13,2,0,3,2,3,0,6,1,0,21,0,0,12,10,11,3,12,2,4,1,2,5,0,2,1,6,8,2,2,0,21,2,0,2,0,4,9,24,0,0,9,31,2,3,0,15,10,10,0,0,3,2,26,6,0,12,7
10,0,29,0,15,25,1,2,2,0,4,0,3,0,0,0,18,5,49,0,14,7,2,0,5,1,9,34,1,1,8,8,7,32,0,6,0,6,1,0,5,5,5,2,0,11,34,0,0,2,4,1,1,0,22,0,0,4,8,25,1,16,19,5,2,3,0,11,1,2,7,38,0,1,2,4,0,0,6,6,0,1,0,8,0,2,42,0,6,3,2,0,21,5,21,0,0,0,6,14,8,3,1,0,0,0,3,0,0,0,0,3,6,3,2,0,3,0,28,2,0,1,2,5,0,0,11,26,0,2,0,5,1,5,0,0,7,5,9,11,0,2,3
5,0,1,1,6,7,0,0,11,0,4,0,15,0,0,0,10,3,26,6,3,8,0,0,1,0,21,6,3,0,0,10,3,5,0,16,0,0,0,0,0,11,4,2,0,4,1,0,0,0,0,1,19,0,6,3,1,1,5,5,5,14,0,9,4,1,0,13,0,1,0,10,0,0,5,0,1,0,1,4,0,18,0,12,0,22,1,0,1,0,5,0,9,6,0,0,0,0,3,0,5,6,4,2,0,1,0,0,0,0,0,1,0,2,0,0,2,0,14,0,0,4,0,2,0,0,5,14,10,0,0,2,0,7,0,0,0,0,32,6,0,0,0
0,15,0,0,0,1,0,44,0,0,0,4,0,8,0,19,0,0,0,0,0,0,20,29,1,0,0,0,0,0,1,1,0,0,20,0,3,0,0,0,22,0,0,0,15,0,0,3,14,25,5,0,0,13,0,0,0,0,0,0,1,0,0,0,0,0,13,0,0,0,0,0,5,0,0,0,32,32,2,2,1,0,0,0,4,0,0,0,11,17,0,3,0,0,0,0,0,0,0,0,0,0,0,1,0,3,3,3,14,12,6,0,12,0,7,1,0,0,0,2,9,0,0,2,41,2,0,0,0,11,22,0,1,0,23,17,11,10,0,0,9,0,0
38,0,32,0,8,8,1,2,17,1,3,1,8,0,0,1,32,1,35,14,2,23,0,0,0,1,11,9,23,0,4,0,3,1,0,24,0,2,5,1,1,50,10,0,0,0,8,0,0,0,0,3,16,0,0,8,1,1,2,15,0,19,22,17,8,0,0,10,0,0,1,5,0,3,23,0,1,0,2,4,1,16,2,2,2,8,16,0,1,6,3,3,15,2,12,6,3,0,0,17,3,0,0,0,8,0,4,0,0,1,0,1,2,1,2,0,19,2,1,0,0,7,1,2,0,0,1,18,8,0,0,34,1,9,0,0,5,0,32,0,0,0,15
26,0,9,0,2,19,6,0,0,5,11,1,1,0,0,0,7,7,36,5,23,3,2,0,0,6,11,10,8,0,28,14,20,11,0,7,2,8,1,0,0,17,20,0,0,11,9,0,0,1,5,8,3,0,9,0,2,3,5,39,10,1,48,39,8,3,1,5,4,1,4,7,4,1,1,4,4,0,4,11,0,18,3,6,5,13,16,0,11,1,2,0,14,27,10,14,0,0,17,0,4,3,5,1,8,0,5,3,0,1,3,3,1,2,1,0,18,2,5,5,0,0,9,4,1,0,4,5,5,2,0,26,2,7,0,0,2,2,27,11,0,2,6
5,0,2,1,5,1,2,0,9,5,4,0,18,0,0,0,12,23,0,8,8,25,0,0,0,1,26,1,4,1,0,3,27,5,0,0,1,0,1,0,0,3,14,0,0,48,5,0,0,0,0,19,11,0,0,3,0,33,0,5,1,19,1,7,13,1,0,2,0,2,1,1,0,1,7,0,0,0,13,1,0,25,0,0,0,10,0,0,6,0,2,0,6,9,11,8,5,0,3,4,0,17,3,1,27,0,0,3,0,1,2,5,1,12,0,0,0,0,11,3,0,6,1,3,0,0,13,12,8,0,0,0,1,9,0,0,1,0,2,11,0,0,16
2,1,3,1,11,0,1,0,4,0,0,0,17,0,0,0,12,7,0,7,6,2,0,0,1,1,23,55,1,6,3,6,3,8,0,0,1,6,2,0,0,1,12,0,0,11,4,0,0,0,6,8,6,0,3,1,0,9,16,5,11,26,4,7,15,1,0,6,4,2,11,8,0,10,13,2,0,7,4,1,1,14,0,13,3,12,3,2,2,2,3,0,21,9,3,3,6,0,0,3,17,0,5,0,1,0,0,0,1,0,2,11,2,24,1,0,4,4,35,5,0,12,0,8,0,0,18,1,25,1,0,0,0,7,0,0,2,0,4,14,0,0,2
6,0,3,5,11,13,1,0,3,5,15,2,0,0,1,2,0,3,0,0,1,8,7,0,2,4,8,3,1,11,4,3,10,6,0,0,7,6,5,5,1,0,15,7,3,13,35,0,0,0,10,0,7,0,0,5,10,8,3,7,15,5,8,1,4,2,2,2,13,20,5,4,4,3,2,4,4,3,0,3,3,5,2,9,6,0,17,4,4,0,2,0,0,0,12,1,4,0,0,5,3,5,0,6,0,7,17,0,0,4,5,0,5,1,1,0,3,19,6,7,2,0,3,9,2,0,3,30,13,0,0,5,1,18,0,0,2,8,2,1,0,11,1
1,1,1,9,1,1,16,0,4,8,0,5,1,0,7,3,0,1,0,3,1,1,23,2,2,11,0,2,1,3,1,1,4,0,3,0,8,9,15,0,0,3,7,7,8,1,0,2,2,1,3,0,0,0,3,19,6,3,8,3,11,2,3,2,0,16,6,0,40,3,16,4,18,17,0,5,24,18,5,8,7,2,0,0,21,1,1,8,15,9,1,0,0,2,2,0,2,1,0,1,1,0,6,0,0,25,11,2,0,23,28,10,21,0,17,0,5,5,2,12,1,3,10,14,0,2,0,2,2,6,0,1,6,4,1,0,10,31,1,1,14,15,4
7,0,1,0,10,0,0,0,14,0,52,0,12,0,0,0,7,1,0,17,14,18,0,0,0,1,0,7,10,0,0,3,2,14,0,0,0,0,0,1,0,10,2,0,0,18,1,0,0,0,0,14,21,0,7,0,0,10,3,2,0,28,0,13,18,0,0,0,0,0,0,8,0,0,0,0,0,0,0,0,0,27,0,7,0,9,0,0,1,0,0,0,5,20,4,0,0,0,8,8,27,1,0,0,0,0,0,0,0,0,0,0,0,5,0,0,0,2,5,3,0,14,0,2,0,0,3,9,3,0,0,0,0,5,0,0,0,0,15,7,0,0,66
3,8,1,10,9,1,2,7,0,5,1,1,0,11,2,3,0,5,0,0,1,2,12,24,2,2,0,1,1,18,5,2,12,3,3,0,9,6,2,1,16,0,1,8,3,2,4,3,12,8,10,0,0,1,0,10,10,1,6,4,6,3,2,7,2,6,1,0,3,2,5,4,4,7,0,20,16,17,2,17,3,2,1,0,14,0,3,7,10,5,1,8,0,10,1,0,1,3,0,0,0,0,7,25,0,0,14,2,13,7,7,17,7,1,6,2,5,4,2,14,3,1,1,3,22,4,0,1,2,4,14,1,5,6,21,4,5,8,0,1,8,5,3
2,5,0,14,1,8,26,0,3,3,2,14,5,0,7,5,0,3,0,0,1,0,9,1,1,18,0,5,0,3,16,1,18,0,2,3,22,1,20,1,8,3,12,2,4,2,5,1,1,9,15,2,0,0,0,0,3,0,2,1,12,1,17,1,1,26,9,0,28,2,33,0,5,5,2,13,28,3,1,5,6,6,6,4,11,0,1,2,21,7,6,3,0,0,2,3,0,3,4,5,0,0,17,11,0,14,0,2,2,2,2,6,8,0,8,0,7,2,0,16,11,0,20,10,5,0,1,1,0,4,0,8,8,2,0,0,3,22,0,3,19,19,0
0,2,0,2,2,7,3,6,0,0,0,9,3,0,0,2,0,3,0,0,0,1,7,2,0,19,0,0,2,5,3,0,3,0,0,0,1,1,5,0,2,5,6,1,2,0,0,4,0,5,12,0,2,2,0,0,0,0,1,1,3,2,7,0,0,3,2,0,22,2,3,1,6,0,0,2,7,0,0,7,5,2,0,0,3,0,0,0,5,2,1,1,0,0,5,0,0,3,0,3,3,0,0,2,0,2,2,0,4,2,1,0,6,0,3,0,3,0,0,0,10,0,3,1,8,0,0,0,0,0,11,0,0,0,0,10,3,2,0,0,1,10,0
0,13,0,16,0,0,19,6,0,5,0,0,0,13,5,14,0,0,0,0,0,0,6,4,1,0,0,0,0,0,1,0,0,0,19,0,8,1,1,0,29,0,0,2,6,0,0,9,23,46,14,0,0,10,0,0,0,0,0,0,0,0,0,0,0,1,27,0,2,1,1,0,7,1,0,4,47,26,0,0,6,0,7,0,1,0,0,5,8,3,0,18,0,0,0,0,0,14,0,0,0,1,0,0,0,13,2,4,0,4,9,0,7,0,3,0,0,1,0,2,13,0,0,3,7,0,0,0,0,4,24,0,1,0,9,30,15,3,0,0,7,2,0
0,7,3,1,0,4,8,13,1,4,0,7,0,1,8,11,0,1,0,0,2,0,17,5,0,3,0,0,4,3,5,1,3,0,3,0,3,1,15,1,2,0,0,5,1,1,4,10,6,11,26,0,0,1,0,11,14,2,9,0,4,0,3,0,0,5,23,0,8,0,0,0,10,5,0,21,20,16,2,4,7,3,1,0,10,0,8,10,6,4,4,10,0,0,2,0,0,12,1,1,1,0,4,23,0,7,2,2,4,0,13,5,6,0,13,0,3,1,0,10,1,0,5,19,15,0,0,1,1,2,4,0,10,1,5,4,6,14,0,2,6,7,1
1,3,1,4,0,0,0,0,2,5,0,10,0,0,18,11,2,5,0,0,1,0,14,2,0,8,0,0,6,16,1,0,0,0,0,0,6,0,19,0,8,0,0,11,2,0,1,5,0,0,20,1,0,0,0,4,4,3,3,0,4,0,0,0,0,7,42,0,1,3,0,8,5,3,0,12,4,18,4,3,1,1,0,1,10,1,2,20,0,11,1,1,0,0,1,0,0,6,0,3,2,2,5,28,0,7,2,1,9,13,0,16,7,0,20,1,2,2,1,4,9,0,8,0,11,0,0,2,1,1,0,0,10,3,14,0,4,1,0,0,16,5,1
4,5,2,7,7,0,4,0,1,4,1,8,0,0,2,1,0,2,0,4,2,0,20,5,3,5,1,1,1,6,9,9,10,1,0,0,5,0,2,0,1,3,3,13,0,2,19,9,3,0,2,0,1,1,0,2,5,3,2,1,6,3,1,5,0,1,3,0,26,0,4,3,5,0,1,6,6,1,14,29,2,19,2,0,5,0,1,7,9,10,1,0,2,0,6,3,1,0,1,3,5,11,0,10,0,17,6,0,0,5,16,0,1,0,6,0,15,8,1,23,0,1,13,9,0,0,0,1,0,2,0,2,6,2,0,0,5,2,0,2,3,4,0
0,11,2,14,0,10,21,9,0,3,1,4,0,0,11,9,0,3,0,2,0,0,30,16,4,9,0,4,2,3,5,0,16,0,0,0,4,6,22,0,38,2,1,1,15,0,6,0,27,14,16,0,0,0,0,0,10,2,1,0,5,0,18,0,2,29,2,0,17,3,7,14,2,4,0,21,24,6,0,20,1,4,0,3,8,0,0,1,10,13,0,0,0,0,8,6,0,12,2,1,1,2,5,21,0,7,8,6,7,6,7,1,0,0,28,0,5,2,0,11,7,0,14,26,17,0,0,3,2,9,3,2,2,5,1,0,16,39,1,0,1,35,5
7,0,2,0,3,1,1,0,14,3,1,1,12,0,0,0,7,1,4,8,3,3,0,0,1,0,10,6,10,12,0,6,1,12,0,3,0,2,0,0,0,1,6,0,0,29,5,0,0,0,0,19,12,0,12,2,2,5,0,1,1,20,6,10,5,0,0,11,0,0,3,0,0,0,7,0,0,0,4,0,0,12,0,8,0,12,1,0,2,0,3,0,9,6,2,3,2,0,1,2,12,24,1,0,5,1,0,0,0,0,0,0,0,0,0,0,2,0,17,0,0,4,0,0,1,0,4,2,0,0,0,1,1,4,0,0,1,0,20,24,0,0,11
4,25,4,20,3,2,22,4,0,13,0,11,1,0,52,4,1,1,0,0,1,0,26,1,2,11,0,0,1,2,4,1,13,0,0,2,9,9,15,0,44,1,3,11,10,0,8,6,3,8,29,1,7,0,0,3,13,1,21,0,7,3,6,0,0,22,28,0,9,1,10,2,3,5,0,10,56,3,3,13,1,7,2,2,19,1,2,18,2,10,0,6,0,1,2,2,0,7,2,1,0,1,1,17,0,6,8,3,3,13,20,6,28,0,0,0,7,4,0,13,5,0,15,31,8,1,0,4,3,2,0,0,19,2,2,0,4,27,0,0,18,14,2
1,0,0,1,0,0,0,0,0,0,0,0,0,0,2,0,0,0,0,0,0,0,0,0,0,0,0,0,1,0,0,0,0,0,0,0,0,0,0,0,1,0,0,0,0,0,0,0,0,0,0,0,0,0,0,0,0,0,0,0,0,0,0,0,0,0,1,0,0,0,0,0,0,0,0,0,0,0,0,1,0,0,0,0,0,0,0,0,0,0,0,0,0,0,0,0,0,1,0,0,0,0,0,0,0,2,0,0,0,0,1,0,0,0,0,0,0,0,0,0,0,0,0,0,0,0,0,0,0,0,0,0,1,0,0,0,0,0,0,0,0,1,0
16,0,13,14,10,21,4,0,1,14,34,5,11,0,0,0,0,2,1,0,1,0,12,0,4,7,1,9,6,7,19,0,24,3,0,1,6,6,16,5,3,20,8,1,0,5,13,0,0,1,6,1,10,0,0,1,10,22,9,19,14,22,10,4,12,7,3,0,16,1,14,10,0,6,6,5,5,4,0,64,1,25,0,0,13,5,6,9,9,10,16,0,0,0,21,3,2,0,19,18,0,4,3,5,0,5,7,3,0,3,2,15,5,2,7,0,0,9,0,1,1,4,9,5,0,0,1,33,11,0,0,0,2,7,0,0,10,6,2,1,2,8,28
4,2,0,5,4,0,1,0,6,3,6,6,11,0,4,0,0,5,14,3,5,2,3,0,6,10,7,5,2,8,1,2,5,5,0,0,10,2,4,2,1,5,3,8,0,6,13,4,0,0,10,5,1,0,10,2,1,5,6,5,11,10,3,0,3,3,0,4,7,2,3,1,1,8,8,5,0,5,25,15,1,8,0,1,2,0,6,1,3,10,3,0,13,7,2,0,0,0,2,2,0,4,19,5,2,4,2,0,1,1,2,8,2,0,4,0,9,0,5,8,0,8,0,6,1,0,4,26,4,0,0,0,1,11,1,0,6,5,0,5,2,4,4
5,0,3,0,10,12,0,0,28,5,0,0,9,0,0,0,16,0,44,5,6,15,0,0,6,7,23,2,0,0,13,13,10,43,0,30,0,2,0,2,2,8,8,0,0,7,10,0,0,0,0,1,6,0,5,2,1,11,1,10,3,5,18,8,12,1,0,5,1,1,2,4,0,0,11,1,1,0,8,2,0,13,0,6,1,9,0,0,2,0,10,0,12,5,0,28,14,0,1,5,11,35,6,2,5,2,0,0,0,0,1,1,0,17,0,0,0,5,0,1,5,7,1,0,0,0,3,59,6,0,0,7,0,6,0,0,0,1,6,11,0,0,5
1,7,1,13,4,0,5,1,0,7,5,10,0,0,8,13,2,4,0,0,8,1,20,1,9,8,0,0,2,5,10,2,14,2,1,0,10,3,12,0,4,1,1,12,6,2,2,11,1,1,11,2,0,4,0,6,6,3,5,1,7,8,5,3,1,7,3,0,12,2,12,3,0,5,0,18,15,6,6,19,5,6,0,0,12,6,1,4,9,4,8,1,1,5,2,2,0,2,0,5,3,5,7,12,3,14,16,0,2,10,4,23,11,0,13,0,1,8,1,0,2,2,3,4,9,0,0,0,4,1,0,1,13,4,0,0,3,19,0,5,5,11,3
0,27,0,19,0,2,11,6,0,0,1,1,0,1,4,7,0,0,0,0,0,0,8,9,0,2,0,0,0,1,1,1,3,0,31,0,2,0,5,0,9,0,1,0,4,0,1,23,20,15,7,0,0,13,0,0,1,1,0,0,1,0,4,0,0,6,3,0,6,0,0,6,4,1,0,3,31,12,1,8,1,1,2,0,4,0,0,2,2,5,1,18,0,2,0,0,0,9,0,0,0,0,2,1,0,3,11,10,13,1,9,0,7,0,5,0,1,0,5,2,0,0,0,11,12,3,0,0,0,4,22,2,3,4,9,18,18,6,0,0,1,3,2
13,0,6,2,4,2,1,0,15,1,23,1,4,0,0,0,26,8,0,26,3,1,0,0,0,0,6,3,7,1,0,5,9,2,0,0,0,14,5,4,0,0,6,1,0,18,2,1,0,0,1,9,0,0,1,49,12,6,1,0,1,14,6,7,8,3,0,0,2,1,3,11,0,13,3,5,1,3,18,2,0,17,0,0,2,1,1,1,2,5,11,0,1,11,4,1,4,0,7,0,6,12,0,3,14,1,0,0,0,0,0,1,0,4,0,0,4,8,7,2,0,0,0,0,0,0,8,0,6,1,0,5,1,7,0,0,0,1,0,23,0,1,9
0,18,8,9,1,10,13,0,1,3,2,2,32,0,3,0,0,1,1,0,4,1,46,0,3,0,4,33,2,5,20,1,8,0,4,31,3,7,6,1,3,13,7,1,1,1,19,0,1,5,40,1,27,2,2,0,1,0,0,9,6,2,14,13,2,10,11,0,14,4,17,0,0,3,0,0,40,3,8,11,0,61,1,2,33,2,0,0,40,7,8,12,1,1,9,2,0,0,1,9,1,0,3,10,0,1,20,3,0,5,8,13,14,0,15,0,9,0,1,3,0,0,0,27,0,0,0,64,5,16,0,8,2,13,0,0,4,30,0,8,2,13,5
2,14,20,24,3,25,2,2,0,0,3,6,1,0,15,2,1,3,0,0,7,0,16,0,8,9,5,3,15,4,39,0,7,1,5,0,3,3,2,2,32,25,11,1,3,1,3,0,1,2,14,0,2,0,1,0,0,0,6,5,2,3,9,0,0,23,5,0,12,3,22,2,2,9,0,7,49,12,2,6,11,19,1,6,34,0,3,3,5,17,4,1,2,2,24,5,2,2,2,4,3,8,9,14,2,3,10,1,3,19,0,9,26,0,31,0,5,6,0,4,11,0,27,0,3,1,0,0,0,6,0,8,29,1,1,0,3,37,5,5,1,16,5
0,19,0,2,1,0,8,31,0,2,0,11,0,1,8,11,0,0,0,0,1,0,8,14,0,7,1,0,2,6,3,0,2,1,3,0,3,1,8,0,14,0,1,2,7,0,5,5,18,27,5,0,0,28,0,1,2,0,7,1,5,0,3,0,0,16,3,0,7,0,2,0,14,1,0,5,31,3,0,18,3,0,0,2,9,0,1,0,11,1,3,0,0,0,0,0,0,41,0,1,0,0,2,0,0,22,5,8,7,15,11,0,17,1,8,0,0,1,0,9,12,0,0,3,0,4,0,0,1,3,29,0,2,1,18,41,2,4,0,1,4,13,0
0,1,0,0,0,1,0,2,0,0,0,1,0,7,0,7,0,4,0,0,0,0,6,11,0,0,0,0,0,3,0,0,0,0,1,1,0,0,0,0,1,2,0,0,5,0,0,5,8,10,1,0,0,6,0,0,0,0,0,0,0,0,0,0,0,0,0,0,0,0,0,0,5,0,0,0,3,0,0,0,5,0,0,0,0,0,0,3,8,0,0,1,0,2,0,0,0,2,0,0,0,0,0,2,0,4,0,0,0,0,0,0,0,0,1,0,0,0,0,0,3,0,0,1,4,0,0,0,0,4,6,0,1,0,15,4,0,0,0,0,2,0,0
2,0,0,0,3,0,0,0,5,0,1,0,16,0,0,0,8,5,0,6,2,4,0,0,5,0,8,11,3,6,2,3,10,21,0,0,0,5,1,1,0,0,1,0,0,11,0,0,0,0,0,8,6,0,60,0,0,8,1,9,2,23,1,6,9,0,0,3,0,2,0,0,1,2,2,1,1,0,1,0,0,0,0,7,0,2,0,0,0,0,1,0,18,2,9,11,5,0,1,4,13,18,3,0,3,0,1,0,0,0,0,0,0,4,0,0,1,4,3,0,0,8,0,0,0,0,0,2,29,0,0,0,0,2,0,0,0,0,6,17,0,4,7
47,0,25,8,22,31,0,0,7,0,18,6,15,0,0,0,26,0,44,0,15,28,11,0,7,11,43,52,15,2,2,18,7,7,0,25,4,96,2,5,0,42,10,1,1,7,24,0,0,0,7,4,67,0,12,0,1,8,7,41,5,1,19,11,5,0,0,26,1,11,9,9,1,12,10,0,14,2,21,3,2,17,0,15,1,2,21,0,13,2,6,0,21,25,31,26,14,0,18,5,12,1,30,2,9,1,1,0,0,1,2,1,3,2,4,0,33,26,59,0,0,0,64,0,0,0,2,0,21,0,0,3,3,11,0,0,3,0,28,35,0,18,8
17,0,10,0,26,5,4,0,3,1,11,0,23,0,1,0,34,2,9,19,8,9,1,0,8,7,51,20,2,6,8,1,30,14,0,2,4,10,0,0,0,7,8,4,0,14,26,0,0,0,2,11,2,1,31,11,2,5,2,6,11,7,6,9,16,0,1,0,3,0,3,2,1,2,0,4,0,1,4,9,1,28,1,3,3,17,0,0,2,5,2,0,13,34,2,0,10,0,8,5,8,25,13,2,3,2,0,0,0,1,1,0,2,0,3,0,11,4,6,4,0,6,5,0,1,0,29,21,0,0,0,0,3,17,0,0,5,8,17,13,1,1,8
0,18,1,6,0,0,1,31,0,1,0,10,0,6,3,7,0,0,0,0,0,0,10,26,0,1,0,0,1,0,2,0,1,0,19,0,3,0,3,0,16,0,2,1,26,0,0,20,9,19,24,0,0,27,0,0,5,0,0,0,8,0,1,0,0,10,1,0,2,0,1,0,22,0,3,1,32,19,0,7,8,0,0,1,5,0,1,4,6,3,0,5,0,0,3,2,0,11,0,2,0,1,0,6,0,4,4,0,4,2,1,2,9,0,2,0,0,0,0,1,4,1,16,6,3,4,0,0,0,0,12,0,11,1,2,21,9,13,0,0,13,1,0
0,29,0,12,0,0,0,41,0,0,0,0,0,9,1,13,0,0,0,0,0,0,16,9,0,0,0,0,0,0,0,0,0,0,44,0,1,0,0,0,11,0,0,0,11,0,0,33,31,26,1,0,0,16,0,0,0,0,0,0,0,0,0,0,0,0,12,0,0,0,0,0,15,0,0,0,37,39,0,10,1,0,0,0,0,0,0,0,0,1,0,10,0,0,0,0,0,22,0,0,0,0,0,0,0,14,0,11,24,4,0,0,3,0,0,0,0,0,0,0,22,0,0,0,29,6,0,0,0,12,0,0,0,0,12,12,5,0,0,0,13,0,0
10,0,1,0,13,6,0,0,1,5,2,0,0,0,0,0,11,1,17,0,1,3,0,0,5,13,22,18,9,0,22,6,2,0,0,18,1,9,10,1,1,18,11,1,2,2,3,0,0,3,3,10,11,0,0,0,0,0,0,3,10,5,28,7,0,3,0,0,5,4,5,22,0,11,0,11,0,1,2,1,0,18,0,18,3,14,9,0,3,46,7,0,3,5,15,5,2,0,34,26,0,0,5,1,0,1,8,0,0,0,0,2,2,1,0,0,0,0,7,1,2,5,8,8,0,0,0,3,0,0,0,0,0,13,0,0,1,1,2,7,0,13,1
4,4,2,0,4,0,4,0,0,7,0,8,1,0,9,4,4,1,0,0,0,2,27,1,0,0,0,4,0,4,2,1,6,0,0,0,3,1,20,0,1,0,0,6,4,1,3,13,4,0,25,0,0,1,0,1,42,2,11,0,7,2,2,0,0,5,12,0,6,0,0,0,10,4,0,5,7,11,1,2,7,0,0,0,37,0,0,19,9,6,2,0,0,0,10,1,0,1,1,2,1,0,1,6,0,5,8,0,1,10,10,6,2,1,19,1,2,1,0,13,3,1,2,29,2,1,0,3,3,11,0,0,0,4,5,0,2,12,1,4,7,3,0
3,1,3,3,13,2,1,0,4,11,11,4,8,0,5,0,10,5,1,15,4,2,2,0,1,13,8,15,5,12,22,8,4,17,0,5,3,10,2,2,0,1,4,1,6,6,17,0,0,0,1,2,18,1,0,4,11,8,9,2,12,11,13,14,17,2,1,0,3,3,2,13,1,3,17,2,4,2,6,16,1,11,0,10,5,2,6,10,7,2,16,0,7,33,10,5,7,0,9,7,9,7,18,4,5,6,2,0,0,1,3,2,5,4,2,0,7,11,6,4,4,7,13,1,1,0,2,11,17,1,0,13,4,0,1,0,0,1,1,8,0,2,5
0,20,0,10,2,0,2,12,0,7,0,0,0,0,6,13,0,2,0,0,1,0,23,3,0,2,1,0,0,2,1,0,1,0,3,0,6,0,0,0,12,0,0,6,8,0,0,6,11,8,2,0,0,4,0,2,1,1,1,0,0,0,1,0,0,2,25,0,4,0,4,0,5,0,0,2,16,12,1,15,6,2,2,0,6,0,1,2,0,1,0,0,0,0,0,0,0,23,0,0,0,0,0,1,0,21,0,0,9,5,14,0,1,0,2,0,0,1,0,0,9,0,0,1,18,15,0,0,0,2,12,0,5,1,0,13,6,1,0,0,9,1,0
0,24,0,3,0,0,0,25,0,0,0,0,0,1,2,6,0,0,0,0,0,0,3,6,0,0,0,0,0,0,0,0,0,0,30,0,0,0,0,0,9,0,0,0,30,0,0,1,31,16,1,0,0,11,0,0,0,0,0,0,0,0,0,0,0,0,16,0,0,0,0,0,23,0,0,0,47,11,0,10,16,0,10,0,4,0,0,0,0,9,0,5,0,0,0,0,0,17,0,0,0,0,0,0,0,4,0,10,30,4,0,0,0,0,0,0,0,0,0,0,18,0,0,0,41,4,0,0,0,21,12,0,0,0,13,0,8,0,0,0,9,0,0
2,20,4,12,0,4,2,20,2,6,0,6,2,0,1,5,1,13,1,1,4,7,10,5,3,4,1,3,0,12,8,2,7,2,4,2,11,0,3,0,18,2,4,9,9,1,2,24,10,20,5,1,2,8,0,13,1,0,5,5,1,0,7,3,6,12,23,0,4,1,10,10,10,5,0,14,41,5,0,18,3,1,3,2,22,2,1,3,12,5,1,2,2,10,3,7,0,11,5,2,1,2,2,10,0,5,3,3,15,6,4,5,16,1,4,0,10,6,0,3,18,0,4,3,2,0,0,3,5,9,5,1,2,0,6,8,0,13,4,8,7,3,0
1,11,1,12,0,2,5,6,2,7,7,1,0,0,7,8,0,0,0,0,2,1,16,3,1,15,2,2,2,5,19,2,16,0,4,0,6,2,5,1,31,2,3,5,7,1,5,1,6,6,20,0,0,0,0,0,6,8,1,0,10,0,16,0,4,47,5,0,23,5,9,14,8,3,0,13,166,5,1,6,16,11,4,2,37,2,0,9,20,4,8,1,0,1,2,5,0,10,0,2,0,0,8,31,0,8,22,2,3,14,1,2,39,0,27,0,6,5,1,19,6,1,30,37,4,0,0,0,8,13,0,1,12,1,1,0,13,0,0,0,31,24,5
20,0,2,0,4,4,1,0,20,2,42,0,10,0,0,0,6,1,58,13,7,13,3,0,8,6,23,22,34,2,5,7,6,15,0,8,0,0,0,3,0,42,4,0,0,27,5,0,0,1,2,9,21,0,14,0,0,20,9,32,1,0,3,26,11,1,0,7,0,12,0,7,0,2,5,2,4,0,12,6,0,18,0,37,0,40,16,0,10,7,5,0,20,1,26,9,32,0,32,27,2,4,2,1,15,0,0,0,0,0,0,0,1,20,0,0,2,0,6,0,0,0,0,5,0,0,6,28,17,0,0,2,1,1,0,0,4,0,0,16,0,2,29
1,0,0,0,20,12,3,0,30,0,30,0,1,0,1,0,5,0,21,16,10,21,2,0,17,2,26,15,18,5,0,18,3,47,0,6,0,1,4,1,0,24,3,5,0,11,1,0,0,0,0,39,54,0,17,12,1,21,4,18,20,9,12,54,17,1,0,17,0,1,9,3,0,0,15,3,0,0,12,5,0,5,1,27,2,24,26,0,11,1,4,0,41,7,6,11,6,0,0,11,11,14,1,1,7,1,3,0,0,2,0,2,0,24,0,0,1,5,11,5,0,23,8,5,1,0,17,35,13,0,0,7,4,8,0,0,8,0,16,0,0,20,11
1,5,0,0,0,0,8,5,0,4,0,3,2,1,11,11,0,0,0,0,0,1,10,13,0,2,0,1,3,9,12,1,0,0,11,0,6,1,8,0,7,0,0,6,1,0,2,7,4,9,11,0,0,0,0,0,3,1,1,0,7,0,1,0,0,10,10,0,7,1,1,1,21,7,0,3,14,7,2,0,6,0,0,1,15,0,0,8,4,3,0,3,2,0,0,0,0,9,0,0,0,0,0,14,0,8,19,1,7,6,16,3,1,0,18,0,2,2,0,5,1,0,2,1,4,2,0,0,1,13,13,0,7,0,9,9,7,31,0,0,0,4,4
0,1,0,13,6,22,16,0,2,9,2,5,2,0,7,4,3,6,0,0,2,1,27,0,8,17,3,1,4,5,12,0,23,1,0,0,3,7,11,9,14,14,13,9,4,2,7,0,2,2,18,1,1,0,0,4,4,1,8,0,18,6,9,0,1,33,2,1,14,4,8,23,2,22,0,16,19,5,0,26,6,10,5,2,22,0,7,11,7,4,8,1,3,2,12,2,0,0,0,2,0,0,11,15,0,5,19,10,2,7,5,4,35,0,14,1,8,4,0,11,3,1,13,16,13,0,4,18,1,1,0,13,3,2,1,0,3,24,2,20,4,0,16
6,0,24,1,2,14,3,2,38,0,5,1,20,0,0,0,41,7,18,84,2,36,7,1,5,9,14,39,6,13,11,11,1,9,0,5,0,14,1,0,0,25,2,1,0,23,0,0,0,0,5,1,22,0,11,2,2,7,12,2,7,11,5,12,7,2,1,2,2,1,24,4,0,8,75,1,3,0,1,12,0,8,0,2,18,4,14,2,11,0,1,1,11,11,7,3,0,0,15,6,16,2,1,4,66,3,0,0,0,1,1,0,5,11,2,0,28,4,5,3,2,9,5,5,0,0,7,8,8,0,0,1,0,5,0,0,0,5,29,11,4,16,0
