Ant4,Ant57,Ant260,Ant52,Ant59,Ant65,Ant244,Ant397,Ant540,Ant2,Ant6,Ant7,Ant9,Ant15,Ant19,Ant26,Ant30,Ant38,Ant60,Ant72,Ant74,Ant76,Ant102,Ant158,Ant191,Ant196,Ant227,Ant245,Ant252,Ant278,Ant308,Ant329,Ant518,Ant534,Ant604,Ant673,Ant740,Ant954,Ant0,Ant1,Ant12,Ant13,Ant17,Ant20,Ant23,Ant27,Ant32,Ant35,Ant43,Ant44,Ant48,Ant50,Ant51,Ant53,Ant54,Ant62,Ant68,Ant70,Ant71,Ant81,Ant96,Ant97,Ant105,Ant109,Ant111,Ant112,Ant115,Ant117,Ant118,Ant124,Ant126,Ant127,Ant131,Ant137,Ant149,Ant159,Ant169,Ant172,Ant175,Ant176,Ant178,Ant186,Ant190,Ant194,Ant198,Ant206,Ant207,Ant210,Ant215,Ant218,Ant219,Ant220,Ant221,Ant229,Ant238,Ant242,Ant243,Ant250,Ant251,Ant255,Ant256,Ant264,Ant289,Ant296,Ant298,Ant299,Ant301,Ant324,Ant331,Ant334,Ant342,Ant347,Ant380,Ant390,Ant391,Ant394,Ant395,Ant398,Ant458,Ant475,Ant476,Ant482,Ant492,Ant501,Ant509,Ant538,Ant556,Ant560,Ant564,Ant576,Ant580,Ant592,Ant599,Ant607,Ant610,Ant614,Ant621,Ant632,Ant638,Ant650,Ant663
0,0,3,0,0,11,1,0,0,0,14,41,0,0,6,0,0,4,0,0,0,19,3,0,1,9,2,0,5,0,0,0,9,0,0,1,0,0,9,0,0,0,0,0,0,0,0,0,0,5,3,3,0,0,2,0,0,0,1,7,0,0,0,0,0,4,0,7,0,0,0,5,0,0,0,0,1,0,0,8,0,2,1,0,13,0,1,5,1,5,0,0,3,0,7,0,0,0,9,1,4,0,0,1,0,4,0,0,0,0,11,0,4,1,14,0,2,0,0,2,0,0,0,0,10,3,0,4,0,0,0,3,0,0,0,0,0,19,5,5,1
0,0,9,0,1,15,0,0,0,0,3,13,1,1,1,0,0,1,0,0,0,7,7,0,0,18,0,0,2,0,0,0,10,0,0,6,0,4,3,0,5,0,0,0,0,1,1,0,0,1,14,8,0,0,1,0,0,2,0,12,1,1,0,1,0,3,0,0,2,3,0,6,0,0,2,0,0,0,0,6,0,1,0,1,1,1,8,3,1,1,0,0,4,0,3,0,1,0,6,1,1,0,0,8,0,5,0,0,0,0,1,0,8,0,14,1,2,0,0,2,9,4,0,0,43,3,0,14,0,0,0,2,0,0,0,0,3,4,4,13,4
3,9,0,1,6,14,0,6,1,2,14,14,5,8,5,1,9,2,2,1,0,9,16,4,0,5,6,0,6,5,8,0,15,3,0,14,2,9,6,1,34,0,2,0,1,5,2,0,5,8,16,4,8,0,0,1,1,18,2,10,4,1,0,4,1,5,5,6,4,19,0,13,0,4,6,0,1,3,0,10,2,1,2,5,21,0,23,11,8,7,3,4,8,4,0,0,3,3,12,5,13,2,0,21,6,7,2,3,3,0,12,1,13,0,32,4,6,0,6,5,4,6,3,1,5,5,1,24,0,0,1,20,6,0,2,0,6,10,17,5,3
0,0,1,0,5,2,11,13,9,6,1,0,9,3,0,6,8,1,58,3,4,0,4,6,1,0,7,3,2,12,15,2,0,8,5,5,23,5,5,15,5,15,4,8,1,2,5,0,20,0,2,2,4,3,9,2,9,1,9,7,4,17,17,22,1,0,18,7,30,7,10,0,2,5,0,1,0,21,12,0,3,4,5,17,0,1,2,2,16,1,3,7,0,11,0,0,17,32,0,1,4,3,0,0,6,3,10,21,4,3,2,1,3,6,0,11,3,0,4,7,0,8,8,0,0,0,12,4,4,3,0,6,2,2,5,4,6,2,2,0,24
0,1,6,5,0,1,4,5,0,7,2,0,6,0,0,14,5,6,7,0,0,0,2,2,1,12,0,0,1,1,1,0,1,0,0,12,0,12,16,4,2,0,0,2,0,5,17,0,6,0,9,7,3,1,1,0,4,20,3,20,1,3,2,14,6,17,3,3,3,8,3,24,0,7,13,0,0,0,1,0,0,10,4,3,1,1,19,12,5,2,0,3,0,5,8,0,14,1,8,2,5,0,0,12,0,3,6,1,0,0,10,1,13,0,3,1,0,0,4,9,12,2,0,0,3,12,5,5,0,0,0,4,0,0,0,0,5,5,1,0,9
11,15,14,2,1,0,0,4,0,1,16,57,1,4,40,12,0,4,0,0,0,19,29,0,0,16,3,0,4,0,0,0,29,1,0,2,0,0,7,4,9,0,0,0,0,8,2,0,0,9,16,1,0,0,8,0,0,14,0,6,1,0,0,1,3,2,0,11,1,1,0,16,0,1,2,0,6,0,0,11,0,1,8,2,29,0,16,3,4,9,0,0,5,1,16,0,2,0,21,10,5,0,0,5,0,0,0,5,0,0,42,0,31,0,21,0,9,0,5,2,4,1,0,0,65,13,0,26,1,0,0,8,0,0,0,0,4,28,12,27,0
1,0,0,11,4,0,0,1,0,9,0,0,11,0,0,5,3,0,13,0,0,0,0,2,52,5,3,0,4,8,0,6,0,11,0,2,7,13,4,1,12,3,2,1,2,1,3,1,3,0,0,4,3,2,1,10,2,18,19,10,8,3,1,7,5,2,9,0,9,16,0,5,1,4,2,0,0,3,0,0,2,0,2,8,0,34,0,2,4,3,1,2,0,5,0,3,12,7,0,0,4,1,0,6,6,7,5,9,0,5,5,0,0,2,1,2,2,3,0,0,2,2,4,0,0,2,3,2,1,0,0,5,1,0,0,9,2,1,0,0,4
0,0,6,13,5,4,1,0,3,3,0,1,4,3,0,4,21,0,1,3,3,0,12,3,2,2,15,3,0,2,3,1,0,1,1,4,2,4,2,5,3,5,8,3,4,8,1,1,4,0,2,0,1,4,2,3,9,5,6,10,3,5,12,9,3,0,17,2,9,3,2,3,6,17,6,0,0,19,2,0,7,2,13,4,2,8,4,0,5,1,3,1,0,8,0,2,4,0,0,1,3,0,2,3,6,1,5,11,14,3,2,0,9,8,0,7,6,7,3,0,2,13,3,2,0,0,4,10,3,1,2,5,5,0,0,5,6,6,0,0,17
0,0,1,9,0,0,0,3,0,0,1,0,0,6,0,0,21,0,9,14,15,0,0,13,17,1,4,1,1,3,3,15,0,2,58,0,6,1,0,5,4,6,5,21,7,3,0,0,7,1,1,0,5,6,0,3,4,6,2,2,12,27,5,10,0,0,15,2,1,4,3,0,7,3,0,17,0,12,17,0,7,0,4,1,0,8,0,1,5,0,15,3,0,2,0,5,1,6,0,0,1,17,11,1,7,3,9,5,2,11,0,3,0,1,0,1,2,10,2,0,0,1,5,8,0,0,9,0,13,13,7,3,19,8,14,4,0,2,0,0,10
0,0,2,6,7,1,9,3,0,0,1,0,11,1,0,3,2,2,3,0,0,1,4,12,1,9,19,0,4,3,2,1,0,3,0,0,4,1,14,0,2,1,12,2,0,5,7,0,1,0,6,5,2,0,2,1,1,16,5,8,4,2,6,6,3,0,6,4,7,6,5,5,3,3,3,0,0,3,4,0,2,8,0,10,0,2,17,1,4,1,1,1,0,6,0,2,7,1,0,3,11,0,0,5,0,3,1,3,2,1,6,0,11,1,0,6,2,0,5,4,10,2,0,0,5,4,1,1,0,0,1,7,3,0,1,2,5,4,0,0,27
14,3,14,1,2,16,0,0,1,1,0,12,1,6,0,16,0,5,0,0,0,11,1,0,0,16,10,0,8,0,0,0,7,2,0,7,0,1,2,7,5,1,0,0,0,1,1,0,5,1,25,4,0,0,1,1,0,5,1,7,0,1,1,5,0,4,4,8,10,4,2,12,0,3,2,0,0,0,1,3,0,2,1,5,29,0,5,5,5,6,0,0,1,2,2,0,1,0,11,1,24,0,0,7,0,2,0,1,0,0,18,0,23,0,10,1,6,0,13,5,7,0,0,0,13,14,0,10,0,0,0,9,0,0,0,0,3,22,4,2,3
41,13,14,0,0,57,0,1,0,0,12,0,0,0,1,2,0,7,0,0,0,44,18,0,0,43,0,0,3,0,0,0,5,0,0,0,0,0,23,0,0,0,0,0,0,0,0,0,0,9,22,0,0,0,2,0,1,0,1,11,0,0,0,0,0,2,0,6,2,0,0,20,0,0,11,0,7,1,1,19,0,0,0,0,31,2,14,1,6,9,0,1,2,0,11,0,0,0,28,2,0,0,0,1,0,4,0,0,0,0,6,0,36,0,34,0,3,0,0,1,2,0,0,0,42,9,0,0,0,0,0,10,0,0,0,0,0,128,24,3,0
0,1,5,9,6,1,11,4,0,11,1,0,0,4,1,5,4,3,3,0,2,0,1,17,10,5,23,0,1,5,7,1,0,3,0,6,2,6,7,16,18,2,10,1,4,4,1,0,3,0,1,6,0,2,1,3,0,13,4,10,8,0,7,13,2,28,16,0,5,19,9,6,1,7,6,1,0,11,4,0,1,1,4,0,4,3,14,4,5,2,0,2,0,6,1,0,3,1,0,2,3,1,0,2,4,1,3,3,2,4,3,0,6,4,0,11,7,1,4,3,0,11,0,0,0,0,3,4,3,1,0,1,1,2,0,3,8,0,0,0,8
0,1,8,3,0,4,0,3,6,1,6,0,4,0,0,5,2,0,3,0,1,0,0,14,14,8,16,0,2,1,3,3,2,0,0,1,9,6,0,2,17,0,11,4,0,0,1,0,4,0,4,1,10,1,0,6,8,3,3,2,5,7,2,10,0,5,42,2,8,2,1,3,5,10,2,3,0,13,0,0,8,1,4,11,1,1,2,0,3,0,3,4,0,5,2,11,3,0,0,0,2,1,0,0,0,2,1,1,5,4,4,4,0,6,0,12,1,4,3,1,0,1,1,3,0,1,3,8,0,0,0,2,3,2,6,1,0,7,1,0,16
6,1,5,0,0,40,0,0,0,0,0,1,1,0,0,4,0,5,0,0,0,5,1,0,0,7,0,0,2,0,0,0,2,0,0,0,0,0,9,0,0,0,0,0,0,3,0,0,0,3,9,0,0,0,3,0,0,1,0,6,0,0,0,0,0,0,0,2,0,0,4,5,0,0,1,0,5,0,0,7,0,0,0,0,13,0,3,5,0,9,0,0,2,0,5,0,0,0,4,2,0,0,0,1,0,0,0,0,0,0,2,0,19,0,6,0,4,0,1,1,0,0,0,0,25,2,0,4,0,0,0,3,0,0,0,0,2,13,4,1,1
0,0,1,6,14,12,5,4,0,3,16,2,5,5,4,0,2,21,5,2,0,2,2,1,1,18,8,2,8,2,1,0,3,0,0,1,2,0,39,17,11,4,0,0,8,10,6,0,1,0,8,9,1,1,1,1,4,17,6,13,2,0,5,6,1,12,2,4,5,5,1,17,2,10,1,0,0,2,0,0,2,9,2,14,3,1,26,3,18,12,2,5,0,4,12,0,6,1,4,22,15,0,2,7,5,4,0,6,4,0,6,0,31,2,8,5,11,1,21,10,2,2,0,0,3,10,3,15,0,1,0,15,1,0,3,4,6,18,6,0,1
0,0,9,8,5,0,3,21,21,2,0,0,4,2,0,2,0,1,4,7,2,0,0,17,11,0,22,1,6,5,6,7,0,1,13,1,33,16,0,4,5,12,0,10,8,1,2,0,6,0,4,0,19,3,2,2,4,2,0,1,13,4,13,12,2,1,14,0,6,3,8,0,2,15,2,4,0,7,18,0,0,1,13,6,0,5,4,4,12,3,7,20,0,10,0,1,2,4,0,2,7,3,4,1,2,0,7,27,12,5,0,1,5,8,0,14,1,2,0,1,0,1,4,3,4,0,7,3,8,1,1,0,6,4,7,18,4,3,4,0,28
4,1,2,1,6,4,0,0,0,2,5,7,3,0,5,21,1,0,1,0,0,6,2,0,0,5,0,0,2,3,1,0,2,6,0,0,2,1,7,4,8,3,0,2,0,6,2,0,0,0,8,2,3,0,0,2,0,4,3,20,0,0,2,1,0,1,5,2,4,2,1,9,0,0,18,0,1,1,0,2,0,2,2,4,4,0,11,11,5,5,0,0,0,2,1,0,1,7,0,2,22,0,0,11,0,9,0,0,2,0,7,0,8,0,10,6,2,0,11,9,10,2,2,0,12,7,2,14,0,0,0,20,0,0,0,1,11,15,1,2,3
0,0,2,58,7,0,13,1,9,3,0,0,3,3,0,5,4,1,0,10,2,0,0,13,3,1,2,0,1,13,10,12,0,4,11,2,17,10,1,10,0,6,9,23,24,3,0,2,11,0,1,1,8,5,9,4,4,5,14,5,5,24,19,7,0,1,20,1,8,5,3,0,11,6,0,12,0,14,25,0,15,3,4,4,1,8,1,2,5,4,20,14,0,8,0,4,30,140,0,0,1,6,2,1,15,0,16,8,6,3,1,1,0,10,0,10,2,7,2,2,0,1,10,6,0,2,7,5,5,2,7,3,9,4,12,7,1,0,0,0,17
0,0,1,3,0,0,0,3,14,0,0,0,0,0,0,2,7,0,10,0,0,0,0,8,0,0,4,0,1,0,7,4,0,0,9,0,3,4,0,0,0,2,0,14,0,0,0,1,2,0,1,0,4,48,0,0,0,0,0,0,0,39,4,2,1,2,1,0,2,0,0,0,3,1,0,14,0,5,6,0,1,0,0,0,0,3,0,0,0,0,10,8,0,1,0,1,1,0,0,0,0,18,19,0,8,0,0,3,0,1,0,20,0,4,0,2,0,5,0,0,0,1,9,0,0,0,9,0,3,14,12,0,1,21,3,2,2,0,0,0,1
0,0,0,4,0,0,0,3,15,0,0,0,2,1,0,0,2,0,2,0,0,0,0,15,34,0,10,0,4,0,7,28,0,0,15,0,0,4,0,3,20,6,25,27,8,0,0,23,2,0,1,1,7,5,0,3,7,0,1,0,6,4,4,1,1,0,20,0,2,1,1,0,1,7,1,0,0,5,2,0,7,1,1,5,0,12,1,0,7,0,3,19,0,0,0,36,1,1,0,0,0,5,7,1,0,1,4,4,8,26,0,8,2,9,0,5,1,3,0,0,0,0,10,10,0,3,12,4,2,8,7,0,14,2,14,15,2,1,0,0,2
19,7,9,0,0,19,0,0,0,1,11,44,0,0,5,2,0,6,0,0,0,0,5,0,0,4,0,0,5,0,0,0,9,0,0,3,0,0,6,2,1,0,0,0,1,1,0,0,0,3,10,0,1,0,3,0,0,1,0,8,0,1,0,1,1,4,1,2,3,0,4,12,0,0,10,0,1,0,1,6,0,0,3,2,5,0,11,3,10,4,0,0,5,0,10,0,0,0,13,3,1,0,0,4,0,8,0,0,1,0,3,0,11,1,14,0,3,0,15,6,13,0,0,0,9,3,0,4,0,0,0,10,0,0,0,0,2,33,10,3,0
3,7,16,4,2,29,0,12,0,4,1,18,1,0,1,2,0,2,0,0,0,5,0,0,1,10,2,0,3,0,0,0,6,0,0,3,0,0,5,2,5,0,0,0,0,3,7,0,0,4,11,0,1,0,0,0,0,14,0,12,1,0,0,1,1,0,0,0,0,2,5,7,0,0,0,0,1,0,1,10,0,0,3,1,11,0,21,5,1,5,0,0,4,1,5,0,6,1,8,3,8,0,0,1,1,2,1,0,0,0,4,0,11,1,18,0,1,0,5,1,0,2,0,0,14,10,0,5,0,0,0,7,1,0,0,0,0,14,6,8,4
0,0,4,6,2,0,2,3,13,12,0,0,17,14,0,1,17,0,13,8,15,0,0,0,7,3,12,4,0,0,5,3,0,1,1,0,8,23,0,0,2,1,15,7,8,0,1,2,9,0,2,0,1,6,0,0,7,14,6,0,10,8,4,19,5,4,46,1,13,0,5,2,1,14,2,6,0,13,7,0,8,7,2,6,0,6,2,3,5,1,12,5,0,2,1,3,5,1,0,0,0,16,0,10,0,1,1,0,19,0,1,10,2,22,0,36,9,2,6,2,2,2,1,12,0,0,23,1,0,14,6,1,17,5,4,5,0,5,1,0,19
1,0,0,1,1,0,52,2,17,1,0,0,10,14,0,1,11,0,3,0,34,0,1,7,0,0,3,0,4,1,23,4,0,3,2,6,1,14,0,3,26,1,17,2,11,0,1,19,17,0,0,1,6,3,0,8,10,0,3,0,2,14,6,0,2,4,16,1,3,0,0,1,10,13,1,2,0,6,0,0,18,0,1,0,0,26,0,0,3,0,5,2,0,2,0,12,0,0,0,0,8,2,8,0,11,1,2,1,4,12,0,9,1,12,0,8,1,5,0,0,3,0,0,18,0,0,5,2,2,5,4,0,18,6,8,3,2,5,2,0,12
9,18,5,0,12,16,5,2,1,9,16,43,5,8,7,18,0,5,1,0,0,4,10,3,0,0,5,1,8,2,0,2,17,2,0,9,0,3,14,4,11,0,1,2,0,10,0,0,0,8,9,13,2,0,0,0,0,24,2,13,6,0,0,7,2,3,1,3,5,10,6,31,0,0,16,0,1,2,0,8,0,3,8,6,21,0,34,13,10,5,2,1,1,1,4,1,1,0,6,8,11,0,0,17,0,10,0,2,0,0,14,0,16,1,5,3,4,0,4,10,11,1,0,0,20,26,0,16,0,1,0,7,1,0,0,0,10,10,4,3,7
2,0,6,7,0,3,3,15,4,19,10,0,23,16,0,8,22,0,2,4,10,0,2,12,3,5,0,0,8,16,11,3,3,9,2,4,7,13,8,12,22,4,6,7,6,9,6,2,12,0,6,6,7,3,6,9,2,8,8,15,15,4,14,28,15,2,18,10,13,19,1,19,7,16,0,0,0,21,4,0,4,7,16,7,0,5,10,16,6,8,6,17,0,18,1,0,7,0,0,6,3,2,6,9,9,4,3,19,5,7,3,0,10,11,0,24,3,5,1,4,5,13,2,3,6,4,3,14,1,1,0,2,1,1,0,9,9,4,0,0,12
0,0,0,3,0,0,0,3,1,0,0,0,0,0,0,2,1,0,0,0,0,0,0,4,0,1,0,0,0,1,0,0,0,0,0,1,1,3,0,1,0,0,3,0,0,0,0,0,1,0,0,0,1,0,0,1,0,2,0,0,1,0,0,0,1,0,1,0,0,0,0,0,2,0,0,0,0,0,0,0,0,0,0,0,0,0,0,0,0,0,0,0,0,0,0,0,0,2,0,0,0,0,0,0,0,0,0,1,0,0,0,0,0,0,0,2,0,0,0,0,0,0,0,0,0,0,0,1,0,0,0,0,0,0,0,0,0,0,0,0,1
5,2,6,2,1,4,4,0,1,4,8,3,1,2,2,8,6,2,1,1,4,5,3,0,4,8,8,0,0,0,6,1,5,12,0,3,6,1,7,6,10,0,3,15,1,4,4,0,2,0,18,3,3,0,2,0,0,6,0,7,2,0,0,1,0,4,0,6,11,8,1,2,1,2,0,0,3,2,2,3,0,12,2,2,3,3,10,8,5,6,1,2,0,0,6,1,2,0,8,9,8,0,0,1,1,3,6,3,7,4,10,1,15,4,3,7,2,5,3,4,1,4,3,2,6,5,0,9,4,0,0,1,2,0,0,0,3,13,1,1,6
0,0,5,12,1,0,8,2,3,3,0,0,5,1,0,2,5,3,13,0,0,0,0,0,1,2,16,1,0,0,7,0,0,1,0,1,11,9,3,17,5,8,3,8,0,0,0,0,7,0,0,0,3,1,5,1,6,1,4,1,0,5,6,5,0,2,3,3,15,2,0,7,6,2,3,0,0,21,4,0,1,5,0,0,0,5,0,1,15,0,4,5,0,10,0,0,11,0,0,0,5,1,1,0,0,0,6,12,1,0,1,0,1,0,0,3,0,4,4,3,0,5,8,0,1,0,6,4,4,2,0,1,1,1,0,0,1,1,0,0,10
0,0,8,15,1,0,0,3,3,2,0,0,7,3,0,1,6,1,10,7,7,0,0,5,23,0,11,0,6,7,0,3,0,11,0,0,18,23,3,5,6,3,19,6,3,0,5,2,1,0,2,11,6,6,3,5,4,2,4,1,3,10,13,7,1,1,23,0,9,4,2,2,11,4,0,2,0,15,14,0,7,2,3,2,1,8,0,1,10,1,6,3,0,9,0,1,8,0,0,1,4,3,2,0,31,3,8,11,3,12,5,2,3,1,0,12,1,7,4,0,4,1,11,4,0,0,15,1,6,5,0,2,0,0,9,6,2,0,3,0,21
0,0,0,2,0,0,6,1,15,1,0,0,1,3,0,0,7,0,12,4,28,0,0,3,4,2,3,0,1,0,3,0,0,1,22,0,13,6,0,0,6,7,8,25,6,0,3,10,21,0,0,0,2,13,0,5,7,0,1,0,8,29,4,5,0,0,8,0,1,1,2,0,3,5,0,16,0,4,5,0,5,0,4,2,0,10,1,1,0,0,14,4,0,3,0,14,0,0,0,0,0,10,14,0,1,0,0,2,7,6,0,7,0,6,0,1,0,14,1,0,0,0,4,21,0,0,21,0,12,19,8,0,2,16,16,5,0,2,0,0,2
9,10,15,0,1,29,0,0,0,0,7,5,0,2,2,3,0,2,0,0,0,9,6,0,0,17,3,0,5,0,0,0,0,1,0,0,0,0,2,3,6,0,0,0,0,0,0,0,0,7,7,0,0,0,1,0,0,5,0,7,0,0,0,1,0,3,0,4,2,0,0,4,0,0,0,0,1,0,0,4,0,0,5,0,13,0,17,2,1,5,0,0,3,0,7,0,2,0,7,0,14,0,0,0,0,1,0,0,0,0,3,0,12,0,16,3,1,0,7,10,8,2,0,0,23,5,0,14,0,0,0,2,0,0,0,0,6,10,4,8,0
0,0,3,8,0,1,11,1,2,3,2,0,3,0,0,0,1,6,4,0,0,0,0,1,3,2,9,0,12,1,11,1,1,0,3,2,10,6,1,2,10,2,6,2,12,0,7,0,2,0,2,2,2,1,0,0,1,10,5,1,2,2,1,8,0,0,2,1,4,14,1,5,0,6,0,0,0,1,3,0,1,5,2,6,0,2,4,2,8,2,1,3,0,5,1,3,4,0,0,1,1,1,0,3,4,0,6,12,4,1,4,1,4,0,0,6,0,0,2,2,0,5,1,1,0,2,4,4,0,1,0,0,1,0,0,7,15,3,1,0,4
0,0,0,5,0,0,0,1,58,0,0,0,0,0,0,0,13,0,11,9,15,0,0,1,2,0,2,0,0,0,0,22,0,3,0,0,0,2,0,1,0,3,2,13,15,0,0,27,2,0,1,0,1,53,0,0,0,0,0,0,0,74,9,3,0,0,12,0,1,0,3,0,10,13,0,15,0,0,3,0,2,1,0,0,0,8,0,0,0,0,45,1,0,5,0,9,0,0,0,0,0,29,14,0,9,0,7,8,3,10,0,5,0,7,0,1,0,35,0,0,0,0,13,2,0,0,13,2,11,33,8,0,9,28,14,2,0,0,0,0,3
1,6,14,5,12,2,2,4,0,0,7,0,6,1,0,1,1,0,2,0,0,3,3,0,6,9,4,1,3,1,0,0,0,2,0,0,0,5,12,12,4,0,0,3,1,7,8,0,5,0,7,3,2,0,1,0,1,6,1,6,4,1,3,2,2,3,9,0,5,6,0,10,0,1,0,0,0,5,0,0,0,2,0,1,1,0,9,3,0,1,3,1,0,4,1,0,0,0,0,0,0,0,0,2,0,2,8,3,0,0,0,0,2,0,0,5,1,0,1,2,3,2,0,0,1,7,8,4,0,0,0,8,0,0,0,0,10,6,4,0,4
0,0,2,23,0,0,7,2,6,4,0,0,2,9,0,2,33,2,17,3,0,0,0,8,1,0,7,1,6,11,18,13,0,10,0,0,0,6,5,1,1,1,4,15,18,0,3,3,8,0,5,7,20,5,1,14,2,0,6,0,0,15,6,10,5,6,10,0,9,2,1,3,7,1,0,2,0,18,10,0,8,3,5,7,1,9,1,0,14,1,10,7,0,2,0,1,14,1,0,0,0,6,1,0,5,3,8,13,9,1,2,0,1,5,0,6,1,12,7,2,2,7,27,1,1,0,13,1,6,6,0,1,2,0,10,4,11,11,0,0,20
0,4,9,5,12,0,13,4,1,1,1,0,6,6,0,0,16,1,10,4,4,0,0,23,14,3,13,3,1,9,23,6,0,6,2,5,6,0,2,2,31,17,2,2,6,3,9,3,36,0,0,0,40,1,5,2,5,11,16,5,16,17,26,11,7,9,5,2,2,3,2,11,11,1,1,2,0,18,4,0,1,7,3,0,4,10,3,3,3,3,5,11,0,1,0,3,2,1,0,0,6,6,6,6,11,2,4,14,2,13,2,4,6,6,0,4,1,3,1,3,3,2,1,3,0,0,4,9,4,3,2,3,9,4,1,7,8,3,1,0,6
9,3,6,5,16,7,4,2,0,14,2,23,7,0,9,39,0,7,1,0,0,6,5,0,0,14,8,0,7,3,3,0,2,1,0,12,5,2,0,14,2,1,1,0,0,3,7,0,2,4,12,9,0,1,2,2,0,3,7,17,5,0,0,6,0,2,0,1,3,12,2,16,1,3,3,0,0,1,1,1,0,3,1,3,13,0,23,4,3,5,0,0,3,5,5,0,5,0,3,6,13,0,0,5,2,4,3,3,4,0,6,0,19,0,13,4,5,1,8,8,9,8,2,0,14,15,0,14,0,0,0,14,0,0,1,0,14,35,6,3,8
0,0,1,15,4,4,1,5,5,0,7,0,16,2,0,17,4,4,10,0,3,2,2,0,3,4,12,1,6,17,5,0,3,2,1,12,1,2,14,0,6,1,6,0,3,8,2,0,4,0,5,4,6,3,1,2,2,12,4,12,5,3,2,8,0,2,2,2,9,13,1,8,2,6,3,7,0,12,3,0,4,5,6,6,3,1,7,3,21,2,1,0,0,4,2,1,9,12,0,5,9,0,1,2,1,1,1,13,6,1,2,0,2,2,3,9,3,0,5,4,2,12,2,3,1,3,2,2,2,1,0,1,4,0,1,4,4,8,0,0,11
0,5,34,5,2,9,12,3,4,2,5,0,18,17,0,11,5,8,0,0,20,1,5,2,26,11,22,0,10,5,6,6,6,10,0,4,1,31,2,6,0,0,14,10,5,4,6,1,17,0,11,13,5,1,1,1,9,8,6,14,4,7,4,9,4,2,15,6,9,9,0,8,2,1,2,0,0,4,0,0,3,2,4,20,10,6,7,11,40,3,1,4,0,0,2,9,6,0,0,9,22,1,0,4,6,5,5,8,13,3,6,5,18,3,0,11,5,5,14,6,5,3,11,1,9,12,5,19,1,0,0,5,5,4,0,12,6,4,4,0,15
0,0,0,15,0,0,3,5,6,1,1,0,2,0,0,4,12,3,6,2,6,0,0,1,1,0,4,0,0,8,3,7,0,2,3,0,1,17,1,1,0,0,0,8,22,3,1,15,9,0,1,2,10,23,3,2,5,1,5,0,5,16,18,3,0,1,9,0,3,0,2,2,0,14,0,7,0,21,7,0,10,2,4,1,2,18,0,4,8,1,11,8,0,5,2,14,2,6,0,0,2,3,3,0,18,1,8,8,3,6,1,0,0,11,0,11,2,1,1,2,1,4,11,0,0,0,6,4,10,3,0,1,11,8,1,16,0,0,0,0,3
0,0,2,4,0,0,2,8,5,12,0,0,10,11,0,0,0,0,9,0,25,0,0,15,17,1,6,3,3,3,19,8,0,6,2,0,4,2,1,6,14,0,0,6,19,3,5,3,5,0,0,0,6,3,5,3,25,2,6,1,23,21,14,11,4,1,41,1,8,8,0,0,19,10,0,5,0,14,10,0,10,1,2,0,0,7,0,4,7,0,8,1,0,4,0,15,1,0,0,0,1,15,6,4,11,1,13,3,4,21,1,4,3,3,0,10,5,6,0,1,0,4,24,18,0,1,7,0,12,4,2,0,5,0,19,0,2,10,0,0,7
0,0,0,8,2,0,1,3,21,2,0,0,1,4,0,0,10,2,23,14,27,0,0,7,2,2,7,0,15,8,6,25,0,2,13,3,15,2,0,0,10,8,6,0,5,0,0,11,28,0,1,2,4,11,0,13,6,1,7,1,13,16,11,9,3,1,25,2,5,2,0,3,19,9,0,8,0,5,12,0,12,0,4,1,3,7,2,2,4,4,34,23,0,25,1,11,4,7,0,1,1,18,16,0,1,0,12,2,11,11,4,4,0,9,0,7,5,16,2,0,1,5,9,4,1,1,13,0,28,18,13,1,11,0,22,4,1,0,1,0,10
0,0,1,1,0,0,2,4,7,0,0,0,4,0,0,8,8,0,24,0,8,1,0,8,11,0,6,0,1,0,3,6,0,12,15,1,18,6,0,3,5,22,19,5,0,0,0,1,6,0,0,0,20,2,3,4,2,2,1,0,4,9,24,4,1,0,12,0,7,3,0,0,10,19,0,8,0,12,11,0,2,0,3,0,0,38,0,0,11,0,5,3,0,9,0,2,1,0,0,0,0,3,0,0,3,1,4,10,8,14,3,1,2,2,0,5,1,3,0,1,0,2,6,17,0,0,3,6,0,0,0,0,5,0,14,6,0,1,1,0,2
0,1,5,2,5,8,1,8,3,5,1,0,4,0,3,10,1,6,3,0,0,1,3,0,0,10,9,0,4,0,0,0,0,0,0,7,0,3,3,8,4,3,3,0,0,0,4,0,1,0,3,15,0,0,2,0,3,12,0,8,0,2,0,7,0,1,5,4,8,15,3,9,0,6,3,0,0,1,0,0,0,9,1,1,11,0,15,6,0,1,0,1,0,1,0,0,2,0,5,4,10,0,0,3,1,1,0,1,1,0,3,0,7,0,3,9,0,0,12,8,6,1,0,0,9,8,3,14,0,0,0,11,0,0,0,1,8,2,7,1,1
0,1,2,5,17,2,3,1,0,7,1,0,1,1,0,6,2,2,0,0,0,0,7,1,1,0,6,0,4,0,5,3,0,7,0,8,3,9,7,2,6,1,5,0,0,4,0,0,4,0,3,2,6,1,1,3,0,13,5,7,0,1,0,7,0,6,5,1,1,1,0,5,0,6,0,0,0,1,1,0,1,1,4,1,0,2,7,2,6,4,0,0,0,1,4,0,16,0,0,7,5,0,0,7,3,6,2,1,3,1,2,4,7,0,1,3,0,0,6,1,1,3,1,0,0,0,0,17,0,0,0,8,1,0,0,1,2,1,1,0,0
0,0,0,0,0,0,1,1,0,0,0,0,0,0,0,0,0,0,2,1,23,0,0,2,19,0,2,0,0,0,2,10,0,0,27,0,3,3,0,0,1,15,3,11,1,0,0,0,9,0,0,0,4,24,0,2,4,1,1,0,5,32,14,4,0,0,6,0,1,1,1,0,1,8,1,5,0,4,1,0,7,0,0,0,0,4,0,0,0,0,6,2,0,1,0,9,0,0,0,0,0,22,18,0,16,0,0,2,3,11,0,20,0,13,0,1,0,10,0,1,0,0,2,3,0,0,7,0,10,19,16,1,7,11,9,3,1,0,0,0,0
0,0,5,20,6,0,3,4,7,1,5,0,3,4,0,1,6,0,11,2,2,0,0,9,17,0,12,1,2,7,1,21,0,2,2,5,8,36,2,4,17,9,5,28,6,1,4,9,0,0,0,0,5,3,1,1,4,0,9,4,7,9,32,5,1,0,26,3,13,4,3,3,3,11,1,2,0,6,18,0,8,6,17,3,0,7,1,0,18,0,8,20,0,13,0,24,2,2,0,1,5,7,8,5,4,0,8,9,4,9,1,21,4,3,0,4,0,9,2,2,3,8,2,0,0,4,16,1,34,5,0,5,17,13,9,22,0,9,0,0,11
5,1,8,0,0,9,0,0,1,0,1,9,0,0,3,0,0,0,0,0,0,3,4,0,0,8,0,0,0,0,0,0,7,0,0,0,0,0,4,0,0,0,0,0,0,0,0,0,0,0,5,0,0,0,0,0,0,0,0,5,0,0,0,0,0,3,0,0,1,0,0,10,0,0,4,0,1,0,0,3,0,0,0,0,6,0,16,1,0,2,0,0,2,0,0,0,0,0,7,1,0,0,0,2,0,1,0,0,0,0,1,0,16,0,13,0,0,0,0,1,0,0,0,0,14,0,0,0,0,0,0,0,0,0,0,0,0,29,10,2,0
3,14,16,2,9,16,0,2,1,6,25,22,1,4,9,8,4,8,1,1,1,10,11,2,0,9,6,0,18,0,2,0,7,2,1,7,5,0,12,5,11,1,0,1,0,3,3,0,0,5,0,5,2,0,3,1,1,7,1,12,3,0,0,4,2,11,0,5,5,4,6,8,1,3,14,0,2,3,1,6,0,0,2,4,21,0,3,3,10,16,0,0,4,1,9,0,2,0,2,5,30,1,0,11,0,6,0,5,1,1,13,0,15,0,17,11,2,0,8,1,6,1,0,3,11,4,0,10,0,0,0,7,0,0,4,2,17,9,4,9,2
3,8,4,2,7,1,4,0,0,5,4,0,6,1,0,9,0,2,1,0,1,0,0,0,1,13,6,0,3,0,11,0,0,2,0,3,7,0,9,4,13,2,0,2,0,15,2,0,0,0,5,0,1,0,3,0,0,8,2,8,2,0,0,9,1,10,18,0,8,16,0,6,0,5,9,0,0,4,0,0,0,5,6,5,2,1,31,9,0,1,0,1,0,4,0,0,1,0,0,5,15,0,0,2,0,15,2,1,2,0,15,0,11,0,3,21,1,2,3,0,2,1,0,0,0,2,0,17,0,0,0,13,0,0,1,1,8,1,4,0,7
0,0,8,4,3,0,3,1,5,2,0,0,0,10,0,1,19,3,8,4,7,1,1,1,6,2,7,1,3,3,6,2,0,2,1,2,20,40,0,6,5,10,6,4,20,0,6,4,5,0,2,1,0,5,0,1,9,1,2,2,8,16,35,10,1,4,10,2,8,8,14,3,10,9,0,11,0,14,19,0,3,2,1,6,0,5,0,0,12,6,9,8,0,6,0,2,7,2,0,0,1,0,1,2,11,8,3,10,3,3,7,1,0,13,0,24,3,4,0,6,9,6,15,2,2,0,4,1,2,3,1,0,3,2,3,6,1,1,0,0,10
0,0,0,3,1,0,2,4,6,0,0,0,2,1,0,1,3,0,5,48,5,0,0,6,3,0,3,0,0,1,6,13,0,1,53,0,5,1,1,3,1,23,3,11,2,0,1,24,3,0,0,0,5,0,0,3,4,0,0,2,0,109,27,0,0,2,4,0,1,1,0,0,6,21,0,20,0,8,16,0,10,0,0,1,0,6,0,0,4,0,25,4,0,1,1,19,0,3,0,0,0,37,23,0,6,0,1,3,1,8,1,13,0,1,0,1,0,36,2,2,0,1,8,10,0,0,26,0,24,43,43,0,15,56,13,1,0,0,0,0,2
2,1,0,9,1,8,1,2,0,2,1,2,1,0,3,1,2,0,9,0,0,3,0,0,0,0,6,0,2,5,3,0,1,0,0,1,1,5,2,1,1,3,5,0,3,2,1,0,1,0,3,3,0,0,0,2,0,1,1,8,2,0,2,3,0,2,0,4,1,3,0,3,0,0,5,1,3,5,2,1,0,0,0,3,5,3,8,2,6,6,1,0,7,1,3,0,2,4,5,0,0,0,0,0,0,1,3,2,1,0,5,0,4,0,4,3,2,1,2,2,0,0,1,0,7,0,5,3,0,0,0,9,0,0,1,1,1,12,4,0,2
0,0,1,2,0,0,10,3,3,1,1,0,3,6,0,1,2,2,4,0,3,0,0,0,8,0,9,1,0,1,5,5,0,0,0,0,14,2,2,2,1,2,3,13,4,0,3,2,1,0,1,0,1,3,2,0,10,0,1,0,13,6,11,2,6,0,19,0,12,6,0,2,3,12,2,0,0,5,0,0,6,0,5,3,1,14,2,0,3,1,8,4,0,4,0,9,1,0,0,0,0,1,2,2,3,0,1,11,3,18,1,3,4,5,0,7,3,5,0,0,1,1,6,3,2,0,1,2,7,1,0,1,6,3,12,15,2,2,0,0,9
0,0,1,9,4,0,2,9,4,1,0,1,0,8,0,4,4,0,4,0,7,0,0,7,10,0,2,0,0,6,4,7,0,1,0,1,2,5,0,2,9,5,25,6,2,3,0,4,4,0,1,0,9,4,0,10,0,1,3,1,19,6,24,2,2,1,31,1,3,9,0,1,8,12,1,4,0,9,1,0,1,0,6,1,0,10,2,0,13,1,7,3,0,5,0,1,1,9,0,0,8,5,3,2,5,1,4,6,2,11,2,2,0,6,0,4,0,5,1,0,1,1,12,5,2,2,7,1,9,2,1,1,10,3,3,8,0,1,0,0,5
0,2,18,1,20,14,18,5,6,16,5,0,13,3,1,17,2,4,5,0,0,1,14,14,0,24,8,2,6,1,2,0,5,10,0,6,0,11,3,12,8,1,2,1,2,12,13,1,0,0,7,8,1,0,1,0,1,0,0,19,0,1,2,11,10,6,8,1,9,3,3,14,2,20,17,1,0,4,2,0,0,1,3,9,0,0,43,23,6,4,0,1,0,3,1,0,5,0,0,2,5,0,1,12,0,2,4,1,7,0,4,1,20,0,7,12,6,0,1,22,1,6,1,0,1,5,0,36,0,0,0,23,0,2,0,3,6,7,7,0,15
1,0,2,9,3,0,19,6,2,5,1,1,4,3,0,6,0,3,14,0,1,0,0,6,3,2,8,0,0,4,4,1,0,5,0,1,6,16,7,4,6,5,6,7,1,0,5,1,9,0,1,2,2,0,1,1,3,0,0,7,6,2,6,6,1,1,12,0,1,2,0,2,3,8,7,0,0,5,1,0,2,4,0,0,3,8,1,6,5,0,3,6,0,2,0,0,0,0,0,0,4,0,0,1,14,1,4,4,0,5,1,1,7,3,0,3,4,9,3,0,0,4,5,0,1,1,4,1,7,1,0,6,0,0,1,9,0,0,0,0,7
7,12,10,7,20,6,10,10,2,8,7,11,10,2,6,13,1,20,5,0,0,8,12,0,0,13,15,0,7,1,1,0,7,1,0,6,0,5,17,12,14,0,1,1,0,8,7,0,4,5,12,8,2,2,8,0,1,19,7,0,2,0,2,6,5,1,3,5,5,6,3,18,0,3,8,1,1,1,0,8,0,5,9,4,11,0,16,13,10,6,0,2,2,8,4,0,5,0,4,6,33,0,0,6,3,11,0,1,3,1,11,0,34,2,9,8,10,0,14,13,16,11,0,0,10,11,0,15,0,0,0,20,0,0,0,0,17,17,11,2,3
0,1,4,4,1,1,8,3,12,4,0,0,8,5,0,2,13,0,5,0,6,0,1,10,2,6,15,1,2,0,3,8,0,2,0,4,0,16,5,5,4,5,23,13,4,0,0,5,7,0,3,2,8,0,2,13,19,0,6,2,0,13,14,6,1,3,45,0,12,12,1,1,6,11,1,5,0,29,9,0,1,8,0,11,0,0,4,4,3,1,6,13,0,5,0,5,13,0,0,3,2,7,2,8,8,3,15,4,11,14,0,0,2,3,0,15,0,9,3,2,6,1,11,15,0,2,0,5,4,2,0,9,17,0,12,9,4,2,2,0,22
0,1,1,17,3,0,3,5,27,2,1,0,0,7,0,0,4,0,24,39,4,1,0,8,14,0,4,0,0,5,10,29,0,2,74,1,15,17,0,3,7,16,21,16,9,2,1,32,9,0,0,0,16,109,0,6,6,1,2,0,13,0,16,4,11,1,14,1,3,3,2,3,22,35,0,65,0,23,29,0,20,2,5,6,0,41,0,2,3,2,42,12,0,16,0,35,2,1,0,1,2,29,25,1,20,0,8,9,9,18,1,18,1,16,0,15,2,37,1,0,2,2,21,7,0,3,29,1,21,53,29,6,17,33,13,11,1,1,0,0,8
0,0,0,17,2,0,1,12,5,6,1,0,7,2,0,5,13,2,19,4,4,0,0,4,6,0,14,0,0,6,13,4,0,1,9,3,6,26,0,2,4,18,14,11,24,0,0,14,32,0,0,0,35,27,2,11,24,2,6,2,14,16,0,5,1,1,7,1,17,3,5,3,4,4,4,30,0,13,24,0,6,0,6,2,2,22,1,4,7,1,9,16,0,12,0,22,1,8,1,1,6,9,1,2,21,0,16,8,1,23,0,10,1,5,0,0,0,26,3,5,1,3,32,14,0,0,18,2,36,2,4,0,13,8,16,5,2,2,0,0,3
0,1,4,22,14,1,7,9,10,6,5,0,13,10,0,6,12,1,7,2,1,1,1,19,0,7,28,0,1,5,7,5,1,8,3,2,10,11,6,8,9,3,11,9,4,7,7,4,5,0,4,9,10,0,3,2,2,11,6,6,6,4,5,0,0,6,23,3,11,9,3,17,3,8,2,1,0,14,7,0,7,1,8,10,0,10,12,2,10,1,8,1,0,7,4,1,13,6,0,7,8,3,1,9,0,11,6,14,6,7,13,2,11,4,0,26,3,3,4,1,8,4,6,0,3,4,2,15,1,1,1,9,3,3,7,6,7,4,3,0,2
0,0,1,1,6,3,5,3,0,3,0,0,2,0,0,1,2,0,0,1,1,1,1,5,2,2,15,1,0,0,1,0,0,0,0,2,5,7,0,0,4,0,4,3,1,0,0,0,1,0,2,1,1,0,0,6,2,10,1,5,1,11,1,0,0,11,4,0,3,1,3,0,3,0,1,1,0,5,6,0,1,0,1,1,1,0,1,0,1,0,4,1,0,0,0,0,5,0,0,0,0,0,0,1,0,0,1,2,4,0,0,0,2,0,0,1,2,3,0,0,0,0,5,5,0,0,0,1,0,2,0,2,0,0,0,3,17,1,0,0,6
4,3,5,0,17,2,2,0,0,0,4,2,28,5,0,12,1,1,1,2,0,4,0,4,4,3,2,0,4,2,1,0,3,0,0,3,6,9,2,2,2,1,1,1,0,1,6,0,0,3,11,10,4,2,2,0,1,6,1,1,3,1,1,6,11,0,12,6,7,3,1,1,8,5,2,0,2,4,1,4,3,2,10,2,2,3,7,3,1,2,4,2,4,3,3,0,1,0,2,3,5,0,0,5,1,2,3,1,1,2,1,0,4,2,5,5,3,0,4,7,6,2,12,0,2,7,5,5,0,0,0,7,0,0,0,0,2,4,1,0,4
0,0,5,18,3,0,9,17,15,6,4,0,16,42,0,2,14,5,20,1,20,1,0,46,16,1,18,1,0,3,23,8,0,2,12,9,10,5,0,2,15,9,41,25,12,5,5,6,26,0,0,18,10,4,0,19,31,8,12,3,45,14,7,23,4,12,0,14,17,6,10,6,30,33,2,11,0,34,2,0,23,6,6,14,0,11,3,4,7,1,27,17,0,23,0,13,4,4,0,6,4,20,4,6,9,3,8,4,12,13,4,20,3,36,1,12,5,18,1,4,7,4,11,32,0,1,10,4,4,9,0,1,13,2,11,28,1,6,1,0,18
7,0,6,7,3,11,0,2,2,4,8,6,0,2,2,4,0,2,1,0,0,2,0,1,1,3,10,0,6,3,0,0,4,1,0,0,0,2,1,2,6,0,1,2,0,4,1,0,3,0,5,0,2,0,4,0,1,1,0,5,0,1,1,3,0,6,14,0,9,0,0,3,2,3,9,0,0,2,0,6,0,0,0,2,4,1,3,1,4,7,0,1,2,4,1,0,9,16,3,3,3,0,0,0,0,0,1,4,2,1,5,0,16,1,4,1,3,1,10,0,0,3,2,0,12,3,0,6,0,0,0,21,0,0,0,2,6,7,4,1,2
0,2,4,30,3,1,9,9,1,7,10,2,5,8,0,5,6,4,8,2,2,3,0,13,3,5,13,0,11,15,9,1,2,4,1,5,9,2,3,9,9,3,8,5,7,8,1,1,13,1,5,8,8,1,1,12,3,9,1,5,12,3,17,11,3,7,17,9,0,16,5,4,12,7,2,2,0,13,8,1,6,3,11,9,0,4,5,1,19,6,2,1,0,14,1,1,5,5,1,5,15,1,0,10,5,3,16,14,12,1,4,3,6,1,0,21,7,0,4,1,5,2,4,2,7,4,5,7,1,1,0,3,1,0,1,10,4,2,6,0,21
0,3,19,7,8,1,16,3,4,6,4,0,19,2,0,5,3,2,5,0,1,0,2,0,0,10,19,0,8,2,4,1,0,14,0,6,2,3,12,13,9,0,8,2,3,15,1,1,4,0,4,16,8,1,3,6,9,3,2,6,12,3,3,9,1,3,6,0,16,0,1,10,0,3,3,0,0,6,1,0,1,4,9,7,14,0,11,12,7,5,1,0,0,1,4,0,6,0,0,3,12,0,0,11,3,15,6,3,3,2,10,0,0,2,0,12,4,0,10,7,5,8,1,1,3,8,3,10,0,1,0,7,2,0,0,2,5,5,4,0,8
0,0,0,10,3,0,0,2,3,5,2,0,9,1,4,1,8,1,3,0,1,4,5,5,0,6,1,0,1,0,2,2,0,1,3,0,1,2,2,1,0,2,0,0,0,3,0,1,3,0,6,0,14,0,0,0,0,3,0,3,1,2,5,3,3,1,10,0,5,1,0,1,1,2,1,0,0,0,0,0,0,0,0,0,0,1,4,1,1,0,0,0,0,2,0,0,4,2,0,2,1,1,0,0,3,0,0,1,2,0,1,0,2,3,0,13,0,3,2,0,6,4,0,0,2,0,1,13,2,0,0,4,1,0,0,0,4,7,1,0,26
5,6,13,0,24,16,5,3,0,5,12,20,6,3,5,17,0,9,0,0,0,12,7,2,1,31,19,0,2,7,2,0,4,5,0,10,3,11,16,8,8,2,0,3,0,9,5,0,3,10,8,6,3,0,3,2,1,14,2,18,1,3,3,17,0,1,6,3,4,10,1,0,2,3,8,0,1,2,1,4,0,6,3,1,24,0,19,13,7,4,0,1,4,1,3,0,3,0,5,5,26,0,0,11,1,3,2,7,0,4,20,0,40,0,13,10,4,0,18,10,9,9,0,0,22,19,1,25,1,0,0,3,1,0,0,0,11,11,4,10,2
0,0,0,2,0,0,1,6,7,3,0,0,1,5,0,2,2,0,11,3,1,0,0,1,10,0,7,2,1,6,11,3,0,0,10,0,7,11,1,2,2,0,19,19,10,0,0,1,3,0,1,0,10,6,0,3,8,2,3,0,6,22,4,3,3,8,30,2,12,0,1,2,0,5,0,0,0,16,16,0,2,1,0,3,0,1,0,0,4,1,18,10,0,13,0,5,0,0,0,1,1,3,10,0,8,1,1,8,3,3,1,5,1,3,0,1,2,7,0,0,0,1,11,5,0,0,2,1,9,0,2,1,5,1,11,10,0,1,0,0,11
0,0,4,5,7,1,4,17,3,3,3,0,7,10,0,10,15,0,6,1,7,0,0,14,13,0,16,0,2,2,4,5,0,6,13,1,1,1,3,6,1,14,10,9,19,6,6,8,11,0,3,5,9,21,0,12,12,20,8,3,11,35,4,8,0,5,33,3,7,3,2,3,5,0,0,23,0,11,9,0,12,3,8,5,0,11,0,3,7,2,24,1,0,12,0,17,5,2,0,2,9,16,13,1,2,0,5,2,6,14,1,12,1,5,1,18,0,22,3,2,7,14,18,38,1,2,9,11,4,27,19,2,19,12,2,8,1,4,3,0,8
0,2,6,0,13,2,2,6,0,3,2,11,6,2,1,1,2,18,0,0,1,10,0,2,1,16,0,0,0,3,0,0,0,0,0,0,0,1,3,3,2,0,0,0,0,3,0,1,1,4,14,9,0,0,5,2,1,17,7,8,1,0,4,2,1,2,2,9,2,3,1,8,0,0,0,0,0,0,0,3,1,0,1,5,9,0,13,0,0,10,0,0,6,0,7,0,0,0,8,4,2,0,1,5,0,4,0,4,0,0,11,0,11,0,3,0,2,0,2,7,2,4,0,2,15,5,0,12,0,1,0,12,0,0,1,0,7,16,5,6,1
0,0,0,1,0,0,0,0,17,0,0,0,1,3,0,0,4,0,12,14,0,0,0,6,2,0,0,0,0,0,2,16,0,0,15,0,2,2,0,7,0,7,5,8,8,0,0,5,2,0,0,0,11,20,1,0,4,1,0,1,5,65,30,1,1,0,11,0,2,0,0,0,0,23,0,0,0,5,11,0,6,0,1,1,0,18,0,0,1,0,24,0,0,4,0,9,3,0,0,0,0,23,7,0,8,0,2,2,4,0,0,6,0,1,0,1,0,12,0,1,0,1,9,40,0,0,12,0,13,6,1,0,0,0,19,2,0,0,0,0,0
1,0,1,0,0,6,0,0,0,0,0,7,0,0,5,0,0,1,0,0,0,1,1,0,0,1,0,0,3,0,0,0,1,0,0,0,0,0,0,0,0,0,0,0,0,0,0,0,0,1,2,0,0,0,3,0,0,0,0,1,0,0,0,0,0,2,0,0,0,0,0,1,0,0,0,0,0,0,0,1,0,0,0,0,8,0,0,0,0,2,0,0,0,0,1,0,0,0,2,0,0,0,0,0,0,0,0,0,0,0,4,0,2,0,3,0,0,0,0,0,0,0,0,0,2,1,0,0,0,0,0,0,0,0,0,0,0,10,1,0,0
0,0,3,21,0,0,3,19,12,3,0,1,11,13,0,2,7,1,14,5,5,0,0,13,6,2,21,0,2,21,15,4,0,1,0,5,18,18,1,12,4,21,14,5,12,1,1,4,6,0,3,4,14,8,5,5,9,4,5,1,29,23,13,14,5,4,34,2,13,6,0,2,16,11,0,5,0,0,25,0,2,4,4,8,5,4,3,4,13,2,5,6,0,16,2,3,12,1,0,2,9,5,8,1,11,2,15,11,27,12,2,1,5,3,0,29,1,10,4,7,0,6,15,6,0,0,5,8,4,5,0,3,4,0,12,10,4,1,0,0,16
0,0,0,12,1,0,0,2,17,4,1,1,4,0,0,0,18,0,25,6,2,1,1,7,0,0,4,0,2,4,14,5,0,3,3,0,10,4,1,3,0,7,10,12,11,0,1,1,18,0,1,0,19,16,2,0,1,2,1,0,9,29,24,7,6,1,2,0,8,1,0,1,16,9,0,11,0,25,0,0,0,1,0,8,1,22,0,0,5,0,15,9,0,12,0,6,7,0,0,0,0,11,2,1,13,0,12,12,3,2,0,1,2,0,0,3,0,15,0,0,0,1,7,7,0,0,16,0,7,3,0,0,12,1,8,14,6,4,0,0,16
8,6,10,0,0,11,0,0,0,0,3,19,0,0,7,0,0,2,0,0,0,6,10,0,0,8,0,0,3,0,0,0,4,0,0,0,0,0,1,0,0,0,0,0,0,0,0,0,0,3,6,0,0,0,1,0,0,0,0,8,0,0,0,0,0,4,0,6,1,0,0,4,0,0,3,0,1,0,0,0,0,0,0,0,16,0,1,0,0,3,0,0,0,0,2,0,0,0,17,1,0,0,0,2,0,0,0,0,0,0,8,0,13,0,4,0,0,0,0,1,0,0,0,0,17,6,0,0,0,0,0,2,0,0,0,0,0,18,4,7,0
0,0,2,3,0,0,2,7,7,2,0,0,1,8,0,2,0,0,15,1,7,0,0,8,18,0,4,0,0,1,7,5,0,1,2,0,8,1,0,4,3,10,10,12,2,0,1,7,8,0,0,0,3,10,0,6,1,0,2,0,1,20,6,7,1,3,23,0,6,1,0,0,2,12,1,6,0,2,0,0,0,0,8,0,0,5,0,0,0,0,5,3,0,3,0,19,0,0,0,0,0,13,14,2,2,0,3,6,4,6,0,4,2,9,0,1,1,5,0,2,0,0,11,16,0,0,2,0,15,1,1,0,17,6,27,8,2,9,0,0,8
2,1,1,4,10,1,0,2,0,8,2,0,1,1,0,9,1,2,3,0,1,0,0,7,0,3,7,0,12,5,2,0,0,5,1,2,3,7,3,5,2,2,1,0,0,9,1,0,6,0,0,5,2,0,0,0,0,1,4,5,8,2,0,1,0,2,6,0,3,4,0,6,1,3,0,0,0,4,1,0,0,0,3,2,2,0,4,4,4,0,3,0,0,4,6,0,4,1,0,5,2,1,0,6,1,1,2,4,1,0,10,0,1,0,0,25,0,0,5,5,6,2,0,0,2,5,1,8,1,0,0,4,0,1,0,0,3,7,3,0,6
1,0,2,5,4,8,2,13,4,0,1,0,4,4,0,2,13,2,4,0,1,3,3,2,1,8,16,0,2,0,3,4,5,2,0,0,5,3,1,6,4,4,2,4,3,1,4,0,17,0,2,6,1,0,0,5,6,3,0,9,0,5,6,8,1,10,6,0,11,9,0,3,0,8,1,1,0,4,0,0,8,3,0,6,2,1,13,3,6,4,2,0,0,0,4,2,3,0,0,3,5,0,1,8,2,2,2,4,6,1,3,1,12,4,5,5,5,3,2,2,6,7,2,0,0,2,3,2,4,1,0,2,0,1,0,2,6,4,2,0,8
0,1,5,17,3,2,8,4,1,10,5,0,0,11,0,14,6,4,4,0,5,2,1,6,0,6,7,0,2,0,2,2,0,6,0,1,7,0,3,6,20,1,0,1,0,1,1,0,3,0,4,5,6,1,3,3,1,9,0,4,11,6,2,10,1,2,14,2,9,7,0,1,3,5,5,1,0,8,8,0,0,2,6,0,0,0,2,9,19,6,4,6,0,10,0,2,1,2,0,8,16,0,1,1,0,3,2,7,4,0,7,0,2,0,0,10,4,0,5,0,6,0,3,1,0,2,4,8,5,0,0,3,0,0,4,3,0,5,2,0,10
13,1,21,0,1,29,0,2,0,0,29,31,4,1,13,3,0,4,1,0,0,5,11,0,0,21,0,0,3,0,1,0,13,0,0,1,1,4,13,3,10,2,0,3,0,11,0,0,0,6,21,2,0,0,5,1,0,0,3,11,0,0,2,0,1,2,0,4,0,14,0,24,0,0,9,0,8,5,1,16,0,2,2,0,0,0,8,5,4,5,1,0,1,1,0,0,0,0,10,1,3,0,0,4,0,0,5,1,0,0,15,0,27,0,19,7,11,0,3,4,8,0,0,1,24,12,0,3,0,0,0,8,0,0,0,1,2,25,9,13,4
0,1,0,1,1,0,34,8,8,2,0,2,3,1,0,1,5,0,8,3,12,0,0,6,26,0,5,0,3,5,8,10,0,2,8,0,9,10,0,1,6,18,7,7,38,0,2,4,7,0,0,1,5,6,3,14,10,0,8,0,0,41,22,10,0,3,11,1,4,0,1,0,1,11,0,18,0,4,22,0,5,0,1,0,0,0,0,2,2,2,10,0,0,17,0,9,2,2,0,2,0,4,0,4,3,3,16,6,2,44,2,8,4,5,0,5,0,11,0,0,3,6,18,4,0,0,4,3,7,16,5,4,11,9,4,28,2,0,0,0,5
1,8,23,2,19,16,0,4,0,17,5,14,14,2,3,26,4,11,1,0,1,11,21,2,0,34,10,0,10,0,0,1,17,4,0,9,1,3,23,7,7,0,0,2,0,15,7,0,1,16,3,31,0,0,8,2,2,43,1,16,4,0,1,12,1,7,3,3,5,11,4,19,0,0,13,0,0,3,0,1,0,4,13,2,8,0,0,11,4,4,0,2,8,1,9,0,9,0,3,7,40,0,0,5,0,16,0,3,8,3,10,0,20,0,6,22,4,0,6,11,7,2,3,0,12,25,1,30,0,0,0,9,1,0,0,0,6,15,4,15,14
5,3,11,2,12,3,2,0,1,1,5,1,4,0,5,3,4,11,2,0,0,3,5,3,0,13,16,0,8,1,1,1,2,2,0,3,0,3,4,3,11,4,4,2,0,6,2,0,0,1,3,9,0,0,2,0,0,23,6,13,4,2,4,2,0,3,4,1,1,12,1,13,0,3,0,0,0,4,0,0,0,4,3,9,5,2,11,0,1,3,0,0,0,4,2,0,8,0,0,9,19,0,0,3,0,1,0,5,1,0,16,0,13,1,6,3,1,1,9,16,9,3,1,0,8,5,0,7,0,0,0,9,0,0,0,0,6,7,4,0,2
1,1,8,16,5,4,4,5,5,4,5,6,5,3,0,18,12,5,5,0,7,10,1,5,3,10,6,0,5,15,10,0,1,8,0,0,14,3,3,21,40,8,7,4,11,0,6,0,18,0,10,0,12,4,6,3,13,6,5,10,3,3,7,10,1,1,7,4,19,7,1,7,4,7,0,1,0,13,5,0,0,4,6,19,4,2,4,1,0,5,2,7,0,10,0,0,26,0,0,13,17,2,2,6,3,1,2,13,3,2,13,3,9,2,0,2,6,0,22,3,9,4,2,2,23,4,7,4,2,5,2,8,0,1,5,2,15,7,7,0,16
5,1,7,1,2,9,3,1,0,1,6,9,2,0,9,12,3,5,4,0,0,4,5,1,0,5,8,0,6,0,1,0,5,2,0,1,1,3,5,2,3,1,0,4,0,1,4,0,0,2,16,1,6,0,6,1,1,4,0,6,1,2,1,1,0,2,1,7,6,5,0,4,1,2,10,0,2,2,0,3,0,0,4,6,5,2,4,3,5,0,0,0,1,1,1,2,3,22,8,3,9,1,0,2,0,4,0,2,1,0,7,0,16,0,7,11,4,0,6,2,5,2,3,0,14,4,1,1,0,0,0,6,1,0,4,0,4,16,1,8,0
0,0,3,3,0,0,1,3,15,1,0,0,0,3,0,2,7,0,20,10,3,0,0,12,5,2,6,0,1,4,6,14,0,1,45,3,10,5,0,1,1,11,8,34,5,0,0,6,8,0,0,0,9,25,1,8,7,0,3,0,6,42,9,8,4,4,27,0,2,1,0,0,18,24,0,24,0,5,15,0,5,3,2,4,1,10,0,0,2,0,0,11,0,12,0,15,4,2,0,0,3,13,10,2,6,0,8,6,14,7,1,3,0,4,0,0,3,26,3,1,1,1,6,11,0,0,23,0,6,5,25,0,4,1,7,3,0,1,0,0,5
0,0,4,7,3,0,2,1,3,1,0,1,2,4,0,5,20,0,14,8,19,0,0,5,2,1,17,0,2,5,3,4,0,3,1,1,7,11,0,0,4,8,1,23,3,1,0,2,20,0,0,1,8,4,0,4,3,1,6,2,13,12,16,1,1,2,17,1,1,0,0,1,10,1,0,0,0,6,9,0,3,0,0,6,0,0,2,0,7,0,11,0,0,12,0,4,7,1,0,0,0,6,1,5,4,1,8,3,7,6,1,0,0,21,0,0,2,30,0,0,2,0,11,0,0,0,7,5,8,0,0,2,4,2,1,15,2,2,0,0,3
3,4,8,0,0,5,0,0,0,0,1,2,0,0,2,0,0,0,0,0,0,5,4,0,0,1,0,0,0,0,0,0,3,0,0,0,0,0,3,0,0,0,0,0,0,0,0,0,0,2,4,0,0,0,7,0,0,0,0,2,0,0,0,0,0,4,0,2,0,0,0,4,0,0,6,0,0,0,0,0,0,0,0,0,1,0,8,0,0,1,0,0,0,0,8,0,0,0,2,0,0,0,0,1,0,4,0,0,0,0,8,0,6,0,7,0,2,0,0,0,0,0,0,0,3,2,0,0,0,0,0,0,0,0,0,0,0,12,12,0,0
0,0,4,11,5,1,5,8,2,6,2,0,6,5,0,4,10,2,8,1,0,0,1,2,2,1,18,0,0,10,9,3,0,5,5,4,2,1,5,4,0,5,4,25,9,1,1,1,13,0,1,4,6,1,1,4,5,3,2,8,5,16,12,7,0,3,23,4,14,1,2,1,13,12,0,4,0,16,12,0,3,4,0,10,1,17,1,4,10,1,12,12,0,0,1,5,18,0,0,1,11,3,1,1,5,1,1,9,6,5,4,2,3,2,1,9,4,6,9,5,4,9,7,2,4,1,9,4,6,7,0,10,1,1,10,4,3,3,0,0,8
7,3,0,0,8,16,0,0,0,0,2,11,1,2,5,12,0,1,0,0,0,10,5,1,0,4,1,0,6,0,0,0,7,1,0,1,0,0,5,2,2,2,0,1,0,0,4,0,0,0,9,0,0,1,3,0,0,1,0,4,0,0,0,4,0,3,0,1,1,4,0,3,0,0,7,0,1,2,0,2,0,6,4,0,0,0,9,2,0,1,0,0,8,1,0,0,5,1,6,1,20,0,0,1,0,2,0,0,2,0,10,0,18,0,15,0,3,0,3,5,5,0,1,3,15,23,0,4,0,0,0,6,0,0,0,0,8,8,2,5,3
0,0,0,0,0,0,3,2,5,2,0,0,0,11,0,0,1,0,4,1,36,0,0,3,12,1,0,0,1,0,1,14,0,3,9,0,1,3,0,1,9,14,15,11,2,0,0,9,24,0,0,0,2,19,0,9,1,0,0,0,5,35,22,1,0,0,13,0,1,0,0,0,5,17,0,9,0,3,6,0,19,0,2,2,0,9,0,0,0,2,15,4,0,5,0,0,2,0,0,0,0,4,21,2,0,0,7,3,3,13,0,16,0,6,0,1,0,9,0,1,0,1,7,13,0,0,14,0,19,30,21,0,21,14,8,5,0,0,0,0,1
0,1,3,17,14,2,12,4,1,7,1,0,3,3,0,6,2,1,30,1,1,0,6,5,0,1,7,0,2,11,8,0,2,4,0,0,14,2,5,9,6,2,1,4,1,2,16,0,2,0,2,1,7,0,2,1,1,5,0,5,13,2,1,13,5,1,4,9,5,6,4,3,0,5,0,3,0,12,7,0,0,4,3,1,0,2,9,8,26,3,4,7,0,18,5,2,0,192,0,5,12,2,0,2,6,1,8,9,4,0,0,0,6,0,9,16,3,3,12,1,2,3,2,3,6,2,7,6,1,0,2,6,5,0,0,0,6,4,2,0,3
0,0,3,32,1,0,7,0,6,1,0,0,1,0,0,1,4,7,140,0,1,0,1,1,0,0,0,2,0,0,0,0,0,0,0,0,1,1,0,12,0,6,0,7,0,0,0,0,2,0,0,0,2,3,4,0,9,0,0,0,0,1,8,6,0,0,4,16,5,0,2,0,0,2,0,0,0,1,0,0,0,1,0,2,0,2,0,0,0,22,2,1,0,0,1,0,192,0,0,0,0,2,0,0,0,0,11,6,0,0,0,0,0,0,0,25,0,10,0,0,0,6,8,0,0,0,12,0,1,0,0,3,3,0,2,1,3,3,5,0,20
9,6,12,0,8,21,0,0,0,0,11,28,0,0,4,4,0,0,0,0,0,13,8,0,0,6,0,0,8,0,0,0,7,0,0,0,0,0,3,0,0,0,0,0,0,5,0,0,0,7,2,0,0,0,5,0,0,0,0,4,0,0,1,0,0,2,0,3,1,0,0,5,0,0,8,0,2,0,0,17,0,0,0,0,10,0,3,0,0,8,0,0,2,0,6,0,0,0,0,1,0,0,0,2,0,4,0,0,0,0,15,0,26,0,15,0,2,0,4,2,3,0,1,0,33,9,0,0,0,0,0,2,0,0,0,0,0,10,2,28,0
1,1,5,1,2,10,0,1,0,3,1,2,2,0,2,22,2,2,0,0,0,3,3,0,0,8,6,0,9,0,1,0,0,1,0,0,0,0,6,5,9,0,0,1,0,4,7,0,1,1,5,5,0,0,0,0,0,2,0,6,3,1,1,7,0,3,6,3,5,3,2,5,1,2,4,0,0,2,0,1,0,5,3,8,1,2,7,9,13,3,0,0,0,1,1,0,5,0,1,0,6,0,0,1,0,2,0,2,5,0,18,0,7,1,6,9,2,1,4,1,1,1,1,0,7,2,0,7,3,0,0,1,0,0,0,0,2,4,10,1,3
4,1,13,4,5,5,4,3,1,11,24,0,3,2,0,15,7,22,1,0,0,1,8,0,8,11,3,0,8,5,4,0,14,1,0,0,0,6,13,9,22,2,1,1,0,10,5,0,5,0,30,15,1,0,0,0,8,5,4,33,2,2,6,8,0,5,4,3,15,12,1,26,1,9,2,0,0,9,0,0,0,2,5,16,3,0,40,19,17,9,3,0,0,11,20,0,12,0,0,6,0,1,0,11,1,8,3,10,1,1,11,0,31,0,12,8,11,2,9,30,3,3,0,0,2,14,0,5,1,0,0,23,1,0,2,3,14,7,7,0,11
0,0,2,3,0,0,1,0,17,0,0,0,1,1,0,0,3,0,6,18,5,0,0,16,2,0,2,0,0,1,3,10,0,1,29,0,6,6,0,0,1,3,15,18,3,0,0,22,7,0,1,0,0,37,0,1,5,0,0,0,7,29,9,3,0,0,20,0,1,0,1,0,3,16,0,23,0,5,11,0,13,1,0,0,0,4,0,0,2,1,13,6,0,3,0,4,2,2,0,0,1,0,14,0,7,0,2,5,3,8,0,34,1,3,0,0,0,21,0,0,0,0,6,9,0,1,9,0,24,22,19,0,12,7,5,1,0,0,0,0,1
0,0,0,0,0,0,0,2,11,0,0,0,0,0,0,2,4,0,2,19,7,0,0,0,8,0,6,0,0,1,2,14,0,0,14,0,1,6,0,1,0,3,6,16,0,0,0,18,8,0,0,0,1,23,0,2,3,1,0,0,2,25,1,1,0,0,4,0,0,0,0,0,10,13,1,7,0,8,2,0,14,0,1,1,0,0,0,0,2,0,10,1,0,1,0,21,0,0,0,0,0,14,0,0,1,0,7,4,2,4,0,4,0,6,0,0,0,2,0,0,0,1,5,3,0,0,6,0,1,11,15,0,11,10,10,0,4,1,0,0,3
1,8,21,0,12,5,6,3,1,5,7,1,2,0,1,7,1,11,1,0,1,4,1,10,0,17,9,0,1,0,0,0,0,3,0,2,0,6,5,2,4,0,4,0,0,3,7,0,5,2,11,2,2,0,0,2,2,12,1,6,8,1,2,9,1,5,6,0,10,11,0,11,0,1,5,0,0,1,1,2,2,6,8,1,4,4,5,3,6,2,2,5,1,1,1,2,2,0,2,1,11,0,0,0,0,1,0,5,2,0,6,0,10,2,2,12,1,0,14,9,10,2,0,0,14,1,0,12,0,0,0,2,1,0,0,2,12,6,8,0,2
0,0,6,6,0,0,6,6,7,0,0,0,4,0,0,5,2,0,15,8,0,0,1,0,11,0,9,0,1,0,31,1,0,4,9,0,5,11,2,1,6,18,11,1,3,1,3,16,4,0,0,0,11,6,0,3,5,0,14,3,8,20,21,0,0,1,9,0,5,3,3,1,8,2,0,8,0,11,13,0,2,1,2,0,0,3,0,0,3,0,6,4,0,5,0,0,6,0,0,0,1,7,1,0,0,0,5,5,1,3,1,0,2,2,0,6,1,3,0,1,0,1,5,0,0,0,5,3,22,0,0,0,0,7,4,6,0,3,0,0,14
4,5,7,3,3,0,7,1,3,3,2,4,1,2,0,4,0,9,0,0,1,8,2,1,1,10,4,0,3,0,3,0,1,0,0,2,3,2,4,1,5,1,1,0,1,1,6,0,0,1,6,15,8,0,1,0,1,2,1,11,3,0,0,11,0,2,3,0,3,15,0,3,1,0,4,0,0,2,0,0,0,1,2,3,0,3,16,1,1,4,0,1,4,1,2,0,1,0,4,2,8,0,0,1,0,0,0,0,1,0,5,0,4,0,0,2,5,0,2,9,6,1,0,0,3,2,0,8,0,0,0,2,1,0,2,2,3,3,0,1,3
0,0,2,10,6,0,5,5,9,1,0,0,3,1,0,0,7,0,16,0,4,0,1,1,2,0,3,0,6,6,8,0,0,6,7,8,8,4,3,1,5,8,13,12,4,0,2,0,8,0,0,2,3,1,3,1,4,4,4,0,15,8,16,6,1,3,8,1,16,6,0,2,1,5,0,2,0,15,12,0,3,2,2,2,5,16,0,0,2,0,8,8,0,1,0,7,8,11,0,0,3,2,7,0,5,0,0,10,2,3,3,0,2,6,1,2,0,2,5,3,0,1,2,0,0,0,3,3,6,0,0,1,3,3,1,2,1,3,0,0,10
0,0,3,21,1,5,9,11,5,3,1,0,3,1,0,6,27,0,8,3,4,0,0,0,1,2,19,1,3,12,11,2,0,12,8,3,13,14,3,13,8,8,3,2,10,1,1,2,9,0,5,1,10,3,2,11,6,1,4,1,4,9,8,14,2,1,4,4,14,3,1,7,8,2,4,2,0,11,12,0,6,4,4,7,1,6,3,5,13,2,6,3,0,9,0,3,9,6,0,2,10,5,4,5,5,0,10,0,1,14,4,2,4,0,0,17,2,5,6,4,2,9,6,0,0,1,9,8,5,1,0,1,5,3,1,5,8,2,3,0,17
0,0,3,4,0,0,0,14,2,2,0,0,2,5,0,4,12,2,6,0,8,1,0,19,4,0,5,0,7,1,3,7,0,4,3,0,9,2,4,6,13,3,4,11,8,1,3,3,4,0,1,2,3,1,1,3,2,7,0,3,11,9,1,6,4,1,12,2,12,3,2,0,3,6,0,4,0,27,3,0,4,1,6,4,0,2,8,1,3,1,14,7,0,6,2,3,4,0,0,5,1,3,2,2,1,1,2,1,0,8,0,5,6,5,0,8,4,5,2,4,2,3,4,5,0,1,5,4,1,2,0,2,9,7,1,6,7,8,0,0,11
0,0,0,3,0,0,5,3,11,1,0,0,4,4,0,0,5,0,3,1,26,0,0,0,12,0,7,0,4,0,12,6,0,1,10,0,1,13,0,1,3,6,21,11,14,0,1,11,9,0,1,0,3,8,0,18,11,0,5,1,14,18,23,7,0,2,13,1,1,2,0,4,3,14,0,0,0,12,2,0,6,0,1,0,0,44,3,0,2,0,7,6,0,5,0,13,0,0,0,0,1,8,4,0,3,0,3,14,8,0,0,5,0,20,0,7,0,6,0,1,1,0,11,17,0,0,10,0,22,7,0,2,28,0,1,11,1,0,0,0,4
11,1,12,2,10,42,5,2,0,6,18,6,3,4,2,6,0,7,1,0,0,3,4,1,0,14,3,0,10,1,5,0,3,4,0,0,2,2,6,2,6,1,1,4,3,3,2,0,1,1,13,15,7,1,5,1,2,4,1,11,0,1,0,13,0,1,4,5,4,10,1,20,1,1,11,0,4,2,0,8,0,10,3,7,15,2,10,16,13,7,1,1,8,4,10,0,0,0,15,18,11,0,0,6,1,5,3,4,0,0,0,3,36,0,13,5,12,3,5,14,16,11,0,0,58,12,1,19,0,0,0,12,0,0,0,5,9,9,3,12,2
0,0,1,1,1,0,0,0,3,0,0,0,0,4,0,0,1,0,1,20,8,0,0,10,9,0,0,0,1,0,2,7,0,1,5,0,0,4,0,0,5,0,4,4,1,0,4,20,21,0,0,0,1,13,0,3,2,1,1,0,0,18,10,2,0,0,20,0,3,0,0,0,5,12,0,6,0,1,1,0,4,0,1,0,0,8,0,0,3,0,3,0,0,2,0,16,0,0,0,0,0,34,4,0,0,0,0,2,5,5,3,0,0,2,0,3,0,9,0,0,0,0,0,2,0,0,7,0,17,8,24,3,39,29,1,1,0,0,0,0,1
4,8,13,3,13,31,0,9,0,11,23,36,6,0,19,31,5,8,0,0,2,11,11,2,1,16,10,0,15,1,3,0,12,4,0,2,1,6,19,2,18,0,3,0,2,7,7,0,4,16,15,11,0,0,4,4,0,20,7,34,2,1,1,11,2,4,3,16,6,0,2,40,1,1,11,0,2,5,2,13,2,1,12,2,27,4,20,13,9,16,0,0,6,3,18,0,6,0,26,7,31,1,0,10,2,4,2,4,6,0,36,0,0,1,8,10,7,0,20,15,5,1,1,6,22,16,1,11,0,0,0,12,0,0,0,2,7,25,7,16,9
1,0,0,6,0,0,2,8,1,1,0,0,4,6,0,2,8,0,10,4,9,1,1,22,12,1,11,0,4,0,1,6,0,0,7,0,5,6,0,2,3,11,3,9,2,0,0,13,3,0,0,0,13,1,0,5,6,0,3,2,3,16,5,4,0,2,36,1,1,2,3,0,3,5,0,1,0,3,0,0,9,0,4,0,0,5,0,1,2,0,4,21,0,2,0,6,0,0,0,1,0,3,6,2,2,0,6,0,5,20,0,2,1,0,0,5,0,5,0,0,0,6,6,5,0,0,2,1,2,1,9,1,2,1,4,13,1,2,2,0,21
14,14,32,0,3,21,1,0,0,0,10,34,0,0,6,8,0,10,0,0,0,14,18,0,0,5,0,0,3,0,0,0,16,0,0,0,0,0,13,3,0,0,0,0,0,3,1,0,0,13,17,3,0,0,4,0,0,7,0,9,0,0,0,0,0,5,1,4,0,0,0,13,0,1,3,0,3,0,0,4,0,0,5,0,19,0,6,6,0,7,0,0,7,1,15,0,9,0,15,6,12,0,0,2,0,0,1,0,0,0,13,0,8,0,0,0,4,0,4,3,0,5,1,0,36,14,0,7,0,0,0,6,0,0,0,0,2,31,4,5,8
0,1,4,11,1,0,2,7,1,6,1,0,11,12,0,5,14,6,10,2,5,0,0,36,8,3,24,2,7,3,12,1,3,6,1,5,6,4,4,9,11,11,10,7,5,9,3,1,4,0,11,21,24,1,3,7,4,12,3,8,15,15,0,26,1,5,12,1,21,12,13,10,1,18,0,1,0,29,3,0,1,25,5,10,7,5,22,3,2,11,0,0,0,9,0,1,16,25,0,9,8,0,0,12,6,2,2,17,8,7,5,3,10,5,0,0,4,1,7,10,3,12,8,2,1,14,3,17,1,2,0,7,0,2,4,3,10,5,5,0,14
2,2,6,3,0,9,2,6,2,2,6,3,7,1,4,11,1,2,2,0,1,3,1,9,1,4,3,0,2,0,1,0,1,0,0,1,1,1,5,3,5,2,5,5,1,0,0,0,0,0,2,1,3,0,2,3,0,6,4,10,0,2,0,3,2,3,5,3,7,4,0,4,2,0,2,0,0,1,0,0,1,0,5,4,11,0,4,1,6,4,3,2,2,4,3,0,3,0,2,2,11,0,0,1,1,5,0,2,4,0,12,0,7,0,4,4,0,2,9,1,1,2,3,0,4,3,0,0,2,0,0,8,1,0,0,3,0,2,4,1,2
0,0,0,0,0,0,3,7,10,0,0,0,1,4,0,1,2,0,7,5,3,0,0,2,5,0,5,0,5,4,7,14,0,0,35,0,12,3,1,0,5,1,6,16,3,0,0,10,9,0,0,2,4,36,1,5,5,0,9,0,9,37,26,3,3,0,18,1,0,0,3,0,7,22,0,12,0,10,15,0,5,0,3,0,0,11,0,1,0,0,26,30,0,6,0,9,3,10,0,1,2,21,2,0,3,0,2,5,5,6,3,9,0,5,0,1,2,0,1,1,3,0,11,8,1,0,14,0,14,5,3,0,11,6,6,7,0,0,1,0,2
0,0,6,4,4,5,0,3,2,5,13,0,4,3,1,21,0,11,2,0,0,15,5,6,0,4,1,0,3,4,4,1,7,2,0,1,7,1,8,5,14,1,0,2,0,12,6,0,2,0,8,3,0,2,2,0,1,1,3,14,3,1,3,4,0,4,1,10,4,10,2,18,0,3,2,0,0,4,0,0,0,5,2,5,3,0,6,9,22,6,3,0,0,9,3,0,12,0,4,4,9,0,0,14,0,2,5,6,2,0,5,0,20,0,4,7,9,1,0,3,11,4,2,0,5,6,2,19,0,0,0,19,0,0,0,0,8,9,9,0,2
2,2,5,7,9,2,0,0,0,4,5,1,3,1,1,10,1,9,2,0,0,6,1,2,0,10,4,0,4,3,0,0,10,2,0,2,2,3,8,4,6,2,1,0,1,8,1,1,2,1,1,0,6,2,2,0,0,22,0,13,2,0,5,1,0,7,4,0,1,7,0,10,0,2,7,1,0,7,0,1,2,5,2,0,4,0,11,16,3,2,1,0,0,5,5,1,1,0,2,1,30,0,0,9,1,9,3,4,4,1,14,0,15,0,3,10,1,1,3,0,2,5,1,0,4,1,0,15,1,0,0,1,1,0,1,0,4,6,12,1,6
0,9,4,0,12,4,2,2,0,10,7,2,0,0,0,2,0,10,0,0,0,13,0,2,3,11,5,0,1,0,4,0,8,0,0,3,2,3,9,2,5,1,0,1,0,6,1,0,3,0,6,2,9,0,0,1,1,1,0,16,6,2,1,8,0,6,7,0,5,5,6,9,0,7,2,0,0,0,0,0,0,6,6,6,8,3,7,9,9,5,1,2,0,4,5,0,2,0,3,1,3,0,0,10,0,6,0,2,2,1,16,0,5,0,0,3,1,3,11,2,0,0,1,0,2,4,1,22,0,0,0,1,0,0,1,2,8,13,7,0,6
0,4,6,8,2,1,2,13,1,2,0,0,11,1,0,2,1,2,1,1,0,0,2,2,0,1,13,0,4,5,1,0,2,5,0,2,7,2,8,12,3,4,4,5,2,1,3,0,8,0,1,1,6,1,0,1,1,6,4,11,1,2,3,4,0,2,4,3,2,8,4,9,1,14,4,1,0,6,1,0,0,2,7,0,0,6,2,3,4,2,1,0,0,9,0,1,3,6,0,1,3,0,1,2,1,1,1,9,3,0,11,0,1,6,5,12,2,0,4,5,0,0,3,0,1,8,12,2,1,0,0,7,2,0,1,2,8,4,3,0,155
0,0,3,8,0,0,4,3,5,0,0,0,0,1,0,0,4,2,10,9,10,0,0,1,0,0,2,0,3,8,11,4,0,1,13,0,27,1,2,2,11,11,24,9,6,0,1,2,2,0,0,0,15,8,1,6,12,1,5,0,11,21,32,6,5,12,11,2,4,1,0,0,11,18,0,9,0,15,7,0,11,0,2,3,0,18,3,1,2,3,6,11,0,7,1,7,2,8,1,1,0,6,5,0,5,0,2,6,4,11,0,0,1,6,1,8,3,11,2,1,1,3,0,4,0,0,12,0,7,3,6,1,6,1,29,8,2,2,0,0,7
0,0,1,0,0,0,0,2,8,0,0,0,0,3,0,0,3,0,6,0,10,0,0,12,18,0,3,0,2,0,4,21,0,1,2,0,1,3,0,3,1,0,18,4,17,0,0,3,0,0,3,0,2,10,0,3,5,0,0,0,15,7,14,0,5,0,32,0,2,1,0,0,5,38,2,40,0,6,7,0,16,0,0,1,1,4,0,0,2,0,11,0,0,2,3,13,3,0,0,0,0,9,3,0,0,0,0,0,5,17,0,2,6,5,0,2,0,8,0,0,0,0,4,0,0,0,5,0,30,13,2,0,4,5,21,0,1,1,1,0,6
10,43,5,0,3,65,0,0,0,5,13,42,0,0,25,3,4,12,0,0,0,9,14,0,0,20,6,0,6,1,0,0,23,0,0,1,1,0,14,1,9,0,0,1,0,9,0,0,0,14,11,0,2,0,7,2,2,1,1,10,0,0,0,3,0,2,0,12,7,3,2,22,0,1,15,0,2,0,0,17,0,2,0,0,24,0,12,8,23,14,0,0,3,4,15,0,6,0,33,7,2,0,0,14,0,3,0,0,0,0,58,0,22,0,36,1,4,1,5,4,2,1,0,0,0,15,2,7,0,0,0,7,0,0,0,0,13,18,17,47,5
3,3,5,0,12,13,2,0,0,4,14,9,0,1,2,10,0,7,2,0,3,3,10,0,0,26,4,0,5,0,0,0,5,2,0,7,0,0,15,3,12,0,1,1,0,8,0,0,4,0,4,2,0,0,0,0,2,5,1,11,2,3,0,4,0,7,1,3,4,8,0,19,0,2,5,0,1,0,0,6,0,5,2,2,12,0,25,5,4,4,0,0,2,1,23,0,2,0,9,2,14,1,0,1,0,2,0,1,1,0,12,0,16,0,14,14,3,0,6,1,4,8,0,0,15,0,0,12,0,0,0,6,0,0,0,1,3,6,1,11,11
0,0,1,12,5,0,3,4,9,1,0,0,3,3,0,3,7,2,7,9,12,0,0,23,5,0,3,0,0,6,15,21,0,4,13,8,13,4,0,2,5,6,7,13,3,3,0,7,16,0,0,0,4,26,5,1,7,0,4,0,0,29,18,2,0,5,10,0,5,3,1,1,2,9,0,12,0,5,16,0,2,1,3,4,0,4,1,0,7,1,23,7,0,9,0,14,7,12,0,0,0,9,6,0,5,0,3,9,5,10,1,7,1,2,0,3,0,14,2,0,1,12,12,5,2,0,0,2,15,15,17,0,11,16,24,7,1,0,0,0,9
4,14,24,4,5,26,2,10,0,1,10,0,4,8,4,15,3,14,5,0,4,4,5,1,2,16,14,1,9,4,1,0,14,4,2,4,1,9,14,2,19,4,0,0,6,14,17,0,1,0,10,17,1,0,3,2,1,36,1,15,5,1,2,15,1,5,4,6,7,10,13,25,1,11,12,0,0,8,0,0,0,8,2,8,3,3,30,7,4,1,0,5,0,4,4,0,6,0,0,7,5,0,0,12,3,8,3,8,4,0,19,0,11,1,7,17,0,0,19,15,22,2,0,0,7,12,2,0,4,0,0,17,0,0,2,3,19,7,11,0,6
0,0,0,4,0,1,1,3,13,0,0,0,3,0,0,0,8,0,5,3,2,0,0,0,2,0,1,0,4,4,6,12,0,0,11,0,6,4,0,2,1,10,12,28,0,0,0,10,34,0,0,0,2,24,0,7,9,0,7,0,4,21,36,1,0,0,4,0,1,0,2,1,9,4,0,13,0,4,7,0,15,1,4,5,0,7,0,0,2,0,6,8,0,6,0,19,1,1,0,3,1,24,1,0,22,0,6,5,1,22,0,17,0,2,0,1,2,14,0,1,0,1,7,30,0,0,15,4,0,10,19,1,27,13,2,8,1,2,0,0,10
0,0,0,3,0,0,0,1,13,0,0,0,1,0,0,1,1,0,2,14,8,0,0,14,5,1,1,0,0,2,5,19,0,1,33,0,6,3,0,1,0,3,4,18,0,0,0,19,5,0,0,0,3,43,0,1,2,0,1,0,2,53,2,1,2,0,9,0,1,1,0,0,0,27,1,6,0,5,3,0,1,0,1,0,0,16,0,0,5,0,5,0,0,7,0,30,0,0,0,0,0,22,11,0,0,0,0,1,2,7,0,8,0,1,0,2,0,5,0,0,0,0,3,13,0,0,15,0,10,0,28,0,6,6,15,0,0,0,0,0,2
0,0,1,0,0,0,0,2,7,1,0,0,0,0,0,0,1,0,7,12,7,0,0,6,4,0,0,0,0,0,0,8,0,0,8,0,0,2,0,0,0,0,2,13,0,0,0,16,0,0,0,0,1,43,0,0,1,0,0,0,0,29,4,1,0,0,0,0,0,0,0,0,2,19,0,1,0,0,0,0,1,0,0,0,0,5,0,0,2,0,25,0,0,0,0,21,2,0,0,0,0,19,15,0,0,0,0,0,0,0,0,24,0,9,0,0,0,3,0,0,0,0,6,2,0,0,17,0,19,28,0,0,6,4,10,0,2,0,0,0,1
3,2,20,6,4,8,5,5,3,7,9,10,1,2,3,15,0,20,3,0,0,10,7,1,0,7,2,0,1,1,2,0,2,0,0,8,1,3,14,1,5,1,0,1,0,11,8,1,5,0,7,13,0,0,9,1,1,23,6,20,9,6,0,9,2,7,1,21,3,7,4,3,1,2,12,0,0,3,0,2,0,4,2,3,8,4,9,9,8,6,0,2,0,10,6,0,6,3,2,1,23,0,0,2,0,2,1,1,2,2,12,3,12,1,6,7,8,0,19,1,1,7,1,0,7,6,0,17,1,0,0,0,0,0,1,1,6,11,3,5,7
0,0,6,2,0,0,1,5,19,3,0,0,1,3,0,1,6,0,9,1,14,0,1,17,18,1,1,0,2,1,0,2,0,1,9,0,2,9,0,4,5,11,5,11,5,0,1,7,17,0,0,0,3,15,0,6,10,0,0,0,17,17,13,3,0,0,13,0,1,2,1,1,5,19,0,0,0,4,12,0,17,0,0,0,0,11,1,0,0,1,4,4,0,1,0,21,5,3,0,0,1,12,11,1,0,1,3,5,9,28,0,39,0,2,0,0,1,11,0,1,0,2,6,4,0,0,11,0,27,6,6,0,0,9,2,9,1,0,0,0,8
0,0,0,2,0,0,0,0,8,0,0,0,2,2,0,0,4,0,4,21,2,0,0,5,6,0,1,0,0,1,0,16,0,0,28,0,0,4,0,0,4,8,0,0,0,0,0,11,13,0,0,0,2,56,0,3,3,2,0,0,0,33,8,3,0,0,2,0,0,0,0,0,1,12,0,0,0,0,1,0,6,1,1,0,0,9,0,0,1,0,1,2,0,1,0,14,0,0,0,0,0,7,10,0,7,0,3,3,7,0,0,29,0,1,0,2,0,6,0,0,0,0,1,5,0,0,16,0,13,6,4,0,9,0,2,1,0,0,0,0,1
0,0,2,5,0,0,0,0,14,1,0,0,0,6,0,3,7,0,12,3,14,0,0,4,8,0,0,0,0,0,9,16,0,0,14,0,10,1,1,1,0,1,19,22,14,0,0,9,9,0,4,1,3,13,1,12,3,0,1,0,12,13,16,7,0,0,11,0,1,0,0,0,11,2,1,19,0,12,8,0,27,0,0,4,0,4,0,0,5,4,7,1,0,10,0,8,0,2,0,0,2,5,10,0,4,2,1,1,1,1,0,1,0,4,0,4,0,6,0,1,1,1,29,21,0,0,24,2,2,15,10,1,2,2,0,5,0,4,0,0,1
0,0,0,4,0,0,9,5,4,2,0,0,3,1,0,4,18,1,7,2,15,0,0,5,3,0,9,0,0,0,6,5,0,7,2,0,4,7,0,4,12,16,0,4,6,1,1,3,22,0,2,1,6,1,1,15,8,3,9,0,9,11,5,6,3,0,28,2,10,2,0,0,10,8,0,2,0,10,14,0,8,0,2,3,1,28,0,0,2,0,3,15,0,4,0,5,0,1,0,0,3,1,0,2,6,2,2,5,6,11,5,1,2,13,0,3,3,7,0,0,2,2,8,0,0,1,7,3,8,0,0,1,9,1,5,0,0,0,2,0,6
0,3,6,6,5,4,2,6,0,5,3,0,8,0,2,6,4,11,1,2,2,2,0,0,2,10,9,0,3,1,2,0,6,15,0,10,11,8,14,4,6,0,2,1,0,8,2,1,0,0,17,8,1,0,1,2,0,6,0,17,4,1,2,7,17,2,1,6,4,5,4,11,0,1,7,0,0,4,6,0,2,3,6,0,2,2,6,6,15,4,0,2,0,3,8,0,6,3,0,2,14,0,4,12,0,3,1,8,7,1,9,0,7,1,2,10,0,0,8,4,8,8,2,1,13,3,1,19,1,0,2,6,1,0,0,0,0,12,5,0,5
19,4,10,2,5,28,1,6,2,4,22,128,0,7,13,18,3,15,0,0,1,33,14,5,5,10,4,0,13,1,0,2,10,3,0,6,11,3,35,8,4,0,10,0,1,2,1,0,9,29,9,1,1,0,12,2,1,7,0,17,2,1,2,4,1,4,6,7,2,5,7,11,1,4,16,0,10,1,4,18,9,7,4,5,25,0,15,7,7,16,1,2,12,3,8,0,4,3,10,4,7,0,1,6,3,3,3,2,8,0,9,0,25,2,31,5,2,0,9,6,13,4,2,1,18,6,0,7,2,0,0,11,0,0,4,0,12,0,8,15,9
5,4,17,2,1,12,0,0,0,0,4,24,0,1,4,6,4,1,0,0,0,10,6,1,2,4,0,0,1,0,3,0,4,1,0,4,0,1,6,0,4,0,0,1,1,7,1,0,0,10,4,4,0,0,4,0,0,7,0,11,2,0,0,3,0,1,1,4,6,4,1,4,0,3,5,0,1,0,0,4,0,3,2,2,9,0,4,4,7,1,0,0,12,0,2,0,2,5,2,10,7,0,0,8,0,0,0,3,0,0,3,0,7,2,4,5,4,1,9,12,7,3,0,1,17,1,0,11,0,0,0,3,0,0,0,2,5,8,0,5,2
5,13,5,0,0,27,0,0,0,0,2,3,0,0,1,0,0,2,0,0,0,3,8,0,0,3,0,0,1,0,0,0,8,0,0,0,0,0,3,0,0,0,0,0,0,1,0,0,0,2,9,0,0,0,0,0,0,0,0,2,0,0,0,0,0,0,0,1,0,0,0,10,0,0,6,0,0,0,0,7,0,0,0,0,13,0,15,0,0,8,0,0,0,0,5,0,0,0,28,1,0,0,0,0,0,1,0,0,0,0,12,0,16,0,5,0,1,0,0,1,0,0,0,0,47,11,0,0,0,0,0,5,0,0,0,0,0,15,5,0,0
1,4,3,24,9,0,4,17,10,27,3,0,8,16,1,1,28,3,17,1,2,0,4,19,12,7,12,1,6,10,21,2,0,4,3,4,20,6,8,11,15,3,7,10,2,1,0,0,11,0,2,7,10,2,2,9,5,15,7,3,22,8,3,2,6,4,18,2,21,8,26,2,11,8,1,0,0,16,16,0,8,6,8,10,4,5,14,2,16,0,5,3,0,8,3,1,3,20,0,3,11,1,3,2,14,3,10,17,11,4,2,1,9,21,8,14,2,2,2,6,6,155,7,6,5,11,9,6,10,2,1,7,8,1,1,6,5,9,2,0,0
