Ant260,Ant5,Ant52,Ant65,Ant244,Ant540,Ant2,Ant6,Ant7,Ant14,Ant15,Ant19,Ant26,Ant30,Ant38,Ant60,Ant72,Ant76,Ant99,Ant102,Ant148,Ant158,Ant161,Ant191,Ant202,Ant209,Ant227,Ant237,Ant252,Ant268,Ant278,Ant311,Ant329,Ant518,Ant604,Ant673,Ant0,Ant12,Ant20,Ant32,Ant35,Ant40,Ant43,Ant44,Ant50,Ant55,Ant62,Ant63,Ant68,Ant80,Ant91,Ant96,Ant97,Ant98,Ant100,Ant105,Ant109,Ant112,Ant114,Ant126,Ant137,Ant140,Ant142,Ant144,Ant147,Ant169,Ant170,Ant172,Ant174,Ant176,Ant178,Ant195,Ant206,Ant207,Ant210,Ant212,Ant215,Ant217,Ant219,Ant220,Ant232,Ant243,Ant256,Ant257,Ant262,Ant264,Ant265,Ant289,Ant294,Ant296,Ant298,Ant299,Ant301,Ant305,Ant313,Ant318,Ant324,Ant332,Ant342,Ant356,Ant394,Ant395,Ant398,Ant400,Ant433,Ant437,Ant458,Ant476,Ant492,Ant502,Ant507,Ant509,Ant527,Ant552,Ant556,Ant560,Ant564,Ant575,Ant580,Ant592,Ant593,Ant599,Ant607,Ant610,Ant621,Ant632,Ant635,Ant638,Ant647,Ant650,Ant665
0,9,10,0,4,0,4,4,3,1,10,6,19,4,12,14,1,10,12,21,20,1,24,27,0,9,8,12,1,0,5,5,1,10,3,9,42,0,1,7,2,3,2,21,9,4,1,11,2,13,0,1,6,10,4,10,4,11,8,3,5,4,2,8,23,20,6,4,14,1,0,18,4,13,9,1,0,0,8,4,4,1,3,1,5,1,0,3,0,9,4,7,10,5,9,7,10,30,8,1,11,1,3,1,3,4,3,23,18,1,0,8,3,12,17,16,0,10,4,1,9,7,1,3,13,0,8,1,4,47,4
9,0,13,0,9,0,1,5,6,2,6,7,4,15,8,5,2,22,2,21,13,1,1,14,0,8,24,10,0,1,1,8,4,1,0,12,8,0,0,12,5,6,3,25,0,2,1,5,0,2,0,22,11,6,2,3,0,7,10,0,0,0,1,15,4,29,10,0,16,0,1,5,9,9,5,0,0,0,11,2,4,0,0,3,1,0,0,0,0,0,0,0,4,0,10,3,5,3,27,18,7,5,3,6,3,10,1,22,12,0,0,17,1,8,5,3,1,0,1,9,2,14,0,2,12,0,4,0,3,1,2
10,13,0,0,1,0,1,1,0,0,6,0,1,2,0,2,0,1,0,15,1,1,1,2,0,8,3,0,0,1,0,1,1,0,0,0,4,0,1,0,0,0,0,16,2,1,0,3,0,1,0,2,3,7,0,2,0,0,2,0,1,0,0,4,4,0,9,0,4,0,0,0,13,0,1,0,0,0,0,1,2,0,0,3,0,0,0,0,0,0,5,2,15,1,1,8,1,3,1,9,0,0,0,7,0,1,0,10,1,0,0,2,1,12,5,2,0,0,1,4,0,3,0,7,3,0,3,1,0,1,3
0,0,0,0,1,0,0,1,8,11,0,1,0,0,0,0,0,1,0,0,0,20,1,34,0,0,0,1,41,0,2,5,7,8,18,1,0,0,0,1,0,1,1,0,0,0,0,2,0,1,0,0,0,1,1,0,9,4,1,9,0,0,1,0,0,1,0,0,1,4,0,2,0,1,4,5,0,15,0,1,5,3,8,0,4,0,8,17,0,0,0,0,0,2,7,0,2,0,1,0,1,5,0,0,6,0,3,0,1,0,3,1,1,0,0,0,0,19,0,0,3,0,0,0,3,2,2,0,0,0,0
4,9,1,1,0,0,6,11,3,2,22,11,2,8,4,9,0,8,9,2,0,0,8,17,1,4,15,5,2,0,2,9,1,9,2,6,32,0,1,1,3,0,2,12,2,1,2,6,1,17,0,0,1,18,4,24,4,1,7,0,1,6,4,4,2,2,2,0,19,0,8,15,5,6,7,2,0,0,27,0,1,0,0,2,0,1,2,2,0,0,3,0,11,1,6,0,1,0,0,2,10,2,1,2,16,1,3,1,28,0,0,6,0,6,7,5,0,2,0,6,7,3,5,2,3,0,10,0,1,28,8
0,0,0,0,0,0,0,0,0,50,0,0,0,0,0,0,0,0,0,0,0,0,0,0,38,0,0,0,0,0,0,0,0,0,0,0,0,108,17,0,0,2,11,0,0,2,0,0,9,0,0,0,0,0,15,0,0,0,0,0,0,0,0,0,0,0,0,0,0,6,17,0,0,0,0,1,46,30,0,3,0,5,0,0,0,10,0,0,95,0,0,0,0,0,0,0,0,0,0,0,0,0,0,0,0,0,21,0,0,6,4,0,0,0,0,0,0,0,0,0,0,0,0,0,0,16,0,14,0,0,0
4,1,1,0,6,0,0,5,2,1,8,3,0,5,8,5,7,8,30,3,2,8,1,37,0,4,2,5,9,0,1,9,7,10,4,11,22,0,0,9,0,16,2,11,9,2,1,8,1,5,0,3,0,5,2,2,2,17,2,10,8,3,1,1,15,11,9,7,10,5,4,10,5,2,20,0,0,0,7,5,11,0,7,0,4,1,0,2,0,1,7,1,0,1,45,5,11,4,4,0,21,6,2,2,8,18,1,3,6,5,1,7,4,5,9,4,2,7,12,8,10,0,4,0,12,2,6,0,0,35,3
4,5,1,1,11,0,5,0,1,10,0,11,0,3,11,11,0,7,12,4,0,7,3,16,0,6,5,1,1,1,9,4,3,2,5,15,3,0,11,6,3,7,1,5,22,0,1,1,6,4,0,0,0,2,2,1,1,12,0,9,1,5,9,1,1,6,15,0,14,1,0,1,3,6,11,1,0,0,11,7,18,0,0,3,3,3,0,9,0,2,18,3,6,3,12,4,2,8,3,0,10,7,10,4,2,5,5,0,5,0,1,4,1,6,0,3,11,2,17,1,12,0,5,0,1,0,3,4,0,3,0
3,6,0,8,3,0,2,1,0,1,2,8,0,4,4,0,5,6,1,0,0,11,8,20,0,0,10,0,9,0,8,7,16,9,5,6,3,0,12,10,5,12,6,2,1,3,1,0,1,5,0,2,0,0,5,1,1,18,1,19,2,15,5,2,0,7,2,0,2,2,6,19,4,1,0,2,0,1,3,0,4,2,14,2,4,4,3,3,0,10,21,0,8,2,2,0,3,2,8,0,11,6,4,0,0,3,4,0,4,1,1,1,0,2,1,1,14,3,5,0,3,5,5,1,1,2,5,2,1,4,9
1,2,0,11,2,50,1,10,1,0,0,3,1,2,5,2,8,0,2,1,0,4,1,2,15,1,6,4,1,1,3,0,27,1,4,0,0,35,27,3,10,5,8,7,0,28,0,1,17,2,0,0,2,0,22,1,12,3,0,7,0,5,10,4,1,8,6,9,2,19,13,7,1,8,2,1,24,1,1,27,21,28,9,2,6,13,8,15,50,0,1,0,0,6,0,3,2,1,0,1,7,2,30,0,10,0,16,0,1,2,5,10,1,2,0,4,10,2,5,0,5,4,10,1,19,11,2,39,0,0,1
10,6,6,0,22,0,8,0,2,0,0,1,9,4,2,15,1,1,4,31,0,0,1,19,0,3,8,4,1,0,2,2,4,3,0,1,10,0,1,0,1,1,0,13,2,2,2,3,1,6,1,5,3,12,1,4,2,4,3,1,0,0,1,7,8,6,9,0,23,1,0,3,24,1,22,0,0,0,5,2,6,0,1,2,5,0,0,1,0,2,11,1,15,0,6,1,0,26,4,1,2,0,0,0,4,6,0,10,9,0,1,3,1,3,5,6,0,4,1,3,2,12,0,0,1,0,2,0,0,11,2
6,7,0,1,11,0,3,11,8,3,1,0,0,0,11,0,3,1,5,0,0,15,2,18,0,0,13,0,5,2,2,9,3,9,11,1,0,0,12,7,0,9,8,3,3,5,1,2,7,18,0,1,0,3,2,0,0,10,2,22,3,9,4,3,1,2,1,18,4,2,11,21,0,1,8,5,0,3,5,12,2,2,15,7,1,5,3,13,0,9,0,0,1,2,3,0,3,0,3,1,7,3,10,1,15,0,7,1,2,0,8,3,0,2,8,0,4,4,28,0,17,5,18,1,0,0,9,0,0,2,2
19,4,1,0,2,0,0,0,0,1,9,0,0,0,0,16,0,8,2,5,2,1,0,5,0,5,0,0,6,0,0,0,1,0,0,0,0,0,3,5,0,0,0,6,2,2,0,7,2,0,0,6,2,6,1,6,13,2,6,0,4,0,0,2,4,0,2,0,10,0,2,1,22,0,0,0,0,0,1,6,5,1,0,0,0,0,0,1,0,2,13,0,2,0,0,0,0,5,19,0,0,0,0,0,0,0,0,12,1,1,3,11,0,16,8,1,0,0,2,0,1,3,0,0,3,0,4,0,1,2,0
4,15,2,0,8,0,5,3,4,2,4,0,0,0,11,12,0,6,3,2,7,1,0,12,0,1,11,4,0,0,3,7,2,0,0,5,12,0,0,2,2,13,0,18,4,4,3,2,1,3,1,4,6,22,1,1,5,1,7,2,3,6,0,4,6,3,20,0,7,1,14,6,3,2,10,0,0,2,4,3,5,0,0,1,1,3,3,3,0,4,5,0,22,4,4,19,0,4,4,9,8,7,3,11,2,5,7,9,6,1,1,8,2,5,7,5,9,1,2,1,6,4,3,3,1,0,19,0,1,16,3
12,8,0,0,4,0,8,11,4,5,2,11,0,11,0,13,4,6,4,16,5,2,11,40,0,15,1,2,0,0,0,18,9,1,0,1,15,0,0,9,3,4,0,13,32,3,0,12,1,10,0,0,2,3,2,17,10,5,12,20,10,29,9,1,19,8,3,0,11,3,0,0,12,6,18,0,0,0,4,0,3,1,8,3,0,5,0,13,0,4,10,0,9,2,9,0,7,0,0,0,29,4,1,1,2,7,1,6,9,1,2,25,1,24,4,8,14,7,8,4,14,0,3,0,9,0,10,3,1,29,7
14,5,2,0,9,0,5,11,0,2,15,0,16,12,13,0,0,17,10,36,5,0,1,2,0,23,0,1,3,0,1,6,1,1,0,8,49,0,0,6,0,0,1,12,15,2,1,5,0,2,0,4,2,25,0,22,1,3,15,1,3,0,1,4,4,3,4,0,8,0,0,4,1,4,3,0,0,0,2,0,5,0,0,6,0,1,0,3,0,3,16,2,29,0,3,0,1,13,2,0,2,0,2,8,5,4,2,4,14,1,4,32,3,21,9,22,0,2,5,36,3,0,0,0,0,0,7,0,29,28,0
1,2,0,0,0,0,7,0,5,8,1,3,0,0,4,0,0,1,2,1,0,1,0,1,25,0,8,3,2,16,10,11,19,18,2,9,1,2,18,1,17,4,47,9,4,5,0,0,19,5,0,0,2,0,12,0,20,6,0,11,2,3,2,0,2,1,2,11,0,11,8,0,1,7,0,6,0,12,0,34,11,2,23,6,0,6,1,10,1,6,2,0,0,5,6,0,1,0,1,0,5,4,24,1,0,2,13,1,1,0,30,6,8,2,0,2,17,2,7,0,3,15,16,0,15,3,0,11,1,5,0
10,22,1,1,8,0,8,7,6,0,1,1,8,6,6,17,1,0,15,2,3,7,11,12,0,12,1,10,10,0,3,4,4,5,1,28,83,0,0,13,0,0,0,11,12,1,2,6,1,16,0,0,1,4,0,12,4,3,13,1,1,2,13,12,22,9,4,0,9,1,0,5,6,17,16,0,0,0,2,0,11,0,1,6,3,0,2,0,0,8,0,1,7,0,6,3,4,14,3,0,20,3,0,4,4,11,1,6,11,0,0,20,0,10,3,5,1,14,5,22,10,0,0,0,15,0,3,0,0,37,5
12,2,0,0,9,0,30,12,1,2,4,5,2,3,4,10,2,15,0,3,0,6,16,30,0,7,2,2,3,0,0,10,1,2,1,5,26,0,0,3,0,0,1,12,11,2,0,10,0,7,0,0,1,3,0,1,0,18,9,5,0,0,9,1,5,8,2,0,23,1,0,21,5,8,23,3,0,0,2,0,4,1,3,0,7,0,0,4,0,3,0,4,6,0,16,0,6,8,3,0,7,0,0,16,6,4,0,1,5,0,0,17,2,8,1,2,2,10,9,1,19,0,9,0,2,0,5,1,0,23,1
21,21,15,0,2,0,3,4,0,1,31,0,5,2,16,36,1,2,3,0,23,0,2,6,0,19,1,0,0,0,2,1,8,0,0,2,31,0,0,9,0,3,0,4,7,4,3,1,0,5,0,4,2,21,0,12,0,1,17,1,2,9,1,3,18,6,4,0,16,0,0,0,17,0,3,0,0,0,0,1,10,2,0,0,0,1,0,1,0,0,12,0,21,1,0,0,0,9,20,0,0,0,0,4,0,0,0,12,4,1,0,10,0,17,20,13,1,0,4,0,0,0,0,1,9,0,4,0,1,16,4
20,13,1,0,0,0,2,0,0,0,0,0,2,7,5,5,0,3,0,23,0,5,6,11,0,5,1,8,0,0,0,1,2,0,0,8,6,0,1,0,0,1,0,7,12,3,0,2,1,0,0,3,0,11,0,5,0,0,3,0,5,1,2,3,8,4,2,0,4,0,1,3,6,2,2,1,0,0,1,0,0,1,0,2,0,1,0,0,0,0,2,0,7,0,6,1,1,7,2,0,1,0,0,1,0,0,1,9,9,0,0,8,0,28,4,6,2,0,1,7,6,0,1,0,1,0,6,0,2,23,4
1,1,1,20,0,0,8,7,11,4,0,15,1,1,2,0,1,7,6,0,5,0,8,27,0,4,0,8,29,1,6,7,4,16,5,24,1,0,0,5,0,1,0,7,3,2,0,5,0,8,0,0,0,1,0,3,1,11,5,19,0,15,0,0,1,9,1,0,2,0,1,16,0,15,20,1,0,2,2,3,2,0,17,0,12,0,1,2,0,5,0,1,0,1,12,1,1,1,2,0,34,1,0,1,6,17,2,0,5,1,2,6,5,7,0,1,7,18,0,3,12,0,1,0,8,1,1,0,0,9,2
24,1,1,1,8,0,1,3,8,1,1,2,0,0,11,1,0,11,16,2,6,8,0,29,0,2,0,18,2,0,10,6,0,2,3,18,8,0,0,0,0,2,2,9,10,4,0,15,3,1,0,0,0,0,0,4,0,3,8,1,0,0,3,8,0,18,10,0,7,1,1,3,3,3,25,0,0,0,1,0,1,2,1,0,12,0,0,2,0,0,0,0,0,0,5,0,1,9,3,0,19,2,0,1,6,13,1,1,6,1,0,16,0,1,0,7,6,6,6,1,13,0,4,0,1,0,2,0,0,8,1
27,14,2,34,17,0,37,16,20,2,19,18,5,12,40,2,1,12,30,6,11,27,29,0,0,12,16,50,21,9,9,44,14,22,22,17,47,0,2,14,24,10,7,24,14,29,2,16,7,20,5,12,6,12,3,21,20,17,7,28,2,49,15,48,13,24,16,8,43,19,48,43,5,34,35,19,0,19,21,22,38,7,19,16,23,17,21,20,0,13,10,3,6,14,36,13,23,4,10,1,53,24,6,10,24,40,7,8,20,4,4,12,13,23,2,21,15,16,10,15,38,12,20,6,32,4,26,8,3,74,6
0,0,0,0,1,38,0,0,0,15,0,0,0,0,0,0,25,0,0,0,0,0,0,0,0,0,0,0,0,2,0,0,22,1,0,0,0,4,2,0,17,0,3,0,0,9,0,0,1,0,0,0,0,0,11,0,0,0,0,2,0,0,0,0,0,0,1,0,0,8,8,2,0,0,0,0,3,8,0,9,0,9,0,0,0,3,0,0,2,0,0,0,0,0,0,0,0,0,0,0,0,0,2,0,0,0,6,0,0,4,13,0,0,0,0,0,1,0,0,0,0,0,2,0,0,9,0,2,0,0,0
9,8,8,0,4,0,4,6,0,1,3,0,5,1,15,23,0,12,7,19,5,4,2,12,0,0,1,1,0,2,0,5,3,3,1,14,24,0,1,8,1,0,0,43,13,1,0,7,0,6,0,4,0,14,0,28,0,4,0,1,6,7,3,2,16,7,11,2,19,1,0,3,6,3,6,0,0,0,6,0,3,1,3,1,0,0,0,2,0,4,14,0,34,1,6,2,3,16,1,0,11,2,1,1,0,2,3,18,15,0,1,10,0,25,8,21,0,6,4,114,1,0,1,0,3,0,11,0,1,24,0
8,24,3,0,15,0,2,5,10,6,8,13,0,11,1,0,8,1,2,1,1,0,0,16,0,1,0,13,0,10,0,5,9,2,2,0,1,0,9,9,3,2,3,0,10,12,2,0,5,0,0,10,7,2,11,1,6,0,4,10,0,16,1,6,7,3,9,12,0,3,41,2,13,4,6,4,0,1,11,17,6,12,3,4,2,6,0,14,0,3,9,0,2,0,4,7,8,0,9,4,6,5,16,4,16,2,3,3,1,19,4,3,3,0,2,6,4,2,3,0,1,53,4,19,6,2,0,6,0,8,10
12,10,0,1,5,0,5,1,0,4,4,0,0,4,2,1,3,10,2,0,8,8,18,50,0,1,13,0,3,0,4,17,1,2,4,15,4,0,0,11,4,14,0,23,2,4,0,5,0,3,0,1,3,2,0,14,6,6,9,8,1,4,0,12,0,1,4,0,2,5,30,21,10,13,15,3,0,1,9,0,14,1,1,1,0,2,1,3,0,14,0,0,4,0,8,4,21,0,16,0,14,7,6,4,0,1,3,1,13,2,1,16,6,9,0,5,1,3,14,8,5,6,0,0,11,0,15,0,1,22,0
1,0,0,41,2,0,9,1,9,1,1,5,6,0,0,3,2,10,3,0,0,29,2,21,0,0,0,3,0,0,4,2,1,66,16,10,0,0,0,1,1,2,1,1,1,6,0,1,1,0,0,0,0,0,1,0,12,1,7,3,0,1,2,25,0,4,3,0,2,2,1,5,2,25,18,5,0,1,0,1,0,0,10,0,13,0,11,7,0,6,2,0,0,2,1,1,7,0,1,0,8,29,0,0,5,8,1,1,3,0,1,6,8,0,0,0,2,55,3,0,35,0,1,0,12,0,0,0,0,0,0
0,1,1,0,0,0,0,1,0,1,0,2,0,0,0,0,16,0,0,0,0,1,0,9,2,2,10,0,0,0,1,11,12,6,1,0,0,4,11,0,24,5,34,0,0,0,0,0,16,0,2,0,6,0,34,0,7,0,0,20,0,0,0,0,0,0,12,25,0,19,30,0,0,8,0,15,1,30,1,21,17,14,25,0,0,7,0,41,3,9,0,3,0,3,0,0,0,0,0,1,0,2,28,1,0,0,30,0,0,3,58,0,8,1,0,0,23,0,0,0,0,21,38,0,8,6,0,14,0,1,0
5,1,0,2,2,0,1,9,8,3,2,2,0,3,0,1,10,3,0,2,0,6,10,9,0,0,0,4,4,1,0,1,5,5,1,1,1,0,0,4,7,5,1,5,2,3,1,3,1,4,0,1,0,1,2,0,3,10,0,13,0,6,0,2,1,9,0,1,0,3,2,6,1,4,16,1,0,0,0,3,3,2,0,3,1,2,7,2,0,2,1,0,0,1,3,0,4,1,1,0,1,1,1,2,7,7,6,0,1,0,1,4,0,0,0,2,7,11,7,0,9,0,4,0,7,3,0,6,0,7,0
5,8,1,5,9,0,9,4,7,0,2,9,0,7,18,6,11,4,10,1,1,7,6,44,0,5,5,17,2,11,1,0,5,7,10,2,11,0,4,2,16,12,12,5,6,20,1,3,2,14,5,3,5,13,3,6,11,14,1,18,3,24,10,11,9,7,7,11,12,4,20,14,4,7,8,9,0,2,12,6,23,1,20,8,3,5,5,14,0,7,17,1,1,6,5,3,8,2,5,2,20,11,11,1,6,17,8,3,4,1,6,18,19,7,0,12,3,7,0,6,7,11,6,7,16,1,9,3,23,11,5
1,4,1,7,1,0,7,3,16,27,4,3,1,2,9,1,19,4,1,8,2,4,0,14,22,3,9,1,1,12,5,5,0,5,9,1,0,5,19,7,36,17,25,7,0,17,0,0,6,3,0,2,5,1,29,0,12,4,2,28,3,6,12,2,3,8,10,3,0,21,7,12,2,6,3,9,2,23,10,13,28,7,11,1,3,7,23,11,0,13,7,2,2,6,1,2,3,2,1,2,0,5,37,2,5,2,14,2,3,4,27,8,8,2,3,3,21,1,16,1,8,11,15,0,29,10,0,18,1,4,0
10,1,0,8,9,0,10,2,9,1,3,9,0,0,1,1,18,5,2,0,0,16,2,22,1,3,2,2,66,6,5,7,5,0,11,15,4,0,0,5,1,10,11,3,2,4,3,2,9,5,4,1,1,2,3,3,5,7,5,18,2,5,1,9,1,12,1,12,5,1,9,2,0,18,5,5,0,5,1,3,8,1,17,1,3,1,4,6,0,3,0,0,3,12,20,4,9,2,0,0,41,5,6,0,5,3,6,0,3,0,6,3,2,0,1,1,7,17,4,2,60,2,7,3,9,0,0,2,0,4,0
3,0,0,18,2,0,4,5,5,4,0,11,0,0,0,0,2,1,1,0,0,5,3,22,0,1,2,4,16,1,1,10,9,11,0,6,0,0,2,2,5,6,0,10,0,19,0,1,4,3,0,0,0,2,3,0,16,7,0,22,0,6,3,3,0,5,4,0,3,15,6,21,0,4,4,2,0,5,2,15,20,1,39,0,16,2,0,10,0,8,4,2,0,0,7,1,6,2,0,0,3,9,14,2,2,9,4,0,1,2,2,5,5,1,0,0,16,12,8,0,10,0,20,0,32,3,1,3,0,1,1
9,12,0,1,6,0,11,15,6,0,1,1,0,5,1,8,9,28,5,2,8,24,18,17,0,14,0,15,10,0,1,2,1,15,6,0,6,0,0,9,1,9,1,14,1,0,0,7,0,12,0,0,0,9,0,13,3,7,8,8,1,1,5,10,17,6,2,0,4,0,0,11,3,23,24,0,0,1,5,1,15,0,2,0,6,0,1,1,0,3,1,5,1,0,31,4,4,16,6,0,42,10,0,2,1,13,4,0,12,0,0,1,1,23,10,3,0,13,1,12,15,0,2,0,15,0,4,0,3,25,0
42,8,4,0,32,0,22,3,3,0,10,0,0,12,15,49,1,83,26,31,6,1,8,47,0,24,1,4,0,0,1,11,0,4,0,6,0,0,0,8,0,0,0,50,50,1,3,19,0,15,0,1,6,39,2,54,0,5,25,8,14,7,3,19,29,16,0,0,14,2,0,4,11,5,35,0,0,0,0,0,3,0,0,0,3,0,0,0,0,0,7,1,32,2,20,0,0,17,6,0,5,0,0,16,3,2,3,21,15,0,2,43,6,33,12,45,3,1,11,93,9,0,1,0,12,0,31,0,25,94,5
0,0,0,0,0,108,0,0,0,35,0,0,0,0,0,0,2,0,0,0,0,0,0,0,4,0,0,0,0,4,0,0,5,0,0,0,0,0,2,0,0,0,6,0,0,0,0,0,20,0,0,0,0,0,57,0,0,0,0,0,0,0,0,0,0,0,0,0,0,0,33,0,0,0,0,1,101,45,0,5,0,80,0,0,0,5,0,0,89,0,0,0,0,0,0,0,0,0,0,0,0,0,0,0,0,0,7,0,0,5,2,0,0,0,0,0,0,0,0,0,0,0,0,0,0,21,0,20,0,0,0
1,0,1,0,1,17,0,11,12,27,1,12,3,0,0,0,18,0,0,0,1,0,0,2,2,1,9,0,0,11,0,4,19,0,2,0,0,2,0,0,7,9,15,3,0,8,0,0,15,0,0,1,1,0,29,0,5,2,0,11,1,1,2,0,0,8,4,26,0,3,7,0,0,3,2,9,18,4,3,16,7,11,1,11,0,19,0,9,3,6,9,0,0,3,0,4,1,0,2,0,0,0,4,0,5,0,41,0,0,11,10,2,0,1,0,0,1,0,4,0,2,14,2,1,4,6,0,2,0,1,0
7,12,0,1,1,0,9,6,10,3,0,7,5,2,9,6,1,13,3,9,0,5,0,14,0,8,9,11,1,0,4,2,7,5,2,9,8,0,0,0,6,3,1,5,1,0,5,0,2,18,0,20,6,0,4,9,12,11,12,14,12,5,3,3,12,16,10,0,1,1,12,10,2,6,13,2,0,3,4,4,14,0,12,15,0,2,0,6,0,5,8,0,26,2,8,4,6,6,11,11,7,11,1,0,6,4,5,0,5,3,0,34,11,9,12,4,8,11,6,2,12,17,4,0,5,0,2,3,2,26,2
2,5,0,0,3,0,0,3,5,10,1,0,0,2,3,0,17,0,0,0,0,0,0,24,17,1,3,4,1,24,7,16,36,1,5,1,0,0,7,6,0,10,12,3,1,2,0,0,7,1,5,1,3,1,10,0,8,4,1,15,1,15,1,0,0,3,18,10,0,6,6,13,1,3,3,8,0,0,3,18,19,4,8,2,0,9,9,13,0,3,7,0,0,0,2,7,3,5,11,0,0,10,18,4,6,0,9,0,1,2,13,0,16,0,0,0,40,5,2,0,6,5,15,1,11,4,1,9,0,0,2
3,6,0,1,0,2,16,7,12,5,1,9,0,13,4,0,4,0,0,3,1,1,2,10,0,0,2,14,2,5,5,12,17,10,6,9,0,0,9,3,10,0,6,0,4,9,0,3,2,12,0,0,1,0,9,0,6,13,0,17,11,2,0,2,1,11,7,8,0,0,9,9,2,1,5,8,0,6,0,7,32,3,27,0,1,8,1,18,5,1,5,0,3,8,12,2,2,0,3,0,2,10,4,4,2,5,13,0,6,2,0,7,4,2,0,0,14,5,6,0,4,2,22,0,8,5,4,7,0,3,0
2,3,0,1,2,11,2,1,6,8,0,8,0,0,0,1,47,0,1,0,0,0,2,7,3,0,3,0,1,34,1,12,25,11,0,1,0,6,15,1,12,6,0,0,0,5,0,0,34,1,4,1,4,0,17,1,9,1,0,20,1,6,2,1,0,1,0,22,1,5,38,1,0,4,4,3,4,16,1,14,9,9,5,0,0,9,1,8,1,6,5,0,0,12,1,2,0,0,2,1,2,0,19,0,4,1,3,1,0,0,22,0,9,0,0,1,14,1,5,0,0,10,29,3,5,5,0,22,0,0,1
21,25,16,0,12,0,11,5,2,7,13,3,6,18,13,12,9,11,12,4,7,7,9,24,0,43,0,23,1,0,5,5,7,3,10,14,50,0,3,5,3,0,0,0,9,4,8,14,1,4,0,10,13,16,1,22,1,10,11,1,11,1,25,13,32,14,22,4,22,1,1,9,20,4,2,3,0,0,5,3,4,0,1,8,3,2,2,3,0,8,28,1,20,3,2,28,5,6,5,0,24,0,0,32,2,8,0,26,6,3,1,9,2,19,1,14,3,3,1,54,7,7,0,5,22,1,14,5,3,53,7
9,0,2,0,2,0,9,22,1,0,2,3,2,4,32,15,4,12,11,7,12,3,10,14,0,13,10,2,1,0,2,6,0,2,0,1,50,0,0,1,1,4,0,9,0,0,3,3,0,3,0,0,0,7,0,23,1,4,10,1,2,5,1,2,13,5,4,0,21,1,1,8,9,2,14,2,0,0,0,0,8,1,3,5,0,0,1,0,0,2,8,0,24,0,5,0,6,7,7,0,0,3,2,4,5,3,0,13,9,0,2,11,1,23,3,19,0,3,6,13,17,0,0,0,0,0,1,0,18,38,6
4,2,1,0,1,2,2,0,3,28,2,5,2,4,3,2,5,1,2,4,3,2,4,29,9,1,12,4,6,0,3,20,17,4,19,0,1,0,8,0,2,9,5,4,0,0,0,0,6,2,0,8,0,1,2,1,13,1,1,21,1,15,2,3,0,4,7,1,0,6,30,19,0,2,5,4,10,3,3,10,20,4,16,5,1,8,1,19,5,7,4,3,0,5,10,1,1,0,3,0,11,5,6,0,1,1,6,1,1,10,6,10,5,0,0,2,11,1,9,0,9,7,3,0,13,3,7,9,0,5,1
1,1,0,0,2,0,1,1,1,0,2,1,0,3,0,1,0,2,0,3,0,0,0,2,0,0,2,0,0,0,1,1,0,3,0,0,3,0,0,5,0,0,0,8,3,0,0,2,0,0,0,0,5,1,0,4,0,0,0,1,9,0,1,0,7,1,0,0,0,0,0,0,18,0,0,0,0,0,6,0,0,1,0,2,0,0,0,0,0,0,4,4,2,0,0,0,1,10,1,0,3,0,0,21,0,1,0,3,1,0,0,1,0,5,13,0,0,0,0,1,2,0,0,6,0,0,0,0,0,0,41
11,5,3,2,6,0,8,1,0,1,3,2,7,2,12,5,0,6,10,1,2,5,15,16,0,7,0,5,1,0,3,3,0,2,1,7,19,0,0,0,0,3,0,14,3,0,2,0,1,5,0,0,0,3,0,1,7,16,2,0,0,0,0,5,14,14,6,0,4,0,1,1,0,3,18,1,0,0,2,0,2,0,0,0,0,0,0,0,0,0,3,6,10,0,7,1,3,13,2,0,9,0,0,0,6,4,0,4,8,0,0,5,1,4,4,3,0,4,5,19,15,0,0,0,7,0,3,0,0,19,1
2,0,0,0,1,9,1,6,1,17,1,7,2,1,1,0,19,1,0,0,1,0,3,7,1,0,5,0,1,16,1,2,6,9,4,0,0,20,15,2,7,2,34,1,0,6,0,1,0,1,1,4,2,0,14,0,22,2,0,25,0,8,9,5,0,3,4,42,0,4,60,3,0,7,1,3,16,6,0,11,27,12,10,1,0,15,5,29,25,2,3,0,0,23,0,10,0,0,0,0,0,1,38,1,4,1,18,1,0,1,12,2,10,2,0,4,28,6,14,0,0,35,24,1,29,8,0,23,0,2,3
13,2,1,1,17,0,5,4,5,2,6,18,0,3,10,2,5,16,7,5,0,8,1,20,0,6,0,3,0,0,4,14,3,5,3,12,15,0,0,18,1,12,1,4,3,2,0,5,1,0,0,1,0,8,3,4,0,9,7,7,0,0,2,5,7,11,7,1,1,0,0,6,2,16,3,0,0,0,2,1,8,5,4,0,6,0,6,3,0,1,4,1,19,3,13,0,10,15,3,3,25,5,0,5,11,0,4,7,8,2,2,17,2,27,1,7,2,4,11,6,28,2,7,0,4,0,5,1,1,17,0
0,0,0,0,0,0,0,0,0,0,1,0,0,1,0,0,0,0,0,0,0,0,0,5,0,0,0,0,0,2,0,5,0,4,0,0,0,0,0,0,5,0,4,0,0,0,0,0,1,0,0,1,0,0,1,0,0,0,0,7,0,0,0,0,0,0,0,5,0,0,0,0,0,5,0,0,0,0,0,0,8,1,1,0,0,0,0,11,0,0,3,0,0,1,0,0,0,0,3,0,0,2,9,0,0,0,4,0,0,0,7,1,0,0,0,0,6,0,0,0,0,0,0,0,0,0,0,0,0,0,0
1,22,2,0,0,0,3,0,2,0,5,1,6,4,0,4,0,0,0,4,3,0,0,12,0,4,10,1,0,0,1,3,2,1,0,0,1,0,1,20,1,0,1,10,0,8,0,0,4,1,1,0,12,7,0,4,3,2,1,6,8,0,0,2,1,4,12,5,0,0,7,0,8,5,0,0,0,0,2,2,6,0,0,10,0,5,0,1,0,0,1,0,0,1,1,11,0,13,4,16,0,7,3,3,0,0,3,2,1,0,0,1,0,0,0,1,0,0,4,0,0,27,1,4,2,0,21,2,0,0,1
6,11,3,0,1,0,0,0,0,2,3,0,2,6,2,2,2,1,1,2,0,0,0,6,0,0,7,3,0,6,0,5,5,1,0,0,6,0,1,6,3,1,4,13,0,0,5,0,2,0,0,12,0,3,2,0,2,2,2,13,2,0,0,0,1,0,9,3,0,0,7,0,2,5,2,0,0,0,9,3,0,0,0,3,0,6,1,0,0,4,2,0,1,0,1,3,1,1,9,4,0,1,0,4,1,0,4,5,1,0,1,6,8,8,7,0,1,0,0,0,0,14,2,3,7,0,0,0,3,0,1
10,6,7,1,18,0,5,2,0,0,12,3,6,22,3,25,0,4,3,21,11,1,0,12,0,14,2,2,0,0,1,13,1,2,2,9,39,0,0,0,1,0,0,16,7,1,1,3,0,8,0,7,3,0,3,9,1,17,5,2,2,3,2,7,14,12,18,4,10,0,3,16,4,6,5,1,0,2,3,2,7,2,0,2,0,0,3,0,0,6,8,15,19,0,2,7,5,16,13,13,7,0,0,7,0,1,5,24,22,0,0,10,0,9,9,6,0,1,0,13,0,3,3,6,5,0,9,0,37,40,0
4,2,0,1,4,15,2,2,5,22,1,2,1,1,2,0,12,0,0,0,0,0,0,3,11,0,11,0,1,34,2,3,29,3,3,0,2,57,29,4,10,9,17,1,0,2,0,0,14,3,1,0,2,3,0,1,16,0,0,18,1,0,2,0,0,0,1,11,0,15,26,1,1,6,3,8,22,4,1,45,5,28,21,2,3,8,2,5,15,6,1,0,0,2,0,1,0,0,2,0,4,8,23,0,1,0,17,0,0,6,29,1,4,2,0,0,21,0,4,0,1,15,11,0,5,12,0,30,0,0,0
10,3,2,0,24,0,2,1,1,1,4,0,6,1,17,22,0,12,1,12,5,3,4,21,0,28,1,14,0,0,0,6,0,3,0,13,54,0,0,9,0,0,1,22,23,1,4,1,0,4,0,4,0,9,1,0,1,2,2,0,1,2,0,9,16,3,0,0,20,0,0,3,4,12,14,0,0,0,0,0,0,0,0,1,0,0,0,0,0,0,6,0,15,0,7,0,1,7,1,0,13,0,0,2,0,9,0,12,8,0,0,19,0,40,1,30,0,1,2,119,0,0,0,0,8,0,2,0,2,37,8
4,0,0,9,4,0,2,1,1,12,2,0,13,5,10,1,20,4,0,0,0,1,0,20,0,0,6,6,12,7,3,11,12,5,16,3,0,0,5,12,8,6,9,1,1,13,0,7,22,0,0,3,2,1,16,1,0,7,7,13,2,1,7,4,9,6,9,7,0,1,8,9,4,6,15,20,0,3,0,13,8,2,2,3,0,16,1,18,0,4,2,0,0,10,12,9,6,0,0,0,7,15,14,0,0,0,6,2,0,2,8,3,20,4,0,2,16,10,16,1,7,10,15,0,21,0,0,12,0,1,0
11,7,0,4,1,0,17,12,18,3,4,10,2,1,5,3,6,3,18,1,0,11,3,17,0,4,0,6,1,0,10,14,4,7,7,7,5,0,2,11,4,13,1,10,4,1,0,16,2,9,0,2,2,17,0,2,7,0,2,9,1,6,9,3,7,13,18,0,5,3,0,7,0,11,7,4,0,1,5,4,6,0,9,0,10,2,2,2,0,6,20,3,0,0,14,7,2,13,3,0,18,2,0,1,11,2,9,0,1,0,4,18,1,3,0,1,7,3,5,0,7,0,3,0,5,0,0,3,0,8,2
8,10,2,1,7,0,2,0,1,0,3,2,6,7,12,15,0,13,9,17,3,5,8,7,0,0,4,9,7,0,0,1,2,5,0,8,25,0,0,12,1,0,0,11,10,1,0,2,0,7,0,1,2,5,0,2,7,2,0,2,0,4,3,25,6,5,9,1,21,3,4,8,1,8,10,1,0,0,5,2,2,0,2,3,0,1,1,0,0,4,4,4,10,0,9,2,0,17,16,0,5,5,0,6,1,2,1,0,6,0,2,15,5,7,7,10,0,15,0,3,1,0,0,0,4,0,8,1,2,20,2
3,0,0,9,0,0,10,9,19,7,1,22,0,2,20,1,11,1,5,1,0,19,1,28,2,1,10,8,3,20,13,18,28,18,22,8,8,0,11,14,15,17,20,1,1,21,1,0,25,7,7,6,13,2,18,0,13,9,2,0,12,22,9,7,1,6,18,35,6,14,39,33,4,14,4,2,0,14,13,16,48,8,29,7,6,21,12,22,1,11,8,1,2,15,11,10,8,1,0,2,16,16,37,3,1,6,21,0,2,1,16,4,5,0,2,3,15,7,16,0,35,29,29,0,45,2,10,19,0,10,0
5,0,1,0,1,0,8,1,2,0,0,3,4,3,10,3,2,1,0,2,5,0,0,2,0,6,0,1,0,0,0,3,3,2,0,1,14,0,1,12,1,11,1,11,2,1,9,0,0,0,0,8,2,2,1,1,2,1,0,12,0,10,12,1,0,6,6,0,3,2,3,0,10,2,1,0,0,0,2,0,10,0,0,4,0,2,0,3,0,7,2,1,0,4,1,11,9,1,1,0,0,0,0,5,0,1,4,2,1,2,0,18,0,7,0,3,1,0,4,2,7,7,0,0,6,1,7,2,1,0,0
4,0,0,0,6,0,3,5,15,5,0,9,0,6,29,0,3,2,0,9,1,15,0,49,0,7,16,4,1,0,6,24,6,5,6,1,7,0,1,5,15,2,6,1,5,15,0,0,8,0,0,0,0,3,0,2,1,6,4,22,10,0,11,2,14,3,3,0,1,2,35,47,4,2,7,1,0,0,2,1,11,2,19,0,2,3,6,17,0,2,26,0,15,20,4,0,2,5,8,0,4,8,6,3,5,3,5,3,2,3,0,11,1,6,6,6,16,0,10,0,21,0,22,0,54,0,8,0,0,16,2
2,1,0,1,4,0,1,9,5,10,1,4,0,0,9,1,2,13,9,1,2,0,3,15,0,3,1,0,2,0,0,10,12,1,3,5,3,0,2,3,1,0,2,25,1,2,1,0,9,2,0,0,0,2,2,0,7,9,3,9,12,11,0,8,2,6,3,2,3,3,11,5,4,8,7,0,0,0,7,0,10,1,5,9,3,3,4,4,0,5,0,0,1,5,10,1,0,4,2,5,4,3,2,11,1,0,1,0,11,0,3,19,0,26,0,14,1,1,1,0,0,12,1,5,7,3,3,4,0,9,1
8,15,4,0,4,0,1,1,2,4,7,3,2,4,1,4,0,12,1,3,3,0,8,48,0,2,6,12,25,0,2,11,2,9,3,10,19,0,0,3,0,2,1,13,2,3,0,5,5,5,0,2,0,7,0,9,4,3,25,7,1,2,8,0,10,13,6,0,7,0,7,4,0,1,15,6,0,0,1,4,3,7,2,4,0,1,3,5,0,4,4,0,2,2,5,5,9,4,5,0,19,5,1,8,3,3,3,1,1,0,0,27,1,18,0,16,1,7,1,4,6,0,3,0,14,2,5,2,1,24,6
23,4,4,0,2,0,15,1,0,1,8,1,4,6,19,4,2,22,5,18,8,1,0,13,0,16,7,0,0,0,1,9,3,1,0,17,29,0,0,12,0,1,0,32,13,0,7,14,0,7,0,1,1,14,0,16,9,7,6,1,0,14,2,10,0,8,15,0,9,0,1,1,14,0,2,0,0,0,4,1,4,0,2,0,0,2,0,1,0,1,22,1,24,2,3,5,3,15,17,0,0,0,0,22,1,11,0,8,13,0,0,22,2,30,28,6,1,1,3,15,8,0,0,0,3,0,7,0,0,58,0
20,29,0,1,2,0,11,6,7,8,6,2,0,3,8,3,1,9,8,6,4,9,18,24,0,7,3,1,4,0,9,7,8,12,5,6,16,0,8,16,3,11,1,14,5,4,1,14,3,11,0,4,0,12,0,3,6,13,5,6,6,3,6,13,8,0,26,1,18,2,0,25,9,4,29,3,0,1,11,3,8,1,4,3,2,3,0,9,0,6,17,16,14,4,19,8,5,9,3,0,14,3,3,10,0,5,2,7,10,0,3,14,0,9,4,6,6,7,14,9,19,6,0,0,18,1,6,0,3,52,8
6,10,9,0,2,0,9,15,2,6,9,1,2,20,3,4,2,4,2,4,2,1,10,16,1,11,9,4,3,12,0,7,10,1,4,2,0,0,4,10,18,7,0,22,4,7,0,6,4,7,0,12,9,18,1,0,9,18,9,18,6,3,3,6,15,26,0,2,4,0,4,2,7,6,6,2,0,0,13,4,6,1,0,9,0,14,0,3,0,12,0,0,6,2,6,14,2,10,28,0,0,0,4,11,2,4,5,0,9,7,0,0,0,4,0,1,3,4,13,0,3,25,12,0,3,0,8,3,0,7,0
4,0,0,0,0,0,7,0,0,9,0,18,0,0,0,0,11,0,0,0,0,0,0,8,0,2,12,0,0,25,1,11,3,12,0,0,0,0,26,0,10,8,22,4,0,1,0,0,42,1,5,5,3,4,11,0,7,0,1,35,0,0,2,0,0,1,2,0,0,1,0,0,1,5,0,8,0,19,0,18,16,5,13,2,0,10,1,20,0,1,4,0,0,23,0,0,0,0,1,0,0,3,74,0,0,0,20,0,0,0,9,3,27,1,0,0,3,0,7,0,0,0,26,0,5,3,0,3,0,0,0
14,16,4,1,19,0,10,14,2,2,23,4,10,7,11,8,0,9,23,16,4,2,7,43,0,19,0,2,2,0,0,12,0,5,3,4,14,0,0,1,0,0,1,22,21,0,0,4,0,1,0,0,0,10,0,20,0,5,21,6,3,1,3,7,9,18,4,0,0,0,0,21,6,9,3,0,0,3,13,0,3,1,2,3,3,0,0,4,0,5,8,4,5,0,8,0,2,10,7,0,17,4,0,16,6,15,3,3,19,0,2,21,1,6,9,17,0,21,3,10,12,0,0,0,7,0,2,0,0,14,0
1,0,0,4,0,6,5,1,2,19,1,2,0,1,3,0,11,1,1,0,0,0,1,19,8,1,3,5,2,19,3,4,21,1,15,0,2,0,3,1,6,0,5,1,1,6,0,0,4,0,0,0,0,0,15,0,1,3,3,14,2,2,3,0,0,2,0,1,0,0,13,3,0,4,4,2,3,16,0,10,20,3,14,0,4,11,7,10,7,5,3,0,0,8,0,0,4,1,0,0,3,1,3,2,1,1,8,0,3,6,1,5,5,1,0,1,8,1,10,2,4,1,9,0,18,2,1,3,0,6,0
0,1,0,0,8,17,4,0,6,13,0,11,2,14,0,0,8,0,0,0,1,1,1,48,8,0,41,30,1,30,2,20,7,9,6,0,0,33,7,12,6,9,38,1,1,30,0,1,60,0,0,7,7,3,26,0,8,0,4,39,3,35,11,7,1,0,4,0,0,13,0,44,2,7,5,10,27,16,1,40,8,20,16,0,1,17,7,8,38,3,0,0,0,1,0,3,1,0,8,4,16,10,39,2,9,0,26,0,1,9,47,0,8,8,0,0,10,1,17,0,5,74,35,9,11,29,4,29,0,0,5
18,5,0,2,15,0,10,1,19,7,3,21,1,6,0,4,0,5,21,0,3,16,3,43,2,3,2,21,5,0,6,14,12,2,21,11,4,0,0,10,13,9,1,9,8,19,0,1,3,6,0,0,0,16,1,3,9,7,8,33,0,47,5,4,1,25,2,0,21,3,44,0,6,4,14,9,0,9,3,13,19,3,16,2,6,2,4,24,0,5,1,1,3,2,27,0,3,2,3,0,18,10,1,3,8,6,4,0,11,2,0,9,9,4,0,3,6,13,9,2,14,0,15,0,34,6,7,5,1,9,0
4,9,13,0,5,0,5,3,4,1,24,0,22,3,12,1,1,6,5,17,6,0,3,5,0,6,13,10,2,0,1,4,2,0,0,3,11,0,0,2,1,2,0,20,9,0,18,0,0,2,0,8,2,4,1,4,4,0,1,4,10,4,4,0,14,9,7,1,6,0,2,6,0,3,1,0,0,0,3,0,1,1,0,0,1,0,1,0,0,3,23,7,7,0,0,9,1,12,6,6,1,1,0,5,0,7,0,18,10,1,1,7,2,1,7,0,2,1,1,3,3,8,3,6,8,0,4,1,2,11,4
13,9,0,1,6,0,2,6,1,8,1,1,0,2,6,4,7,17,8,0,2,15,3,34,0,3,4,13,25,8,4,7,6,18,4,23,5,0,3,6,3,1,4,4,2,2,0,3,7,16,5,5,5,6,6,12,6,11,8,14,2,2,8,1,0,4,6,5,9,4,7,4,3,0,10,2,0,7,1,3,6,3,2,4,11,0,7,1,0,4,10,0,0,4,6,3,6,3,0,1,10,8,12,2,5,4,12,0,6,0,0,0,3,5,1,0,18,9,5,0,8,2,5,0,9,0,14,0,0,12,3
9,5,1,4,7,0,20,11,0,2,22,8,0,10,18,3,0,16,23,3,2,20,25,35,0,6,6,15,18,0,16,8,3,5,4,24,35,0,2,13,3,5,4,2,14,5,0,18,1,3,0,0,2,5,3,14,15,7,10,4,1,7,7,15,2,29,6,0,3,4,5,14,1,10,0,2,0,0,1,2,6,2,1,6,5,4,2,3,0,1,5,8,8,3,30,0,6,14,10,0,35,12,0,3,8,6,1,3,5,0,2,30,7,6,0,13,2,26,7,6,7,0,5,0,6,1,2,0,3,45,4
1,0,0,5,2,1,0,1,2,1,0,5,0,0,0,0,6,0,3,0,1,1,0,19,0,0,4,3,5,15,1,9,9,5,2,0,0,1,9,2,8,8,3,3,2,4,0,1,3,0,0,0,0,1,8,0,20,4,1,2,0,1,0,6,0,3,2,8,0,2,10,9,0,2,2,0,1,1,1,9,10,0,6,1,1,2,0,5,0,0,1,0,0,2,0,1,1,0,2,0,3,3,11,0,0,1,2,0,0,1,1,1,13,2,0,0,9,1,4,0,1,6,4,0,8,2,0,1,0,0,0
0,0,0,0,0,46,0,0,0,24,0,0,0,0,0,0,0,0,0,0,0,0,0,0,3,0,0,0,0,1,0,0,2,0,0,0,0,101,18,0,0,0,4,0,0,10,0,0,16,0,0,0,0,0,22,0,0,0,0,0,0,0,0,0,0,0,0,0,0,3,27,0,0,0,0,1,0,20,0,1,0,18,0,0,0,7,0,0,106,0,0,0,0,0,0,0,0,0,0,0,0,0,0,0,0,0,9,0,0,13,1,0,0,0,0,0,0,0,0,0,0,0,0,0,0,36,0,0,0,0,0
0,0,0,15,0,30,0,0,1,1,0,3,0,2,0,0,12,0,0,0,0,2,0,19,8,0,1,1,1,30,0,2,23,5,5,1,0,45,4,3,0,6,16,0,0,3,0,0,6,0,0,0,0,2,4,0,3,1,0,14,0,0,0,0,0,1,0,19,3,16,16,9,0,7,0,1,20,0,2,2,3,18,15,1,1,4,6,5,26,1,0,0,0,2,3,0,0,0,0,0,0,1,10,1,0,1,28,1,0,0,6,1,0,0,0,0,13,0,3,1,0,0,11,0,0,18,0,8,0,0,0
8,11,0,0,27,0,7,11,3,1,5,5,1,4,4,2,0,2,2,0,1,2,1,21,0,6,11,9,0,1,0,12,10,1,2,5,0,0,3,4,3,0,1,5,0,3,6,2,0,2,0,2,9,3,1,0,0,5,5,13,2,2,7,1,4,11,13,0,13,0,1,3,3,1,1,1,0,2,0,1,8,0,5,8,1,2,0,1,0,9,0,0,3,1,2,2,2,4,6,1,2,0,3,4,13,0,7,1,3,5,2,10,0,4,0,5,0,4,3,0,2,5,4,12,5,0,8,0,0,14,6
4,2,1,1,0,3,5,7,0,27,2,12,6,3,0,0,34,0,0,1,0,3,0,22,9,0,17,0,1,21,3,6,13,3,15,1,0,5,16,4,18,7,14,3,0,10,0,0,11,1,0,2,3,2,45,0,13,4,2,16,0,1,0,4,1,3,4,18,0,10,40,13,0,3,2,9,1,2,1,0,20,4,35,1,4,2,4,17,0,4,2,1,0,7,2,1,1,0,1,0,2,1,23,0,1,4,15,1,1,0,7,1,13,1,0,2,25,4,7,0,6,13,32,2,8,3,1,16,0,2,0
4,4,2,5,1,0,11,18,4,21,6,2,5,5,3,5,11,11,4,10,0,2,1,38,0,3,6,14,0,17,3,23,28,8,20,15,3,0,7,14,19,32,9,4,8,20,0,2,27,8,8,6,0,7,5,0,8,6,2,48,10,11,10,3,4,8,6,16,3,20,8,19,1,6,6,10,0,3,8,20,0,0,19,2,4,13,23,26,0,5,15,0,0,7,9,2,6,0,17,0,2,1,17,3,2,7,9,3,11,0,3,11,15,3,2,1,29,9,18,0,19,10,20,0,26,3,7,11,1,3,4
1,0,0,3,0,5,0,0,2,28,0,2,1,0,1,0,2,0,1,2,1,0,2,7,9,1,12,1,0,14,2,1,7,1,1,0,0,80,11,0,4,3,9,0,1,4,1,0,12,5,1,0,0,2,28,0,2,0,0,8,0,2,1,7,0,1,1,5,1,3,20,3,1,3,2,0,18,18,0,4,0,0,11,0,2,5,0,6,15,2,3,0,0,0,3,6,0,2,4,0,8,2,9,0,0,0,11,0,2,0,7,0,0,1,0,4,2,2,2,0,7,4,15,0,6,4,1,7,0,1,2
3,0,0,8,0,0,7,0,14,9,1,15,0,0,8,0,23,1,3,0,0,17,1,19,0,3,3,1,10,25,0,20,11,17,39,2,0,0,1,12,8,27,5,1,3,16,0,0,10,4,1,0,0,0,21,0,2,9,2,29,0,19,5,2,2,4,0,13,2,14,16,16,0,2,1,6,0,15,5,35,19,11,0,3,10,12,5,6,0,1,2,0,0,4,4,0,2,1,0,0,10,16,30,2,7,7,24,0,0,5,10,2,6,2,0,1,25,4,8,0,9,0,12,0,21,2,1,4,1,1,0
1,3,3,0,2,0,0,3,2,2,2,7,0,1,3,6,6,6,0,0,2,0,0,16,0,1,4,1,0,0,3,8,1,1,0,0,0,0,11,15,2,0,0,8,5,5,2,0,1,0,0,10,3,2,2,1,3,0,3,7,4,0,9,4,0,3,9,2,3,0,0,2,0,4,6,1,0,1,8,1,2,0,3,0,0,5,0,5,0,12,10,0,1,1,0,8,2,5,1,0,2,2,0,4,0,0,2,0,1,4,1,2,1,8,0,0,3,4,6,0,0,1,2,6,14,0,9,0,1,5,4
5,1,0,4,0,0,4,3,4,6,5,1,0,1,0,0,0,3,7,0,0,12,12,23,0,0,2,0,13,0,1,3,3,3,16,6,3,0,0,0,0,1,0,3,0,1,0,0,0,6,0,0,0,0,3,0,0,10,0,6,0,2,3,0,0,2,0,0,3,4,1,6,1,11,5,1,0,1,1,4,4,2,10,0,0,0,0,4,0,2,0,0,3,0,7,0,1,6,2,0,4,2,0,7,9,7,1,0,0,2,0,5,1,2,0,0,2,6,3,3,14,0,4,0,2,1,0,0,0,4,0
1,0,0,0,1,10,1,3,4,13,0,5,0,3,5,1,6,0,0,1,1,0,0,17,3,0,6,2,0,7,2,5,7,1,2,0,0,5,19,2,9,8,9,2,0,8,0,0,15,0,0,5,6,0,8,0,16,2,1,21,2,3,3,1,2,3,14,10,0,11,17,2,0,0,4,2,7,4,2,2,13,5,12,5,0,0,0,9,4,7,0,0,0,7,2,2,5,0,0,0,0,3,7,3,6,0,21,1,0,3,5,1,4,3,0,2,6,0,7,0,0,7,7,9,9,7,4,0,0,2,0
0,0,0,8,2,0,0,0,3,8,0,3,0,3,0,0,1,2,0,0,0,1,0,21,0,0,0,1,11,0,7,5,23,4,0,1,0,0,0,0,9,1,1,2,1,1,0,0,5,6,0,0,1,3,2,0,1,2,1,12,0,6,4,3,0,0,0,1,0,7,7,4,1,7,2,0,0,6,0,4,23,0,5,0,0,0,0,14,0,1,1,0,0,8,0,0,3,0,3,0,0,4,0,0,1,0,2,2,3,0,0,4,10,1,0,0,5,4,23,0,1,0,2,0,3,4,1,4,0,0,1
3,0,0,17,2,0,2,9,3,15,1,13,1,3,13,3,10,0,4,1,0,2,2,20,0,2,14,3,7,41,2,14,11,6,10,1,0,0,9,6,13,18,8,3,0,19,0,0,29,3,11,1,0,0,5,0,18,2,0,22,3,17,4,5,1,9,3,20,4,10,8,24,0,1,3,5,0,5,1,17,26,6,6,5,4,9,14,0,0,3,2,0,0,10,1,0,5,2,10,2,5,5,16,2,2,9,4,0,1,1,13,4,8,0,2,1,12,9,14,0,23,10,21,1,42,3,1,7,1,2,3
0,0,0,0,0,95,0,0,0,50,0,0,0,0,0,0,1,0,0,0,0,0,0,0,2,0,0,0,0,3,0,0,0,0,0,0,0,89,3,0,0,5,1,0,0,5,0,0,25,0,0,0,0,0,15,0,0,0,0,1,0,0,0,0,0,0,0,0,0,7,38,0,0,0,0,0,106,26,0,0,0,15,0,0,0,4,0,0,0,0,0,0,0,0,0,0,0,0,0,0,0,0,0,0,0,0,1,0,0,3,0,0,0,0,0,0,0,0,0,0,0,0,0,0,0,21,0,0,0,0,0
9,0,0,0,0,0,1,2,10,0,2,9,2,4,4,3,6,8,3,0,0,5,0,13,0,4,3,14,6,9,2,7,13,3,8,3,0,0,6,5,3,1,6,8,2,7,0,0,2,1,0,0,4,6,6,0,4,6,4,11,7,2,5,4,1,6,12,1,5,5,3,5,3,4,1,0,0,1,9,4,5,2,1,12,2,7,1,3,0,0,0,0,3,3,6,0,0,17,5,0,0,2,5,10,2,0,8,0,2,0,11,11,5,2,1,1,5,3,8,2,0,4,3,0,14,1,1,10,1,3,1
4,0,5,0,3,0,7,18,21,1,11,0,13,5,10,16,2,0,0,12,2,0,0,10,0,14,9,0,2,0,1,17,7,0,4,1,7,0,9,8,7,5,5,28,8,4,4,3,3,4,3,1,2,8,1,6,2,20,4,8,2,26,0,4,22,17,0,4,8,3,0,1,23,10,5,1,0,0,0,2,15,3,2,10,0,0,1,2,0,0,0,9,4,6,4,0,0,9,5,1,0,0,1,0,7,0,3,25,3,2,0,12,2,2,29,6,5,0,11,5,1,3,0,10,2,0,6,0,0,1,25
7,0,2,0,0,0,1,3,0,0,1,0,0,0,0,2,0,1,4,0,0,1,0,3,0,0,0,0,0,3,0,1,2,0,2,5,1,0,0,0,0,0,0,1,0,3,4,6,0,1,0,0,0,15,0,0,0,3,4,1,1,0,0,0,1,16,0,0,4,0,0,1,7,0,8,0,0,0,0,1,0,0,0,0,0,0,0,0,0,0,9,0,1,0,1,0,0,8,6,3,0,0,0,8,0,0,0,0,0,1,2,1,0,1,1,0,4,2,1,0,2,0,0,3,0,0,0,0,1,5,5
10,4,15,0,11,0,0,6,8,0,15,1,2,22,9,29,0,7,6,21,7,0,0,6,0,34,2,4,0,0,0,1,2,3,0,1,32,0,0,26,0,3,0,20,24,0,2,10,0,19,0,0,1,19,0,15,0,0,10,2,0,15,1,2,24,14,6,0,5,0,0,3,7,0,8,0,0,0,3,0,0,0,0,1,3,0,0,0,0,3,4,1,0,2,9,2,4,24,9,0,2,0,0,14,7,1,0,31,31,1,5,6,1,16,5,7,1,2,0,17,7,0,0,0,3,0,7,0,0,43,0
5,0,1,2,1,0,1,3,2,6,0,2,0,4,2,0,5,0,0,1,0,1,0,14,0,1,0,0,2,3,1,6,6,12,0,0,2,0,3,2,0,8,12,3,0,5,0,0,23,3,1,1,0,0,2,0,10,0,0,15,4,20,5,2,2,4,2,23,0,8,1,2,0,4,3,2,0,2,1,7,7,0,4,1,0,7,8,10,0,3,6,0,2,0,0,6,2,0,0,0,5,4,13,1,5,2,9,0,3,1,10,1,6,0,1,0,2,0,15,0,0,1,2,0,26,0,1,3,0,2,2
9,10,1,7,6,0,45,12,2,0,6,3,0,4,9,3,6,6,16,0,6,12,5,36,0,6,4,8,1,0,3,5,1,20,7,31,20,0,0,8,2,12,1,2,5,10,0,7,0,13,0,1,1,2,0,7,12,14,9,11,1,4,10,5,3,19,6,0,8,0,0,27,0,6,30,0,0,3,2,2,9,3,4,0,7,2,0,1,0,6,4,1,9,0,0,5,3,4,14,0,33,8,1,8,20,10,7,3,18,2,6,27,4,10,0,11,4,15,6,3,32,3,8,0,9,1,2,0,2,23,8
7,3,8,0,0,0,5,4,0,3,1,0,0,19,0,0,0,3,0,0,1,1,0,13,0,2,7,4,1,0,0,3,2,4,1,4,0,0,4,4,7,2,2,28,0,1,0,1,10,0,0,11,3,7,1,0,9,7,2,10,11,0,1,5,5,8,14,0,0,0,3,0,9,3,0,1,0,0,2,1,2,6,0,8,0,2,0,0,0,0,0,0,2,6,5,0,0,3,20,0,0,0,3,18,0,0,2,0,0,2,0,0,1,7,0,0,9,0,3,0,0,39,4,0,0,0,2,2,0,0,2
10,5,1,2,1,0,11,2,3,2,0,3,0,0,7,1,1,4,6,0,1,1,1,23,0,3,8,21,7,0,4,8,3,9,6,4,0,0,1,6,3,2,0,5,6,1,1,3,0,10,0,0,1,5,0,1,6,2,0,8,9,2,0,9,3,5,2,0,2,4,1,3,1,6,6,1,0,0,2,1,6,0,2,2,1,5,3,5,0,0,0,0,4,2,3,0,0,0,3,0,2,7,0,8,0,8,1,0,0,4,0,3,6,4,0,0,3,3,7,0,8,0,11,0,29,0,4,0,0,1,0
30,3,3,0,0,0,4,8,2,1,26,0,5,4,0,13,0,14,8,9,7,1,9,4,0,16,0,0,0,0,1,2,2,2,2,16,17,0,0,6,5,0,0,6,7,0,10,13,0,15,0,13,1,16,0,7,0,13,17,1,1,5,4,4,15,9,10,0,10,1,0,2,12,3,14,0,0,0,4,0,0,2,1,5,6,0,0,2,0,17,9,8,24,0,4,3,0,0,8,0,4,0,1,26,12,2,2,5,4,0,0,9,0,6,11,5,0,10,4,10,6,0,0,0,3,0,1,0,6,49,8
8,27,1,1,0,0,4,3,8,0,4,3,19,4,0,2,1,3,3,20,2,2,3,10,0,1,9,16,1,0,1,5,1,0,0,6,6,0,2,11,11,3,2,5,7,3,1,2,0,3,3,4,9,13,2,1,0,3,16,0,1,8,2,5,17,3,28,1,7,0,8,3,6,0,10,2,0,0,6,1,17,4,0,1,2,0,3,10,0,5,5,6,9,0,14,20,3,8,0,5,1,3,3,15,2,2,0,1,2,1,1,3,0,1,7,4,1,2,7,4,6,14,2,1,2,0,1,0,1,20,5
1,18,9,0,2,0,0,0,0,1,1,1,0,9,0,0,0,0,0,0,0,0,0,1,0,0,4,0,0,1,0,2,2,0,0,0,0,0,0,11,0,0,1,0,0,0,0,0,0,3,0,16,4,13,0,0,0,0,0,2,0,0,5,0,0,0,0,0,0,0,4,0,6,1,0,0,0,0,1,0,0,0,0,0,0,0,0,2,0,0,1,3,0,0,0,0,0,0,5,0,0,1,0,3,0,0,0,0,0,0,3,0,0,1,0,0,0,0,0,0,0,11,0,22,0,0,0,0,0,0,0
11,7,0,1,10,0,21,10,11,7,2,7,0,8,29,2,5,20,7,0,1,34,19,53,0,11,6,14,8,0,1,20,0,41,3,42,5,0,0,7,0,2,2,24,0,11,3,9,0,25,0,0,0,7,4,13,7,18,5,16,0,4,4,19,0,14,0,0,17,3,16,18,1,10,35,3,0,0,2,2,2,8,10,2,4,0,0,5,0,0,0,0,2,5,33,0,2,4,1,0,0,0,5,8,17,18,7,3,14,1,1,35,1,4,0,7,2,24,3,2,56,0,3,0,8,0,9,0,0,29,2
1,5,0,5,2,0,6,7,6,2,0,3,0,7,4,0,4,3,0,0,0,1,2,24,0,2,5,7,29,2,1,11,5,5,9,10,0,0,0,11,10,10,0,0,3,5,0,0,1,5,2,7,1,0,8,0,15,2,5,16,0,8,3,5,0,3,0,3,4,1,10,10,1,8,12,3,0,1,0,1,1,2,16,2,2,3,4,5,0,2,0,0,0,4,8,0,7,0,3,1,0,0,4,0,4,2,1,0,0,10,3,2,11,4,0,5,2,13,12,2,8,9,3,0,14,2,0,1,0,1,0
3,3,0,0,1,0,2,10,4,30,0,10,0,3,1,2,24,0,0,0,0,0,0,6,2,1,16,6,0,28,1,11,37,6,14,0,0,0,4,1,18,4,19,0,2,6,0,0,38,0,9,3,0,0,23,0,14,0,0,37,0,6,2,1,0,3,4,74,0,3,39,1,0,12,0,11,0,10,3,23,17,9,30,0,0,7,0,16,0,5,1,0,0,13,1,3,0,1,3,0,5,4,0,0,3,0,18,1,0,2,29,0,7,1,0,0,33,0,5,0,3,23,60,0,9,6,0,21,0,0,0
1,6,7,0,2,0,2,4,0,0,0,1,0,11,1,8,1,4,16,4,1,1,1,10,0,1,4,4,0,1,2,1,2,0,2,2,16,0,0,0,4,4,0,32,4,0,21,0,1,5,0,3,4,7,0,2,0,1,6,3,5,3,11,8,22,10,11,0,16,2,2,3,5,2,3,0,0,1,4,0,3,0,2,4,7,3,0,2,0,10,0,8,14,1,8,18,8,26,15,3,8,0,0,0,4,0,1,3,2,0,0,6,0,9,7,2,0,7,3,8,16,16,0,8,5,1,6,0,0,5,9
3,3,0,6,16,0,8,2,0,10,4,15,0,2,2,5,0,4,6,0,0,6,6,24,0,0,16,0,5,0,7,6,5,5,2,1,3,0,5,6,6,2,4,2,5,1,0,6,4,11,0,0,1,0,1,0,0,11,1,1,0,5,1,3,1,0,2,0,6,1,9,8,0,5,8,0,0,0,13,1,2,0,7,0,9,6,1,2,0,2,7,0,7,5,20,0,0,12,2,0,17,4,3,4,0,5,4,2,2,2,3,6,0,1,1,5,1,5,7,0,14,0,0,0,7,2,4,1,0,7,0
4,10,1,0,1,0,18,5,3,0,6,0,0,5,7,4,2,11,4,0,0,17,13,40,0,2,2,1,8,0,7,17,2,3,9,13,2,0,0,4,0,5,1,8,3,1,1,4,1,0,0,0,0,1,0,9,0,2,2,6,1,3,0,3,11,5,4,0,15,1,0,6,7,4,6,1,0,1,0,4,7,0,7,0,7,0,0,9,0,0,0,0,1,2,10,0,8,2,2,0,18,2,0,0,5,0,3,5,15,0,0,4,3,9,5,8,8,19,10,0,15,0,3,0,5,0,1,0,0,9,3
3,1,0,3,3,21,1,5,4,16,0,7,0,7,1,2,13,1,0,0,1,2,1,7,6,3,3,3,1,30,6,8,14,6,4,4,3,7,41,5,9,13,3,0,0,6,0,0,18,4,4,3,4,5,17,0,6,9,1,21,4,5,1,3,0,2,5,20,3,8,26,4,0,12,1,2,9,28,7,15,9,11,24,2,1,21,2,4,1,8,3,0,0,9,7,2,1,2,0,0,7,1,18,1,4,3,0,0,0,2,5,5,16,2,0,2,18,3,15,0,3,5,13,0,3,1,2,4,0,1,1
23,22,10,0,1,0,3,0,0,0,10,1,12,9,6,4,1,6,1,12,9,0,1,8,0,18,3,1,1,0,0,3,2,0,0,0,21,0,0,0,0,0,1,26,13,1,3,4,1,7,0,2,5,24,0,12,2,0,0,0,2,3,0,1,8,7,0,0,3,0,0,0,18,0,3,0,0,1,1,1,3,0,0,0,0,1,2,0,0,0,25,0,31,0,3,0,0,5,1,0,3,0,1,3,2,5,0,0,10,0,0,14,1,48,10,27,0,3,0,23,0,0,0,10,3,1,1,0,1,18,1
18,12,1,1,28,0,6,5,4,1,9,2,1,6,9,14,1,11,5,4,9,5,6,20,0,15,1,13,3,0,1,4,3,3,1,12,15,0,0,5,1,6,0,6,9,1,1,8,0,8,0,1,1,22,0,8,0,1,6,2,1,2,11,1,13,10,9,0,19,3,1,11,10,6,5,0,0,0,3,1,11,2,0,1,0,0,3,1,0,2,3,0,31,3,18,0,0,4,2,0,14,0,0,2,2,15,0,10,0,1,0,21,2,30,4,12,3,1,6,71,8,0,7,0,3,0,2,2,0,34,0
1,0,0,0,0,6,5,0,1,2,0,0,1,1,1,1,0,0,0,1,0,1,1,4,4,0,19,2,0,3,0,1,4,0,2,0,0,5,11,3,2,2,0,3,0,10,0,0,1,2,0,0,0,0,6,0,2,0,0,1,2,3,0,0,0,0,7,0,0,6,9,2,1,0,0,1,13,0,5,0,0,0,5,4,2,3,0,1,3,0,2,1,1,1,2,2,4,0,1,0,1,10,2,0,2,0,2,0,1,0,9,1,0,3,0,0,3,0,7,0,1,3,9,1,2,1,0,0,0,0,6
0,0,0,3,0,4,1,1,1,5,1,8,3,1,2,4,30,0,0,0,0,2,0,4,13,1,4,1,1,58,1,6,27,6,2,0,2,2,10,0,13,0,22,1,2,6,0,0,12,2,7,0,1,0,29,0,8,4,2,16,0,0,3,0,0,3,0,9,2,1,47,0,1,0,2,1,1,6,2,7,3,7,10,1,0,5,0,13,0,11,0,2,5,10,6,0,0,0,1,3,1,3,29,0,3,0,5,0,0,9,0,0,9,1,0,0,30,2,4,0,1,39,13,16,1,5,0,13,0,0,1
8,17,2,1,6,0,7,4,1,10,3,3,11,8,25,32,6,20,17,10,8,6,16,12,0,10,3,16,6,0,4,18,8,3,5,1,43,0,2,34,0,7,0,9,11,10,1,5,2,17,1,1,6,10,1,19,3,18,15,4,18,11,19,27,22,14,0,3,21,5,0,9,7,0,30,1,0,1,10,1,11,0,2,2,5,1,4,4,0,11,12,1,6,1,27,0,3,9,3,0,35,2,0,6,6,4,5,14,21,1,0,0,13,14,1,25,2,13,13,23,8,0,2,0,34,1,4,0,3,39,5
3,1,1,1,0,0,4,1,0,1,1,0,0,2,1,3,8,0,2,0,0,5,0,13,0,0,3,6,8,8,0,19,8,2,5,1,6,0,0,11,16,4,9,2,1,5,0,1,10,2,0,0,8,0,4,0,20,1,5,5,0,1,0,1,2,0,0,27,1,5,8,9,2,3,7,13,0,0,0,13,15,0,6,1,1,4,10,8,0,5,2,0,1,6,4,1,6,0,0,0,1,11,7,0,0,3,16,1,2,0,9,13,0,3,0,0,6,2,10,0,5,1,11,0,18,1,1,1,0,2,3
12,8,12,0,6,0,5,6,2,2,3,2,16,5,24,21,2,10,8,17,28,7,1,23,0,25,0,9,0,1,0,7,2,0,1,23,33,0,1,9,0,2,0,19,23,0,5,4,2,27,0,0,8,9,2,40,4,3,7,0,7,6,26,18,30,9,4,1,6,1,8,4,1,5,6,2,0,0,4,1,3,1,2,8,2,3,1,0,0,2,2,1,16,0,10,7,4,6,1,1,4,4,1,9,1,9,2,48,30,3,1,14,3,0,6,13,1,2,1,35,7,4,2,1,5,0,10,0,2,46,2
17,5,5,0,7,0,9,0,1,0,5,8,8,7,4,9,0,3,1,20,4,0,0,2,0,8,2,0,0,0,0,0,3,1,0,10,12,0,0,12,0,0,0,1,3,0,13,4,0,1,0,0,7,9,0,1,0,0,7,2,0,6,0,0,28,4,0,0,9,0,0,0,7,1,0,0,0,0,0,0,2,0,0,0,0,0,0,2,0,1,29,1,5,1,0,0,0,11,7,0,0,0,0,7,1,5,0,10,4,0,0,1,0,6,0,0,0,0,0,1,0,0,0,0,8,0,3,0,1,2,3
16,3,2,0,5,0,4,3,1,4,6,0,1,5,8,22,2,5,2,13,6,1,7,21,0,21,6,5,0,0,2,12,3,1,0,3,45,0,0,4,0,0,1,14,19,2,0,3,4,7,0,1,0,6,0,30,2,1,10,3,3,6,14,16,6,6,1,0,17,1,0,3,0,0,13,0,0,0,5,2,1,4,1,0,0,2,0,1,0,1,6,0,7,0,11,0,0,5,4,0,7,5,0,2,5,8,2,27,12,0,0,25,0,13,0,0,0,2,0,20,0,0,0,0,8,0,4,0,1,22,3
0,1,0,0,0,0,2,11,14,10,0,4,0,9,14,0,17,1,2,1,2,7,6,15,1,0,4,1,2,23,7,3,21,7,16,0,3,0,1,8,40,14,14,3,0,11,0,0,28,2,6,0,1,0,21,0,16,7,0,15,1,16,1,1,1,6,3,3,0,8,10,6,2,18,2,9,0,13,0,25,29,2,25,3,2,6,5,12,0,5,5,4,1,2,4,9,3,0,1,0,2,2,33,0,1,8,18,0,3,3,30,2,6,1,0,0,0,6,8,0,4,4,30,1,36,8,0,15,0,1,3
10,0,0,19,2,0,7,2,3,2,4,4,0,1,7,2,2,14,10,0,0,18,6,16,0,6,2,3,55,0,11,7,1,17,12,13,1,0,0,11,5,5,1,3,3,1,0,4,6,4,0,0,0,1,0,1,10,3,15,7,0,0,1,7,1,7,4,0,21,1,1,13,1,9,26,1,0,0,4,4,9,2,4,4,6,0,4,9,0,3,0,2,2,0,15,0,3,10,2,0,24,13,0,7,5,19,3,3,1,0,2,13,2,2,0,2,6,0,5,1,19,0,2,0,11,4,3,0,0,5,3
4,1,1,0,0,0,12,17,5,5,1,28,2,2,8,5,7,5,9,4,1,0,6,10,0,4,3,14,3,0,7,0,16,4,8,1,11,0,4,6,2,6,5,1,6,9,0,5,14,11,0,4,0,0,4,2,16,5,0,16,4,10,1,1,3,14,13,7,3,10,17,9,1,5,7,4,0,3,3,7,18,2,8,6,3,7,23,14,0,8,11,1,0,15,6,3,7,4,7,0,3,12,5,3,7,10,15,0,6,7,4,13,10,1,0,0,8,5,0,0,7,0,6,0,13,0,5,10,0,12,0
1,9,4,0,6,0,8,1,0,0,3,0,0,1,4,36,0,22,1,0,7,3,1,15,0,114,0,8,0,0,0,6,1,2,0,12,93,0,0,2,0,0,0,54,13,0,1,19,0,6,0,0,0,13,0,119,1,0,3,0,2,0,0,4,15,9,0,0,10,2,0,2,3,0,6,0,0,1,0,0,0,0,0,0,3,0,0,0,0,2,5,0,17,0,3,0,0,10,4,0,2,2,0,8,0,0,0,23,71,0,0,23,0,35,1,20,0,1,0,0,1,0,0,0,18,0,0,0,1,42,11
9,2,0,3,7,0,10,12,3,5,2,17,1,6,14,3,3,10,19,0,6,12,13,38,0,1,1,5,35,0,9,7,8,60,10,15,9,0,2,12,6,4,0,7,17,9,2,15,0,28,0,0,0,0,1,0,7,7,1,35,7,21,0,6,8,19,3,0,12,4,5,14,3,8,7,1,0,0,2,6,19,7,9,0,14,0,1,23,0,0,1,2,7,0,32,0,8,6,6,0,56,8,3,16,14,15,3,0,8,1,1,8,5,7,0,0,4,19,7,1,0,0,1,0,3,1,1,0,0,9,3
7,14,3,0,3,0,0,0,5,4,12,5,3,4,0,0,15,0,0,0,0,0,0,12,0,0,53,6,0,21,0,11,11,2,0,0,0,0,14,17,5,2,10,7,0,7,0,0,35,2,0,27,14,3,15,0,10,0,0,29,7,0,12,0,0,6,25,0,0,1,74,0,8,2,0,6,0,0,5,13,10,4,0,1,0,7,0,10,0,4,3,0,0,1,3,39,0,0,14,11,0,9,23,16,0,0,5,0,0,3,39,0,1,4,0,0,4,0,0,0,0,0,9,37,6,3,0,6,0,0,4
1,0,0,0,5,0,4,5,5,10,0,18,0,3,3,0,16,0,9,0,1,1,4,20,2,1,4,0,1,38,4,6,15,7,20,2,1,0,2,4,15,22,29,0,0,3,0,0,24,7,0,1,2,3,11,0,15,3,0,29,0,22,1,3,0,0,12,26,0,9,35,15,3,5,5,4,0,11,4,32,20,15,12,2,4,7,2,21,0,3,0,0,0,2,8,4,11,0,2,0,3,3,60,0,0,3,13,0,7,9,13,2,11,2,0,0,30,2,6,0,1,9,0,0,25,5,0,19,0,7,2
3,2,7,0,2,0,0,0,1,1,0,1,0,3,0,0,0,0,0,1,0,0,0,6,0,0,19,0,0,0,0,7,0,3,0,0,0,0,1,0,1,0,3,5,0,0,6,0,1,0,0,4,3,6,0,0,0,0,0,0,0,0,5,0,0,0,0,0,0,0,9,0,6,0,0,0,0,0,12,2,0,0,0,6,0,9,0,1,0,0,10,3,0,0,0,0,0,0,1,22,0,0,0,8,0,0,0,10,0,1,16,0,0,1,0,0,1,0,0,0,0,37,0,0,0,1,0,0,0,0,11
13,12,3,3,3,0,12,1,1,19,1,0,3,1,9,0,15,15,2,9,1,8,1,32,0,3,6,11,12,8,7,16,29,9,32,15,12,0,4,5,11,8,5,22,0,13,0,7,29,4,0,2,7,5,5,8,21,5,4,45,6,54,7,14,3,18,3,5,7,18,11,34,8,9,6,8,0,0,5,8,26,6,21,14,2,9,3,42,0,14,2,0,3,26,9,0,29,3,2,0,8,14,9,5,7,5,3,3,3,2,1,34,18,5,8,8,36,11,13,18,3,6,25,0,0,8,2,5,3,13,10
0,0,0,2,0,16,2,0,2,11,0,0,0,0,0,0,3,0,0,0,0,1,0,4,9,0,2,0,0,6,3,1,10,0,3,0,0,21,6,0,4,5,5,1,0,3,0,0,8,0,0,0,0,0,12,0,0,0,0,2,1,0,3,2,0,1,0,3,0,2,29,6,0,0,1,2,36,18,0,3,3,4,2,0,1,7,4,3,21,1,0,0,0,0,1,0,0,0,0,0,0,2,6,1,2,0,1,1,0,1,5,1,1,0,0,0,8,4,0,0,1,3,5,1,8,0,0,5,0,0,1
8,4,3,2,10,0,6,3,5,2,2,9,4,19,10,7,0,3,5,4,6,1,2,26,0,11,0,15,0,0,0,9,0,0,1,4,31,0,0,2,1,4,0,14,1,7,0,3,0,5,0,21,0,9,0,2,0,0,8,10,7,8,3,5,7,6,8,0,2,1,4,7,4,14,2,0,0,0,8,1,7,1,1,9,0,4,1,1,0,1,6,0,7,1,2,2,4,1,1,0,9,0,0,6,4,1,2,1,2,0,0,4,1,10,3,4,0,3,5,0,1,0,0,0,2,0,0,0,1,7,7
1,0,1,0,0,14,0,4,2,39,0,0,0,0,3,0,11,0,1,0,0,0,0,8,2,0,6,0,0,14,6,3,18,2,3,0,0,20,2,3,9,7,22,5,0,9,0,0,23,1,0,2,0,0,30,0,12,3,1,19,2,0,4,2,0,0,3,3,0,3,29,5,1,0,0,1,0,8,0,16,11,7,4,0,0,0,4,7,0,10,0,0,0,3,0,2,0,0,0,0,0,1,21,0,1,0,4,0,2,0,13,0,1,0,0,0,15,0,10,0,0,6,19,0,5,5,0,0,0,4,2
4,3,0,0,1,0,0,0,1,0,0,0,1,1,1,29,1,0,0,1,2,0,0,3,0,1,0,1,0,0,0,23,1,0,0,3,25,0,0,2,0,0,0,3,18,0,0,0,0,1,0,0,3,37,0,2,0,0,2,0,1,0,0,1,0,3,0,0,0,0,0,1,2,0,3,0,0,0,0,0,1,0,1,1,0,0,0,1,0,1,0,1,0,0,2,0,0,6,1,0,0,0,0,0,0,0,0,1,0,0,0,3,0,2,1,1,0,0,0,1,0,0,0,0,3,0,1,0,0,5,0
47,1,1,0,28,0,35,3,4,0,11,2,2,16,29,28,5,37,23,16,23,9,8,74,0,24,8,22,0,1,7,11,4,4,1,25,94,0,1,26,0,3,0,53,38,5,0,19,2,17,0,0,0,40,0,37,1,8,20,10,0,16,9,24,58,52,7,0,14,6,0,9,11,12,45,0,0,0,14,2,3,1,1,5,4,2,0,2,0,3,1,5,43,2,23,0,1,49,20,0,29,1,0,5,7,9,1,18,34,0,0,39,2,46,2,22,1,5,12,42,9,0,7,0,13,0,7,4,5,0,3
4,2,3,0,8,0,3,0,9,1,2,2,0,3,7,0,0,5,1,4,4,2,1,6,0,0,10,0,0,0,0,5,0,0,1,0,5,0,0,2,2,0,1,7,6,1,41,1,3,0,0,1,1,0,0,8,0,2,2,0,0,2,1,6,0,8,0,0,0,0,5,0,4,3,4,0,0,0,6,0,4,2,0,4,0,0,1,3,0,1,25,5,0,2,8,2,0,8,5,0,2,0,0,9,0,3,1,1,0,6,1,5,3,2,3,3,3,3,0,11,3,4,2,11,10,1,7,2,0,3,0
