Ant4,Ant57,Ant260,Ant5,Ant52,Ant59,Ant65,Ant244,Ant540,Ant929,Ant2,Ant6,Ant24,Ant25,Ant26,Ant30,Ant38,Ant73,Ant74,Ant99,Ant102,Ant148,Ant158,Ant191,Ant196,Ant202,Ant209,Ant245,Ant268,Ant278,Ant308,Ant604,Ant620,Ant646,Ant673,Ant838,Ant1,Ant12,Ant13,Ant20,Ant27,Ant28,Ant29,Ant32,Ant40,Ant42,Ant43,Ant44,Ant50,Ant55,Ant62,Ant66,Ant68,Ant70,Ant71,Ant80,Ant81,Ant82,Ant85,Ant91,Ant96,Ant97,Ant100,Ant105,Ant111,Ant112,Ant113,Ant114,Ant117,Ant126,Ant135,Ant137,Ant139,Ant142,Ant144,Ant147,Ant149,Ant153,Ant156,Ant159,Ant169,Ant170,Ant173,Ant174,Ant176,Ant178,Ant186,Ant195,Ant198,Ant207,Ant212,Ant217,Ant218,Ant219,Ant220,Ant221,Ant226,Ant229,Ant232,Ant238,Ant242,Ant243,Ant250,Ant255,Ant256,Ant257,Ant261,Ant263,Ant265,Ant294,Ant299,Ant301,Ant305,Ant318,Ant320,Ant332,Ant334,Ant342,Ant347,Ant353,Ant356,Ant376,Ant387,Ant390,Ant391,Ant394,Ant395,Ant398,Ant433,Ant437,Ant475,Ant492,Ant501,Ant527,Ant549,Ant552,Ant556,Ant575,Ant580,Ant592,Ant593,Ant600,Ant607,Ant610,Ant614,Ant621,Ant632,Ant635,Ant638,Ant650,Ant663,Ant665
0,1,5,2,16,11,3,0,10,0,1,0,0,8,0,10,3,2,0,0,0,6,0,2,0,0,0,0,0,3,0,9,0,10,2,1,0,0,11,0,14,0,0,2,0,5,0,1,16,0,36,0,5,1,0,0,0,0,0,47,0,0,14,3,0,2,8,0,13,4,0,12,1,7,2,2,0,0,0,1,11,0,2,3,8,0,1,1,0,0,9,0,1,0,23,10,0,1,2,0,30,0,0,0,0,0,3,0,0,1,0,0,16,0,0,0,12,0,0,12,0,0,8,1,8,1,4,28,0,6,3,2,0,0,1,4,0,0,0,0,0,5,25,7,0,0,5,12,7,6,0,4
1,0,0,0,0,2,0,1,1,19,1,9,4,3,2,3,9,6,1,25,6,2,9,0,6,2,2,5,10,10,10,3,25,4,0,4,1,3,0,10,3,4,2,2,1,6,10,3,4,0,14,1,0,14,4,4,11,6,5,0,27,28,3,0,25,0,2,9,9,1,10,17,15,3,0,38,10,9,2,5,1,15,19,0,2,0,13,10,2,37,3,4,14,1,8,5,1,0,8,15,9,4,13,2,3,34,4,0,10,0,4,4,2,16,9,6,0,2,6,0,7,2,2,14,0,8,12,0,3,14,3,1,0,20,4,10,10,8,7,20,2,5,3,0,2,9,17,0,8,11,16,10
5,0,0,9,0,0,0,1,0,0,13,0,0,0,0,0,0,0,0,0,0,25,0,16,0,0,2,0,0,9,0,0,0,0,0,0,0,0,6,3,0,4,3,0,7,0,0,0,10,0,24,0,25,0,14,5,1,0,0,5,0,0,2,1,0,0,25,0,0,5,0,7,0,4,8,6,0,0,0,0,0,5,0,2,0,0,0,0,0,0,0,0,0,0,14,0,2,0,0,0,0,0,0,0,0,2,7,0,0,14,0,0,0,0,0,0,6,0,0,2,0,0,0,2,81,0,0,23,0,0,0,0,0,0,39,11,0,3,0,0,0,0,5,21,0,0,0,35,6,5,1,16
2,0,9,0,2,6,8,6,10,0,20,0,0,2,0,4,0,0,5,2,1,4,2,38,3,0,7,1,3,14,4,0,0,1,4,2,0,1,8,2,1,0,6,11,9,1,3,0,12,0,7,3,15,1,3,0,2,0,0,28,0,3,6,9,2,0,1,1,1,7,0,3,0,3,17,2,2,21,0,1,16,2,0,22,2,0,0,3,1,1,2,0,2,0,12,2,14,0,2,0,11,5,0,9,0,2,11,5,0,9,0,0,13,0,3,1,25,0,0,20,1,8,0,0,8,2,2,11,0,1,0,11,0,5,10,1,0,4,0,0,0,0,15,5,1,2,1,6,4,2,3,9
16,0,0,2,0,1,9,2,14,0,4,2,0,2,1,1,0,3,11,0,0,6,0,1,0,0,3,15,0,5,1,2,0,11,0,0,0,2,2,8,2,5,0,7,0,12,0,9,6,2,21,3,3,1,2,1,4,4,1,44,0,0,6,4,0,0,5,0,0,6,0,8,0,8,1,3,0,0,0,5,7,1,0,1,14,0,0,9,2,0,8,0,8,0,11,6,1,2,11,1,13,16,0,3,2,2,2,1,0,2,0,5,10,0,10,1,20,0,0,6,2,1,25,4,2,0,6,20,0,0,0,0,1,0,11,2,0,0,0,2,0,3,11,11,0,1,0,2,8,6,2,5
11,2,0,6,1,0,22,3,6,0,13,0,0,1,2,27,0,0,6,0,0,0,6,7,0,0,0,0,1,11,11,0,0,7,9,3,0,1,6,3,14,0,15,5,12,0,0,4,1,0,6,5,0,0,1,0,7,1,0,14,2,0,10,14,0,0,2,0,3,45,0,10,0,1,5,0,1,30,0,1,19,3,2,5,23,1,0,3,0,0,16,0,3,0,26,15,17,3,4,4,4,0,0,21,0,1,1,9,1,2,0,1,9,0,0,0,2,1,0,9,0,0,15,0,0,0,0,0,0,4,0,11,0,8,7,1,0,6,3,1,0,2,8,5,0,0,2,3,10,2,0,6
3,0,0,8,9,22,0,2,7,1,11,0,0,2,2,5,0,1,11,0,0,5,3,6,3,0,11,0,1,13,1,7,0,3,11,0,0,0,13,4,5,0,6,26,2,11,0,0,8,0,12,31,3,0,0,0,4,1,0,11,0,0,6,9,0,0,1,5,6,2,0,19,2,4,9,3,0,23,0,2,8,6,0,13,4,0,0,3,0,0,6,0,8,0,11,9,8,2,12,2,24,15,0,13,0,0,5,3,1,7,1,0,13,1,0,0,7,1,0,14,0,0,5,1,2,0,0,10,0,0,0,13,0,0,3,0,0,9,0,0,0,0,13,6,0,0,0,2,0,4,7,2
0,1,1,6,2,3,2,0,3,6,1,3,0,12,9,0,3,1,18,5,0,0,4,1,0,0,3,0,3,3,1,1,19,3,6,6,0,1,3,9,4,1,3,8,0,4,8,0,10,0,1,4,1,6,3,0,4,3,2,10,0,0,10,6,3,0,4,4,3,9,0,14,9,13,2,0,2,3,0,11,12,1,0,2,3,0,1,9,1,9,4,1,3,1,11,0,0,1,28,6,14,14,0,3,2,2,3,12,1,11,0,3,10,0,4,1,0,12,0,4,23,0,17,2,0,0,8,0,0,22,5,6,0,4,16,0,10,2,3,5,1,3,3,2,0,5,2,0,1,3,11,9
10,1,0,10,14,6,7,3,0,2,1,0,0,2,0,4,0,0,9,0,0,0,2,5,9,0,5,4,1,1,0,0,0,8,1,1,0,8,4,3,1,0,0,8,10,1,0,3,0,0,5,13,11,0,4,0,6,0,0,56,2,0,9,10,0,1,0,0,13,7,0,3,0,2,0,1,0,12,0,0,12,9,1,6,5,0,0,2,0,0,5,0,16,1,0,13,5,0,1,14,8,5,0,2,0,0,2,3,0,4,1,3,9,0,5,0,15,1,0,5,11,19,8,0,0,0,1,1,1,3,1,2,0,5,4,0,0,1,8,0,0,0,2,1,0,0,0,0,13,4,1,11
0,19,0,0,0,0,1,6,2,0,0,2,0,4,0,3,12,0,11,5,5,0,7,2,11,0,3,5,20,14,4,0,4,0,10,1,0,4,10,13,10,1,4,1,5,0,13,1,14,1,1,0,2,2,0,1,7,1,18,1,3,8,9,9,3,0,5,6,0,6,2,2,6,0,0,3,7,2,0,9,1,17,5,0,11,3,0,7,6,32,13,0,17,0,0,1,5,6,21,28,0,12,1,1,3,7,6,6,2,0,0,3,1,4,2,7,1,5,0,0,13,4,1,0,3,0,1,0,0,14,1,7,0,6,8,3,1,5,5,1,1,3,6,2,2,2,2,0,10,2,13,9
1,1,13,20,4,13,11,1,1,0,0,0,0,6,0,0,0,1,6,0,0,4,1,7,0,0,0,0,0,12,0,0,0,7,0,0,0,0,4,4,2,0,1,2,20,6,0,2,13,0,11,0,58,0,21,0,0,0,0,16,4,0,1,0,1,0,2,0,4,2,0,9,2,3,1,0,0,6,0,1,3,0,0,18,17,1,0,0,0,0,10,0,5,0,13,20,9,0,14,0,11,0,0,8,0,0,17,2,0,7,0,1,9,0,0,2,15,2,0,10,4,1,0,0,36,0,1,4,0,0,0,0,0,0,12,0,0,0,3,1,0,0,20,1,0,0,2,6,4,6,6,3
0,9,0,0,2,0,0,3,0,2,0,0,7,6,16,0,12,14,4,9,3,0,4,0,1,11,1,14,2,2,6,15,10,0,3,32,18,12,1,2,0,22,0,1,0,14,4,20,0,12,0,0,0,5,2,21,6,11,9,0,14,2,0,2,44,20,1,12,4,0,4,5,34,0,0,45,8,0,0,7,0,5,21,0,5,26,34,19,14,19,4,6,2,2,5,7,0,2,1,3,4,3,5,0,6,28,4,0,13,2,16,6,1,3,3,4,0,22,31,0,5,0,0,16,0,30,8,0,9,14,15,2,12,3,3,6,27,1,3,25,40,26,3,4,71,5,7,0,0,8,14,0
0,4,0,0,0,0,0,0,0,0,0,7,0,0,2,0,0,10,0,8,1,1,0,0,3,16,0,1,0,0,0,2,0,2,0,5,33,0,1,1,0,11,0,0,0,0,0,9,3,6,1,0,0,0,0,2,0,19,13,0,9,0,2,0,3,43,0,0,0,0,0,2,21,0,0,40,2,0,6,0,0,1,5,0,0,15,7,2,13,0,0,22,0,5,1,0,0,0,3,0,0,0,1,0,5,4,0,0,0,0,3,18,0,0,0,3,0,4,14,0,0,0,0,32,0,25,3,0,12,1,17,0,10,0,0,1,8,1,0,11,60,11,0,1,29,0,0,0,0,3,3,0
8,3,0,2,2,1,2,12,2,4,6,6,0,0,17,20,5,3,0,5,0,0,6,13,1,6,22,3,7,11,16,18,23,5,0,6,0,6,1,15,6,0,2,2,1,2,13,10,22,3,0,0,2,3,0,4,12,1,0,7,8,0,10,15,8,0,14,11,18,26,0,30,6,0,0,9,7,0,0,12,0,27,4,0,15,0,13,14,1,20,43,0,14,0,18,36,16,7,5,16,8,2,6,11,1,0,2,3,2,5,10,5,0,3,6,3,10,9,3,4,14,4,0,4,6,0,0,5,0,5,0,3,0,12,28,2,1,6,10,3,0,7,7,16,1,5,4,0,6,8,4,0
0,2,0,0,1,2,2,9,0,0,0,16,2,17,0,1,5,9,4,6,0,7,3,0,1,13,0,13,3,2,3,25,0,13,6,18,11,1,0,7,8,14,0,2,0,24,9,12,10,9,3,1,1,0,0,16,4,8,0,0,11,0,5,2,10,15,2,8,10,1,0,17,10,10,1,32,5,0,0,6,15,25,9,0,4,5,28,2,12,0,23,1,6,6,5,9,2,3,13,0,3,0,0,9,7,9,1,0,8,4,4,17,1,1,1,4,0,9,10,0,20,0,7,18,0,12,4,0,2,10,8,1,7,3,2,7,20,9,4,8,4,4,21,0,14,0,15,0,2,17,1,11
10,3,0,4,1,27,5,0,4,3,0,0,0,20,1,0,1,0,2,1,0,0,3,12,4,0,1,5,0,8,8,0,1,3,1,0,0,2,2,6,2,2,1,0,1,2,0,0,5,0,0,1,0,1,5,1,4,0,1,0,3,0,13,1,3,0,1,2,4,4,0,9,0,3,1,3,5,2,0,1,3,0,1,0,7,0,0,2,0,2,20,0,4,0,11,13,6,0,1,7,4,4,0,0,3,2,8,3,2,1,3,3,1,0,1,5,2,7,0,8,8,2,2,2,0,0,1,0,0,0,0,2,0,7,9,0,2,6,4,4,0,2,7,3,1,0,1,0,1,9,1,0
3,9,0,0,0,0,0,3,0,12,0,12,0,5,5,1,0,0,5,5,6,0,3,1,6,0,3,5,9,1,5,3,17,1,0,0,0,15,0,4,0,2,0,1,0,0,2,0,4,0,0,1,0,13,2,1,1,3,26,0,2,8,1,0,14,5,0,8,0,1,10,12,3,0,1,13,11,1,0,5,1,3,0,0,1,0,11,13,3,26,0,0,1,8,0,0,0,0,4,24,4,2,6,2,7,10,6,4,9,0,0,9,0,8,9,5,0,0,3,0,13,1,0,5,0,3,16,0,0,9,14,3,0,3,3,6,5,9,7,4,2,1,1,0,1,5,8,0,0,0,1,6
2,6,0,0,3,0,1,1,0,0,1,14,10,3,9,0,0,0,0,10,0,4,0,0,0,28,0,7,0,0,0,35,4,11,0,31,45,2,0,5,0,22,0,0,0,4,3,11,3,32,10,0,0,0,0,17,0,27,1,0,20,1,1,0,11,18,10,0,0,1,2,10,33,4,0,37,1,0,25,4,1,0,38,0,0,17,13,4,17,0,7,23,2,4,0,0,0,0,7,0,1,0,0,0,9,6,0,0,2,0,17,6,1,0,2,3,0,1,25,1,2,0,0,39,0,55,0,0,5,3,17,3,21,0,8,3,10,4,1,5,35,16,3,1,30,0,0,0,0,42,1,0
0,1,0,5,11,6,11,18,9,11,6,4,0,0,4,2,5,0,0,6,0,0,3,2,3,0,1,5,4,5,10,12,1,6,5,3,0,3,2,3,5,0,12,4,2,0,1,3,5,0,7,14,0,3,1,0,14,2,0,0,1,1,13,19,1,1,0,16,5,6,0,4,2,2,5,7,3,4,0,11,19,4,0,0,13,0,0,0,0,6,29,0,5,0,0,5,0,10,23,1,3,8,1,1,2,0,12,4,0,14,0,6,8,0,4,1,2,3,0,1,6,3,5,1,0,0,5,0,0,4,9,9,0,3,19,2,4,1,0,5,0,3,6,1,0,5,1,0,3,3,14,17
0,25,0,2,0,0,0,5,0,5,0,9,8,5,6,1,5,10,6,0,3,0,3,1,8,9,0,7,4,2,5,18,12,4,0,24,1,5,1,12,1,10,0,1,2,5,1,15,5,7,1,1,0,15,0,10,2,12,14,0,14,19,8,3,26,3,2,30,14,1,8,29,52,2,0,33,27,1,0,1,1,2,12,0,13,10,11,15,11,0,9,1,3,10,2,4,0,3,2,2,2,1,1,0,3,14,0,0,11,0,8,33,0,6,15,8,0,20,11,0,5,1,0,29,0,11,4,0,7,7,14,3,10,4,8,23,22,6,2,12,12,12,3,0,39,3,17,0,2,34,12,6
0,6,0,1,0,0,0,0,0,5,0,3,1,0,0,0,6,0,0,3,0,0,5,0,3,0,0,21,1,8,5,0,11,0,0,0,0,7,0,2,0,7,0,0,1,0,2,0,0,0,0,0,0,8,0,1,0,3,0,0,0,10,2,2,17,1,0,19,0,2,13,2,2,3,0,9,3,0,0,0,0,3,0,0,2,1,0,6,1,12,2,0,1,0,1,2,0,4,2,10,1,0,1,0,0,21,4,0,3,1,0,2,0,3,1,9,0,0,2,0,2,0,5,0,0,3,18,0,2,1,4,1,0,12,7,0,2,15,11,0,1,1,0,0,3,3,2,0,0,1,0,0
6,2,25,4,6,0,5,0,0,0,4,0,1,0,7,0,0,4,0,0,0,0,0,8,6,0,14,0,0,2,2,1,0,10,0,5,0,3,2,15,0,5,5,0,1,5,0,0,6,0,7,1,20,2,3,0,2,0,0,11,1,0,6,0,0,3,29,0,14,3,0,27,0,9,2,3,4,0,0,1,4,1,1,0,0,3,9,0,2,0,6,1,0,0,8,0,3,5,2,0,4,4,0,0,0,6,7,0,1,4,0,3,1,0,0,3,3,1,5,2,0,0,3,11,34,0,2,13,3,0,2,0,0,0,2,1,0,18,0,1,0,1,8,21,3,0,0,30,19,14,0,1
0,9,0,2,0,6,3,4,2,7,1,4,0,6,3,3,3,0,3,3,5,0,0,5,12,1,6,3,8,7,11,9,3,1,3,6,0,2,1,9,4,1,1,2,3,4,5,1,10,1,1,5,1,5,2,1,6,2,1,0,0,9,13,0,1,1,6,23,2,8,1,13,3,10,2,2,7,5,0,4,10,3,15,1,6,0,0,5,2,18,12,0,9,2,4,5,2,1,8,7,1,5,0,3,1,3,4,4,1,4,1,4,1,6,0,6,0,7,1,0,16,4,4,6,1,0,14,2,0,10,2,2,0,10,10,3,0,8,2,7,0,0,6,1,2,4,3,0,4,8,2,2
2,0,16,38,1,7,6,1,5,2,7,0,0,13,0,12,1,0,2,1,0,8,5,0,2,0,3,1,5,3,4,0,0,1,1,0,0,0,2,2,1,0,4,1,1,0,0,0,2,0,9,4,20,0,0,0,3,0,0,53,0,0,15,10,1,0,2,0,2,10,0,2,0,0,2,2,1,2,0,7,1,14,0,4,0,0,0,7,0,1,25,0,7,0,26,3,6,3,13,5,6,9,1,11,0,1,1,23,0,2,0,0,7,0,0,0,10,1,0,32,4,11,3,0,3,0,1,0,0,0,0,2,0,8,0,0,1,2,8,0,0,0,2,1,0,1,1,12,6,4,4,27
0,6,0,3,0,0,3,0,9,11,0,1,3,1,1,4,6,0,3,8,3,6,12,2,0,0,1,6,6,11,10,0,1,11,8,1,0,2,0,20,12,5,0,3,1,9,12,0,2,0,2,2,0,5,0,4,5,2,3,0,7,1,17,0,1,0,4,5,4,0,8,23,10,0,0,7,6,2,0,2,2,2,5,0,2,0,0,12,3,15,3,3,6,4,9,7,4,8,6,14,2,8,4,1,6,3,4,6,5,5,0,9,0,5,4,16,0,3,1,1,20,3,0,14,0,3,9,0,0,22,5,5,1,5,9,3,5,10,3,6,0,0,14,0,1,5,11,0,2,11,4,8
0,2,0,0,0,0,0,0,0,0,0,11,16,6,13,0,0,28,0,9,0,0,1,0,0,0,1,0,1,0,0,41,15,0,0,9,72,0,0,0,0,15,0,0,1,3,0,29,0,38,1,3,0,0,0,27,0,32,2,0,46,4,2,0,0,27,3,0,4,0,0,16,17,0,1,60,2,0,13,0,0,0,49,0,1,27,39,1,37,0,2,44,1,4,2,0,2,0,1,0,0,0,0,0,10,1,0,0,1,0,63,13,0,2,0,3,0,14,49,0,0,0,0,64,0,43,1,0,14,5,4,2,29,2,0,0,22,0,1,27,65,37,4,0,14,0,0,1,0,14,4,0
0,2,2,7,3,0,11,3,5,3,0,1,0,22,0,1,3,0,1,0,0,14,6,3,1,1,0,2,15,1,5,2,0,0,1,0,0,4,3,17,0,0,0,9,4,0,8,0,4,0,14,0,2,4,0,0,7,0,1,3,2,4,43,0,1,0,0,12,0,1,1,8,1,1,4,7,0,13,0,6,0,3,0,2,1,0,0,2,0,8,1,0,3,2,1,4,8,1,6,50,6,0,2,8,0,0,12,0,1,2,1,2,2,0,3,7,10,3,0,2,6,9,4,5,15,0,1,8,0,9,1,6,0,7,3,1,2,1,23,2,0,0,1,0,3,6,4,11,2,1,11,5
0,5,0,1,15,0,0,0,4,5,0,14,1,3,13,5,5,7,5,7,21,0,3,1,6,0,2,0,4,30,10,10,4,4,12,28,1,8,6,5,1,9,1,0,5,25,11,6,21,2,18,1,0,3,5,1,12,9,3,0,7,2,71,3,16,1,1,5,4,26,3,13,11,28,2,4,9,7,0,10,12,30,5,1,6,1,12,65,4,7,13,0,10,4,11,3,12,2,13,3,15,8,0,9,8,37,13,1,0,0,6,11,3,3,21,11,2,16,2,7,14,4,1,1,0,0,4,0,0,21,5,4,0,21,29,12,2,8,11,9,0,6,5,0,24,3,18,3,1,20,3,0
0,10,0,3,0,1,1,3,1,20,0,2,0,7,3,0,9,0,4,4,1,0,8,5,6,1,15,4,0,7,12,1,6,10,2,1,2,6,0,7,0,12,6,2,2,0,7,1,4,0,1,2,0,8,5,1,13,3,31,1,7,9,10,4,7,0,0,13,2,5,4,7,6,3,2,2,3,4,0,10,2,19,0,0,8,0,2,3,3,12,8,0,8,3,0,5,1,13,18,11,1,5,14,2,3,1,12,3,4,1,1,3,0,4,4,11,0,4,7,1,8,3,3,2,0,0,19,0,0,9,5,12,0,17,1,2,2,17,17,2,2,1,3,1,3,16,1,0,1,3,4,4
3,10,9,14,5,11,13,3,1,14,12,2,0,11,2,8,1,0,5,2,8,2,7,3,11,0,1,30,7,0,10,0,1,4,4,1,0,7,1,6,5,2,5,3,11,0,14,0,8,1,5,9,3,8,22,0,7,2,1,4,1,14,2,6,14,0,0,9,2,31,20,13,1,6,7,1,7,27,0,3,1,10,0,7,8,0,0,8,2,32,20,0,8,1,7,18,5,1,18,120,4,19,7,4,4,17,20,11,10,10,0,0,7,1,1,22,3,1,2,2,8,6,5,0,3,0,7,2,0,4,6,3,0,11,23,1,1,7,33,2,1,0,0,3,3,7,5,8,5,2,8,2
0,10,0,4,1,11,1,1,0,4,0,6,0,16,3,8,5,0,10,5,5,2,11,4,10,0,5,10,12,10,0,0,5,2,2,4,0,9,2,16,4,4,10,3,10,4,15,1,13,0,1,2,3,1,0,5,5,9,3,2,0,11,25,3,3,0,0,8,2,8,2,23,3,7,2,1,5,10,0,2,2,18,1,1,13,0,0,0,1,25,23,0,5,0,0,11,2,0,4,18,5,5,2,10,1,7,8,9,0,0,3,0,1,4,1,2,3,0,0,3,12,4,1,0,4,1,3,2,1,7,6,3,0,8,16,7,1,10,3,2,0,4,1,4,2,9,0,5,5,5,8,4
9,3,0,0,2,0,7,1,0,0,0,15,2,18,25,0,3,35,12,18,0,1,9,0,0,41,2,10,1,0,0,0,0,21,4,38,20,1,1,6,2,9,0,2,1,25,6,32,4,19,7,0,0,7,0,32,4,14,1,0,25,0,3,0,15,16,9,0,16,1,0,14,11,2,0,63,2,0,0,1,9,4,38,0,9,3,63,4,21,0,4,3,5,4,9,7,0,3,0,2,2,7,0,0,3,8,0,0,7,0,28,30,7,0,5,15,5,5,11,0,6,0,0,23,0,17,9,0,1,4,9,4,25,2,18,1,11,19,2,41,40,20,10,4,52,2,8,0,0,59,2,2
0,25,0,0,0,0,0,19,0,4,0,10,0,23,0,1,17,4,1,12,11,0,3,0,1,15,0,4,6,1,5,0,0,1,2,2,2,8,0,0,0,0,1,0,3,7,10,7,4,7,0,0,1,24,0,8,1,3,1,0,11,6,8,1,15,7,0,12,2,1,12,10,5,0,0,9,9,3,0,0,0,0,6,0,4,0,8,2,1,12,0,0,0,3,0,0,0,1,5,8,0,0,10,1,3,7,7,4,18,1,18,7,0,18,15,2,0,4,3,0,4,0,0,3,0,1,12,0,2,3,13,2,0,1,7,6,7,5,3,9,3,9,4,0,8,13,16,0,2,0,5,1
10,4,0,1,11,7,3,3,8,0,7,0,2,5,13,3,1,11,6,4,0,10,1,1,11,0,0,4,10,4,2,21,1,0,10,19,0,4,4,5,17,2,0,4,2,7,0,18,3,4,13,0,2,3,0,0,1,1,0,0,7,0,28,0,0,0,11,0,23,8,0,3,4,27,1,2,1,2,0,1,18,17,7,3,11,3,26,11,1,0,22,0,27,5,14,25,2,0,2,0,0,2,0,10,0,5,25,3,3,8,2,10,8,0,1,1,0,5,2,4,12,0,10,14,1,6,2,0,0,8,5,4,0,2,18,16,6,7,0,16,0,6,5,23,9,0,0,0,8,21,0,0
2,0,0,4,0,9,11,6,1,10,0,3,0,0,6,1,0,0,5,0,0,0,3,1,8,0,1,12,2,4,2,4,2,10,0,1,0,0,8,10,12,0,18,7,0,3,5,0,12,0,0,4,1,1,2,0,21,1,0,0,2,0,3,6,0,0,0,5,2,3,1,8,2,12,0,0,2,4,0,1,1,7,0,1,2,0,0,5,2,3,7,0,13,0,11,0,0,0,7,3,1,12,0,2,3,0,4,2,0,1,1,1,9,2,0,6,4,1,0,15,2,6,9,1,0,0,1,0,0,3,0,14,0,7,0,2,2,0,7,4,0,0,4,5,0,1,0,0,1,5,2,11
1,4,0,2,0,3,0,6,1,1,0,32,5,6,18,0,0,31,3,24,0,5,6,0,1,9,0,28,1,1,4,38,2,19,1,0,2,17,0,6,1,13,0,1,0,18,8,26,6,13,3,1,0,5,0,20,7,20,17,0,28,3,10,0,4,13,5,2,17,3,2,9,32,4,1,47,9,0,0,7,14,5,26,0,6,24,43,10,17,4,7,7,2,13,5,5,1,0,3,0,3,1,1,0,18,15,2,0,7,5,12,27,0,1,7,1,0,17,0,0,4,0,2,31,0,10,5,3,10,5,27,8,2,2,3,9,18,2,1,31,11,14,6,12,96,4,17,0,0,58,27,2
0,1,0,0,0,0,0,0,0,0,0,18,33,0,11,0,0,45,0,1,0,0,0,0,0,72,0,1,2,0,0,20,2,0,0,2,0,0,0,0,0,34,0,0,0,0,0,17,0,65,0,0,0,0,0,12,0,34,0,0,21,0,0,0,2,37,0,0,0,0,1,2,24,0,0,62,0,0,52,0,0,1,39,0,0,31,8,0,28,1,0,71,0,5,0,0,0,0,0,1,0,0,2,0,10,1,0,0,0,0,23,19,0,0,1,0,0,1,50,0,0,0,0,15,0,52,0,0,9,0,5,0,33,0,0,0,15,2,0,13,97,14,0,0,18,1,0,0,0,7,2,0
0,3,0,1,2,1,0,1,8,4,0,12,0,6,1,2,15,2,3,5,7,3,2,0,2,0,4,8,6,7,9,1,8,4,0,17,0,0,0,6,0,4,0,1,0,4,9,1,3,0,0,0,0,7,0,3,4,3,12,0,4,9,4,2,10,4,0,7,3,7,15,11,18,1,0,1,4,0,0,0,0,5,8,0,2,0,5,4,3,9,1,0,5,7,2,0,1,3,3,11,0,1,11,0,3,15,1,0,6,6,2,5,0,12,6,7,0,6,0,1,4,2,0,3,0,1,6,0,0,4,10,1,0,5,3,1,4,3,4,10,1,3,1,1,11,4,11,0,2,12,2,2
11,0,6,8,2,6,13,3,4,10,4,1,1,1,0,2,0,0,2,1,0,2,1,2,0,0,3,6,0,1,2,1,0,4,8,0,0,0,0,1,2,1,6,10,2,0,0,0,28,0,15,7,6,0,5,0,3,0,0,36,0,3,8,12,1,1,3,0,3,6,0,2,4,1,7,1,1,2,0,1,3,0,0,11,8,0,0,2,2,1,0,0,0,0,6,0,1,0,0,4,4,1,0,1,0,3,3,7,0,2,0,0,5,0,0,0,3,0,0,18,3,3,3,0,5,0,0,12,0,4,0,10,0,3,15,0,0,0,2,0,0,0,4,1,4,0,0,20,5,1,4,14
0,10,3,2,8,3,4,9,3,13,4,2,1,15,7,6,4,5,3,12,2,15,9,2,20,0,17,5,7,6,16,6,0,5,10,6,0,6,1,0,5,17,1,6,7,6,3,14,13,2,20,4,3,17,5,3,9,2,25,6,3,7,9,3,3,1,9,12,15,2,7,19,12,14,17,7,4,4,0,4,10,11,10,0,3,0,4,18,1,13,6,4,9,1,6,2,1,2,9,11,8,5,3,11,7,8,4,4,2,2,1,6,3,5,8,9,0,5,4,1,21,0,3,2,9,0,9,2,0,15,2,5,0,4,7,6,3,9,5,9,0,6,12,6,7,6,2,1,11,23,6,3
14,3,0,1,2,14,5,4,1,10,2,0,0,6,8,2,0,0,5,1,0,0,4,1,12,0,0,1,0,5,4,2,0,17,12,1,0,0,2,5,0,0,17,8,3,5,0,4,7,0,1,9,4,1,0,2,3,0,1,0,0,3,8,10,8,0,2,5,2,12,0,2,0,0,1,4,5,2,0,4,25,4,2,0,4,0,3,0,0,0,9,0,9,0,22,1,0,1,0,2,18,0,0,6,1,0,1,5,1,7,0,4,2,1,0,3,4,2,0,3,4,2,11,3,0,0,0,0,0,1,3,1,0,1,8,6,0,2,2,3,0,1,6,5,0,0,1,0,21,3,0,6
0,4,4,0,5,0,0,1,0,1,0,22,11,0,14,2,2,22,0,10,7,5,1,0,5,15,0,9,12,2,4,9,0,2,0,13,34,4,1,17,0,0,1,0,0,7,0,9,4,11,0,0,0,0,2,25,0,16,18,0,8,12,2,1,2,12,5,0,1,1,4,2,28,3,0,27,6,0,21,4,1,3,3,1,1,55,27,12,9,0,3,6,4,21,0,2,0,1,8,1,1,3,0,1,7,6,1,1,3,1,10,10,0,1,3,2,0,2,22,1,4,1,0,32,1,62,5,3,9,3,13,6,13,3,0,2,14,2,0,13,38,22,0,4,55,2,6,3,4,9,0,1
0,2,3,6,0,15,6,3,0,4,1,0,0,2,0,1,0,0,12,0,0,5,1,4,0,0,0,1,6,5,10,0,1,0,18,0,0,0,6,1,17,1,0,0,1,0,3,0,4,0,0,0,7,0,0,0,3,0,2,8,2,0,8,13,0,0,1,2,1,9,0,3,1,0,0,1,1,5,0,4,8,7,0,25,12,0,2,2,0,1,6,0,14,0,3,3,5,2,17,2,6,3,0,11,0,1,0,6,0,6,0,0,3,0,2,1,2,1,0,3,4,10,1,0,4,0,0,2,0,1,2,8,0,6,4,1,1,13,14,0,0,0,5,2,1,0,0,13,1,0,1,23
2,2,0,11,7,5,26,8,8,1,2,1,0,2,2,0,1,0,4,1,0,0,2,1,3,0,9,0,2,3,3,2,0,4,7,1,0,1,10,6,8,0,0,0,5,1,2,6,0,0,27,10,2,1,7,0,2,0,3,22,3,0,6,1,0,0,11,0,1,1,3,3,1,5,3,6,1,2,0,4,18,0,2,6,3,0,0,8,0,0,12,0,5,0,5,0,0,2,10,0,6,6,0,3,1,0,12,0,0,5,0,4,13,5,3,3,8,3,0,6,1,0,2,4,2,0,2,0,0,5,0,4,0,4,8,0,2,1,3,0,0,0,20,1,4,0,1,0,8,7,3,2
0,1,7,9,0,12,2,0,10,5,20,0,0,1,0,1,0,0,2,2,1,1,3,1,1,1,4,5,2,11,10,1,3,2,0,0,0,0,2,7,3,0,1,5,0,1,0,0,10,0,9,3,7,1,13,0,11,2,2,35,1,0,0,0,6,1,4,1,1,3,0,7,1,0,18,0,7,10,0,1,0,1,0,22,7,0,0,2,0,3,1,0,3,0,3,3,20,0,0,9,2,3,3,24,0,0,10,8,0,0,0,0,7,1,0,1,5,0,0,2,0,0,3,0,16,0,1,4,0,2,0,0,0,4,10,0,0,2,4,0,1,0,3,1,3,6,3,20,20,0,3,0
5,6,0,1,12,0,11,4,1,0,6,14,0,2,24,2,0,4,0,5,0,5,4,0,9,3,0,25,0,0,4,25,7,7,3,18,0,4,0,6,5,7,0,1,1,0,0,6,1,9,2,1,0,0,0,19,7,9,0,0,6,0,12,3,2,2,1,0,30,1,0,19,10,5,0,7,2,1,0,3,23,2,24,5,42,3,13,6,2,2,18,0,5,8,2,4,1,14,3,0,0,4,0,7,4,5,2,1,1,0,14,8,7,0,5,0,0,5,5,1,3,0,6,13,0,13,5,2,0,6,9,0,0,4,20,1,6,0,0,8,0,35,5,16,6,0,1,0,6,25,11,0
0,10,0,3,0,0,0,8,0,13,0,4,0,13,9,0,2,3,1,1,2,0,5,0,12,0,8,11,7,14,15,6,10,0,5,8,0,9,0,3,0,0,3,2,0,0,0,0,15,0,0,0,0,3,2,2,8,7,0,0,5,14,2,7,3,0,0,27,1,3,4,8,4,3,0,0,1,5,0,2,2,13,1,0,15,0,5,7,0,45,15,0,5,0,0,5,9,0,6,14,1,6,2,1,4,10,6,0,3,0,0,5,1,5,5,10,1,0,0,1,12,4,2,1,0,0,6,0,0,6,5,13,0,7,6,6,0,10,3,3,1,5,4,0,0,4,14,0,6,3,0,3
1,3,0,0,9,4,0,0,3,1,2,20,9,10,12,0,0,11,3,15,0,0,1,0,0,29,0,6,1,0,1,32,7,18,0,26,17,1,0,14,4,9,0,6,0,6,0,0,1,20,8,0,0,3,5,15,5,14,0,0,25,0,2,0,11,20,8,1,13,0,1,14,24,2,1,34,1,0,1,2,2,1,25,0,6,8,47,3,30,0,13,3,11,3,0,3,0,5,3,0,1,0,0,1,12,1,4,0,5,2,19,15,0,1,4,0,10,1,24,0,0,1,0,15,0,10,2,1,0,8,13,0,6,1,10,2,37,9,1,11,12,26,8,1,51,0,0,0,11,37,2,0
16,4,10,12,6,1,8,10,0,14,13,0,3,22,10,5,4,3,5,5,0,6,10,2,2,0,4,21,4,8,13,4,4,3,12,6,0,3,28,13,7,4,4,0,10,1,15,1,0,0,6,8,2,0,4,3,4,2,5,36,3,8,12,18,4,0,6,11,7,11,2,6,0,7,7,9,13,1,0,3,7,17,1,3,4,0,6,21,2,12,16,0,6,1,9,5,3,7,10,9,4,16,3,0,3,3,8,5,0,4,1,1,14,7,5,6,11,4,0,8,1,13,1,3,9,0,3,24,0,7,5,6,0,21,7,0,4,6,6,6,0,1,21,3,2,5,6,16,8,10,0,8
0,0,0,0,2,0,0,0,0,1,0,12,6,3,9,0,0,32,0,7,0,0,1,0,0,38,0,2,0,1,0,19,7,4,0,13,65,0,0,2,0,11,0,0,0,9,0,20,0,0,0,0,3,0,0,14,0,16,0,0,54,0,0,0,4,37,3,0,0,0,2,9,25,0,0,75,11,0,17,0,5,2,48,0,1,15,35,0,16,0,1,27,0,13,0,0,0,2,1,0,0,0,0,0,10,0,0,0,0,0,56,2,0,0,0,0,0,2,42,0,3,0,0,20,0,44,0,0,9,8,10,2,22,0,0,0,13,2,0,22,38,17,0,1,24,0,0,0,0,14,0,0
36,14,24,7,21,6,12,1,5,1,11,0,1,0,3,0,0,10,7,1,0,7,1,9,2,1,14,18,1,5,1,7,0,13,0,3,0,0,15,20,1,0,0,27,9,2,0,8,6,0,0,5,13,2,4,1,3,0,0,41,10,0,12,9,1,0,0,0,3,16,0,15,5,7,11,11,2,1,0,4,5,2,1,13,3,2,2,19,4,0,11,0,5,0,4,7,5,4,4,0,13,4,0,5,1,1,2,1,1,4,1,4,17,0,5,0,26,0,1,47,0,0,4,3,33,7,0,39,0,5,1,1,0,0,21,8,0,4,7,8,2,4,24,12,1,0,0,42,7,18,1,4
0,1,0,3,3,5,31,4,13,0,0,0,0,0,1,1,1,0,14,1,0,1,5,4,2,3,0,1,2,9,2,0,0,0,4,1,0,0,7,4,9,0,0,10,3,1,0,0,8,0,5,0,1,1,22,0,7,2,0,10,1,0,15,1,0,1,2,1,2,4,0,14,0,3,1,0,0,14,0,11,0,2,0,1,2,0,0,14,0,1,7,0,3,0,0,2,0,2,7,1,5,3,0,4,0,0,17,2,0,10,0,0,7,1,1,5,0,0,0,9,0,2,2,0,0,0,2,9,0,1,0,7,0,3,5,1,0,3,2,1,0,0,0,0,0,2,0,14,1,3,4,0
5,0,25,15,3,0,3,1,11,2,58,0,0,2,1,0,0,0,0,0,0,20,1,20,0,0,2,0,0,3,3,0,1,2,1,0,0,0,6,3,4,0,7,2,7,0,0,0,2,3,13,1,0,1,48,0,0,0,4,21,0,7,1,0,1,0,2,0,1,1,0,1,0,2,31,6,0,0,0,0,0,0,2,9,0,0,0,2,1,0,2,0,1,0,5,9,0,0,0,0,7,4,0,4,0,0,5,0,0,15,0,0,6,0,0,2,23,2,0,5,0,4,0,0,18,0,0,34,0,2,1,0,0,1,7,0,0,2,0,0,0,0,10,14,1,0,0,46,22,0,0,9
1,14,0,1,1,0,0,6,0,2,0,5,0,3,0,1,13,0,3,15,8,2,5,0,5,0,4,3,8,8,1,7,24,3,1,5,0,7,0,17,1,0,0,1,1,0,3,3,0,0,2,1,1,0,1,1,0,3,19,0,2,16,3,1,17,0,0,8,1,2,38,11,11,2,0,5,1,0,0,4,2,7,2,0,3,1,1,7,9,18,2,1,0,3,0,0,2,5,1,15,0,2,29,2,11,3,0,0,5,1,2,2,0,2,4,14,2,7,6,0,10,0,2,2,0,1,4,0,0,11,7,6,0,4,5,4,9,7,5,2,0,2,1,3,6,7,8,1,3,11,11,9
0,4,14,3,2,1,0,3,4,0,21,2,0,0,0,5,2,0,1,0,0,3,2,0,0,0,0,5,5,22,0,0,0,0,2,0,0,0,5,5,0,2,0,7,13,0,2,5,4,0,4,22,48,1,0,0,1,1,3,17,1,0,4,3,0,0,1,5,0,0,0,10,0,11,18,3,0,7,0,6,2,0,0,4,0,2,0,1,0,0,1,0,1,0,0,0,1,1,2,0,5,5,0,6,1,3,12,1,0,9,0,1,0,0,2,1,3,0,0,5,0,5,0,0,21,0,0,5,0,0,0,0,0,2,29,0,0,9,3,0,1,0,0,6,0,0,0,33,1,2,2,3
0,4,5,0,1,0,0,0,0,1,0,21,2,4,16,1,1,17,0,10,1,0,1,0,4,27,0,1,1,0,5,32,8,0,0,20,12,3,0,3,2,25,0,0,0,19,2,15,3,14,1,0,0,1,0,0,2,20,15,0,23,0,1,0,8,27,0,1,4,0,1,13,63,1,0,95,6,0,15,3,0,3,38,0,1,27,36,4,21,3,1,7,1,18,0,0,0,4,1,0,0,1,0,0,5,1,2,0,6,0,29,27,0,1,3,0,0,18,16,0,2,0,1,44,0,78,5,0,32,8,14,0,7,2,4,0,19,6,0,16,47,24,9,1,55,3,3,0,0,20,4,0
0,11,1,2,4,7,4,4,6,7,0,6,0,12,4,4,1,0,14,2,0,2,6,3,5,0,7,12,13,7,5,4,1,1,21,7,0,4,3,9,3,0,3,2,11,7,8,5,4,0,3,7,0,0,1,2,0,2,0,0,2,6,10,2,1,0,1,15,2,4,2,18,5,2,0,3,3,3,0,1,3,11,0,0,4,0,1,5,6,15,7,0,10,2,2,8,2,5,27,1,0,9,5,2,10,0,3,15,0,6,0,0,1,2,1,10,8,6,2,4,15,7,3,3,0,0,0,0,0,6,3,6,0,19,3,1,0,3,12,10,0,3,11,2,5,2,5,3,4,4,4,2
0,6,0,0,4,1,1,3,0,1,0,11,19,1,8,0,3,27,2,12,3,0,2,0,2,32,0,9,3,2,9,14,3,1,1,20,34,3,0,2,0,16,0,0,2,9,7,14,2,16,0,2,0,3,1,20,2,0,7,0,29,3,1,7,9,36,0,6,0,1,2,16,49,3,2,35,4,0,12,2,0,3,39,0,0,10,10,5,32,4,4,13,3,6,0,1,0,2,3,8,0,3,1,0,5,12,4,0,14,1,38,12,0,1,9,4,0,2,20,0,6,2,1,50,0,30,2,0,12,1,23,3,24,0,2,14,13,2,3,18,34,17,1,0,55,6,1,0,0,19,12,4
0,5,0,0,1,0,0,2,0,18,0,9,13,0,0,1,26,1,0,14,0,0,1,0,3,2,1,3,31,1,3,1,1,0,0,17,0,12,0,25,1,18,2,3,2,0,0,0,5,0,0,0,4,19,3,15,0,7,0,0,2,0,5,9,3,0,0,11,4,6,3,16,23,0,0,14,7,0,0,7,1,11,0,0,6,3,15,3,3,4,3,0,0,2,0,0,0,1,2,5,5,3,6,0,5,3,2,1,8,1,2,11,0,5,11,21,0,14,5,0,14,14,1,4,0,5,0,0,4,43,12,7,0,0,1,0,1,14,10,6,0,0,0,0,19,3,11,0,5,18,16,3
47,0,5,28,44,14,11,10,56,1,16,0,0,7,0,0,0,0,0,0,0,11,0,53,0,0,3,0,1,4,2,0,0,0,0,0,0,0,36,6,0,0,8,22,35,0,0,0,36,0,41,10,21,0,17,0,0,0,0,0,1,0,31,10,0,0,0,0,5,33,0,15,0,7,41,0,0,0,0,13,0,3,0,21,0,0,0,3,0,0,3,0,18,0,12,1,3,0,0,0,105,5,0,4,0,0,13,0,0,2,0,0,12,0,2,0,67,0,0,82,0,3,11,0,35,0,0,17,0,1,0,0,0,0,5,0,0,1,0,0,0,0,30,3,0,0,0,15,23,5,1,12
0,27,0,0,0,2,0,0,2,3,4,14,9,8,11,3,2,20,1,14,0,1,0,0,7,46,2,7,7,1,0,25,11,7,2,28,21,4,0,3,0,8,2,3,1,6,5,25,3,54,10,1,0,2,1,23,2,29,2,1,0,5,3,0,18,41,11,14,2,0,34,15,39,0,2,38,10,2,20,4,5,1,14,0,0,13,35,1,35,14,4,33,3,14,0,6,0,7,6,3,3,0,12,1,15,4,0,0,8,1,47,4,0,5,21,11,0,6,23,1,1,0,1,41,0,23,2,0,7,5,23,2,5,2,2,1,17,8,8,20,46,35,7,1,41,3,6,0,0,22,4,2
0,28,0,3,0,0,0,0,0,8,0,2,0,0,0,0,8,1,1,19,10,0,9,0,1,4,4,2,9,14,11,0,6,0,0,3,0,9,3,7,3,12,0,0,0,0,14,0,8,0,0,0,7,16,0,0,6,3,0,0,5,0,2,0,9,3,0,12,0,4,11,16,18,3,1,1,8,0,0,2,2,8,1,0,5,0,2,6,3,26,5,0,5,0,0,1,2,0,7,12,1,0,6,0,3,9,1,1,4,7,1,5,0,14,4,6,0,4,1,2,14,4,0,13,3,0,2,0,5,11,8,5,0,30,5,27,9,5,2,4,2,0,0,6,18,12,58,0,4,9,14,11
14,3,2,6,6,10,6,10,9,9,1,0,2,10,5,13,1,1,13,8,2,6,13,15,17,2,43,71,10,2,25,3,8,28,3,10,0,4,8,9,8,2,8,6,0,12,2,2,12,0,12,15,1,3,4,1,10,1,5,31,3,2,0,23,6,2,11,5,7,15,3,28,4,22,5,1,11,4,0,4,15,9,5,4,6,0,3,4,0,15,11,0,11,8,3,14,7,4,9,4,7,13,2,2,2,6,14,2,0,8,1,7,3,13,14,6,2,7,0,13,7,8,13,2,6,1,13,8,0,12,0,14,0,18,8,6,4,13,6,2,0,0,9,9,1,3,14,3,3,5,12,5
3,0,1,9,4,14,9,6,10,9,0,2,0,15,2,1,0,0,19,3,2,0,0,10,0,0,0,3,4,6,3,0,1,0,6,0,0,2,12,3,10,1,13,1,0,3,7,0,18,0,9,1,0,1,3,0,2,7,9,10,0,0,23,0,0,0,0,2,5,9,0,6,7,2,7,0,0,2,0,3,5,8,0,9,5,0,3,9,0,2,24,0,0,0,5,13,22,2,0,2,11,7,0,6,5,0,6,3,0,20,0,1,15,1,1,4,3,6,1,3,5,5,3,0,0,2,0,1,0,8,1,0,0,6,3,1,4,5,4,0,0,0,11,9,1,0,2,3,0,4,1,14
0,25,0,2,0,0,0,3,0,3,1,44,3,8,10,3,14,11,1,26,17,0,1,1,1,0,1,16,7,14,3,15,15,0,0,4,2,10,1,3,8,2,0,0,6,2,3,11,4,4,1,0,1,17,0,8,1,9,3,0,18,9,6,0,0,2,6,21,3,3,69,12,26,0,0,11,6,1,0,2,0,3,5,0,4,4,8,9,4,21,4,4,0,10,2,3,1,8,7,32,2,3,20,0,5,36,4,1,49,0,5,13,1,9,11,16,1,7,23,0,6,0,0,24,0,5,17,0,0,6,28,4,3,9,10,10,24,5,2,6,7,28,1,0,16,8,19,0,1,22,14,1
2,0,0,0,0,0,0,0,1,0,0,20,43,0,15,0,5,18,1,3,1,3,1,0,0,27,0,1,0,0,0,16,7,0,0,13,37,4,1,1,0,12,0,0,1,2,0,20,0,37,0,1,0,0,0,27,0,36,0,0,41,3,2,0,2,0,2,1,2,0,4,11,34,2,0,69,1,0,16,1,0,0,37,0,0,13,23,0,24,0,0,38,0,17,0,0,3,0,0,0,0,0,5,0,14,1,0,0,1,0,47,14,0,0,1,1,0,1,60,0,0,0,0,27,0,66,0,0,11,0,1,1,30,0,0,2,18,0,0,14,32,20,3,0,12,0,0,0,0,9,0,0
8,2,25,1,5,2,1,4,0,5,2,1,0,14,2,1,0,10,0,2,0,29,6,2,4,3,0,1,0,0,0,9,0,11,0,5,0,0,3,9,2,5,1,11,4,1,0,8,6,3,0,2,2,0,1,0,1,0,0,0,11,0,11,0,6,2,0,0,1,5,0,22,5,8,3,4,7,4,0,13,13,1,8,0,1,4,17,10,6,1,11,0,3,0,7,1,0,1,7,4,5,2,0,1,0,3,6,0,0,2,0,1,3,0,4,3,0,0,7,1,6,2,11,8,12,3,4,3,0,0,0,3,0,0,22,7,5,4,0,9,0,4,1,2,8,0,1,5,13,29,0,0
0,9,0,1,0,0,5,4,0,6,0,12,0,11,8,2,8,0,16,30,19,0,23,0,5,0,12,5,13,9,8,0,12,0,5,2,0,7,0,12,5,0,2,0,1,0,27,1,11,0,0,1,0,8,5,1,15,6,11,0,14,12,5,2,21,1,0,0,1,7,10,17,7,0,0,7,16,6,0,6,3,5,2,0,6,0,25,1,2,11,11,0,1,6,8,1,5,6,9,28,0,7,5,0,4,14,7,2,16,0,0,10,0,6,5,7,0,0,0,0,11,4,3,24,0,0,3,0,0,4,9,3,0,12,8,3,4,2,9,9,0,6,5,0,0,21,39,0,6,3,6,13
13,9,0,1,0,3,6,3,13,0,4,4,0,18,10,4,0,0,5,14,0,14,2,2,4,4,0,4,2,2,2,16,2,23,2,17,0,3,3,15,2,1,1,1,1,30,1,13,7,0,3,2,1,1,0,4,2,0,4,5,2,0,7,5,3,2,1,1,0,8,0,24,9,1,1,8,3,1,0,4,7,0,5,1,11,3,12,3,7,1,26,0,8,4,14,10,1,18,3,0,1,0,0,6,8,6,2,1,3,11,0,5,1,0,1,0,4,2,7,0,10,0,0,13,14,1,16,8,0,1,12,3,0,5,21,3,1,0,0,17,0,10,8,5,3,0,3,7,3,30,9,4
4,1,5,7,6,45,2,9,7,6,2,0,0,26,1,4,1,1,6,1,2,3,8,10,0,0,1,26,5,31,8,1,1,8,3,3,0,7,6,2,12,1,9,1,3,1,3,0,11,0,16,4,1,2,0,0,4,1,6,33,0,4,15,9,3,0,5,7,8,0,0,16,5,16,16,2,3,8,0,6,12,10,7,9,4,0,0,7,2,2,14,0,6,0,7,11,43,1,7,1,5,1,0,10,3,17,7,5,1,8,2,0,9,0,0,4,11,2,0,8,7,1,4,0,1,0,7,6,0,13,0,0,0,15,34,2,0,4,4,1,0,0,2,17,3,0,2,0,1,0,1,2
0,10,0,0,0,0,0,0,0,2,0,4,0,0,0,0,10,2,0,8,13,0,1,0,8,0,1,3,4,20,2,0,12,0,1,2,1,15,0,7,0,4,0,3,0,0,4,1,2,2,0,0,0,38,0,1,2,2,3,0,34,11,3,0,69,4,0,10,0,0,0,9,23,0,0,5,1,0,0,2,0,0,2,0,1,1,17,10,4,11,0,1,1,9,0,0,0,3,2,47,6,4,28,0,5,13,1,0,45,0,6,4,0,9,6,4,0,11,6,0,1,1,0,13,0,6,3,0,2,3,28,3,0,0,0,10,22,3,2,11,1,11,1,0,6,6,12,0,0,7,4,0
12,17,7,3,8,10,19,14,3,2,9,5,2,30,17,9,12,10,4,29,2,27,13,2,23,16,8,13,7,13,23,14,10,3,8,9,2,11,2,19,2,2,3,3,7,19,8,14,6,9,15,14,1,11,10,13,18,16,16,15,15,16,28,6,12,11,22,17,24,16,9,0,14,13,8,40,15,4,3,10,8,5,12,6,9,2,6,29,8,33,9,3,23,5,6,11,9,19,8,18,10,15,7,5,9,12,16,4,6,4,16,10,3,10,7,19,4,31,20,2,3,3,5,25,10,18,16,6,7,7,19,8,0,9,17,11,11,10,4,8,2,17,24,7,62,11,11,6,5,35,18,7
1,15,0,0,0,0,2,9,0,6,2,34,21,6,10,0,3,33,2,52,2,0,3,0,10,17,1,11,6,1,3,11,5,4,2,32,24,18,4,12,0,28,1,1,1,10,4,24,0,25,5,0,0,11,0,63,5,49,23,0,39,18,4,7,26,34,5,7,9,5,23,14,0,2,0,63,8,0,16,5,3,3,11,0,7,22,26,16,29,12,7,14,10,15,0,5,0,11,4,7,0,1,12,5,20,1,0,0,26,4,64,12,3,3,7,3,0,33,29,0,7,2,3,72,0,75,2,0,23,3,13,9,17,3,7,13,19,5,4,35,100,21,5,9,49,4,16,0,5,38,15,3
7,3,4,3,8,1,4,13,2,0,3,0,0,0,10,3,0,4,2,2,3,9,10,0,0,0,1,28,3,6,7,2,0,27,12,4,0,1,1,14,0,3,0,5,0,5,3,2,7,0,7,3,2,2,11,1,2,3,0,7,0,3,22,2,0,2,8,0,1,16,0,13,2,0,3,0,2,5,0,0,0,7,0,11,8,0,0,24,2,0,3,0,0,0,2,2,4,3,7,9,11,3,0,7,4,8,1,0,0,17,0,1,2,1,14,2,0,0,0,9,5,3,4,3,3,3,6,3,0,8,4,12,0,1,2,3,1,10,1,0,0,0,3,30,10,0,3,13,0,6,2,0
2,0,8,17,1,5,9,2,0,0,1,0,0,0,1,1,1,0,5,0,0,2,2,2,0,1,4,2,2,7,2,0,0,1,0,1,0,0,7,17,1,0,0,3,18,0,0,1,7,0,11,1,31,0,18,0,0,2,0,41,2,1,5,7,0,0,3,0,1,16,0,8,0,3,0,4,0,14,0,1,4,0,0,5,0,0,0,0,0,0,3,0,3,0,10,3,8,0,8,0,8,0,0,3,1,0,3,3,0,6,0,0,17,0,0,0,20,0,0,3,1,1,1,0,30,0,0,7,0,3,0,2,0,4,18,0,0,3,2,0,0,0,12,13,3,3,1,27,21,2,2,0
2,38,6,2,3,0,3,0,1,3,0,45,40,9,32,3,13,37,7,33,9,3,2,2,7,60,7,4,2,1,1,63,9,2,0,47,62,1,1,7,4,27,1,6,0,7,0,34,9,75,11,0,6,5,3,95,3,35,14,0,38,1,1,0,11,69,4,7,8,2,5,40,63,0,4,0,12,0,22,6,0,4,63,0,7,53,47,5,27,0,9,29,5,19,0,1,0,7,2,3,4,6,5,1,19,3,8,1,23,8,27,47,2,3,5,1,1,23,60,0,4,0,6,105,5,184,6,2,37,20,16,7,25,1,5,2,36,5,3,35,69,33,9,2,83,0,10,1,0,41,11,3
0,10,0,2,0,1,0,2,0,7,0,8,2,7,5,5,11,1,3,27,3,4,7,1,6,2,0,9,3,7,5,2,9,1,2,9,0,4,1,4,5,6,1,1,7,2,1,1,13,11,2,0,0,1,0,6,3,4,7,0,10,8,11,0,6,1,7,16,3,3,1,15,8,2,0,12,0,3,0,0,0,3,5,0,1,8,3,2,1,10,12,6,3,2,8,1,0,1,6,5,3,0,0,0,5,18,0,2,6,3,5,17,0,7,4,6,0,14,13,1,8,0,0,20,0,10,4,0,1,0,15,10,0,6,22,11,6,2,3,12,16,0,6,0,8,6,7,0,11,11,3,4
0,9,0,21,0,30,23,3,12,2,6,0,0,0,0,2,1,0,4,1,0,0,5,2,2,0,13,7,4,27,10,0,3,2,4,0,0,0,2,4,2,0,5,2,10,1,5,0,1,0,1,14,0,0,7,0,3,0,0,0,2,0,4,2,1,0,4,6,1,8,0,4,0,5,14,0,3,0,0,5,2,14,0,22,1,0,0,4,0,3,8,0,1,0,1,6,2,1,6,2,20,2,0,17,0,4,7,8,0,8,0,0,5,0,0,1,0,0,0,1,4,0,11,0,0,0,0,0,0,6,0,8,0,2,14,1,0,7,16,0,1,0,2,2,0,0,2,1,0,2,0,6
0,2,0,0,0,0,0,0,0,0,0,0,6,0,0,0,0,25,0,0,0,0,0,0,0,13,0,0,0,0,0,0,0,0,0,0,52,0,0,0,0,21,0,0,0,0,0,1,0,17,0,0,0,0,0,15,0,12,0,0,20,0,0,0,0,16,0,0,0,0,0,3,16,0,0,22,0,0,0,0,0,0,6,0,0,23,0,0,7,0,0,59,0,3,0,0,0,0,0,0,0,0,0,2,2,0,0,0,0,0,43,8,0,0,0,0,0,0,33,0,0,0,0,16,0,44,0,0,16,0,12,0,43,0,0,0,3,0,0,4,25,2,0,0,3,0,0,0,0,5,0,0
1,5,0,1,5,1,2,11,0,9,1,7,0,12,6,1,5,4,11,1,0,1,4,7,2,0,6,10,10,3,2,1,0,1,1,7,0,0,1,4,4,4,4,4,1,3,2,2,3,0,4,11,0,4,6,3,1,2,7,13,4,2,4,3,2,1,13,6,4,6,2,10,5,0,1,6,0,5,0,0,8,10,2,1,7,0,4,1,2,2,8,0,5,0,6,6,8,12,16,4,7,6,2,0,0,2,1,2,3,3,1,2,4,2,8,2,3,4,0,0,4,1,2,1,0,1,7,0,0,9,5,1,0,9,0,6,2,1,6,7,0,2,2,5,1,1,0,0,1,9,2,5
11,1,0,16,7,19,8,12,12,1,3,0,0,0,15,3,1,1,19,1,0,4,10,1,2,0,0,12,2,1,2,9,0,18,1,14,0,0,3,10,25,1,8,18,0,23,2,2,7,5,5,0,0,2,2,0,3,0,1,0,5,2,15,5,0,0,13,3,7,12,0,8,3,0,4,0,0,2,0,8,0,12,3,7,1,0,0,6,1,2,9,2,5,5,0,6,7,4,15,4,12,10,0,1,0,5,2,6,0,5,0,6,6,1,7,1,3,0,0,2,5,0,19,0,0,1,2,0,0,6,5,10,0,20,7,1,0,0,4,6,0,0,0,16,3,1,8,0,0,9,1,11
0,15,5,2,1,3,6,1,9,17,0,5,1,27,25,0,3,0,4,2,3,1,3,14,2,0,3,30,19,10,18,4,0,17,7,5,1,5,0,11,4,3,7,0,1,2,13,1,17,2,2,2,0,7,0,3,11,3,11,3,1,8,9,8,3,0,1,5,0,10,0,5,3,7,0,4,3,14,0,10,12,0,3,6,1,0,0,17,0,8,21,0,11,0,2,12,8,1,14,10,4,0,0,3,1,12,24,17,0,14,0,3,5,2,4,1,0,5,1,3,13,3,2,1,4,0,4,0,0,18,0,7,0,12,10,2,0,3,18,0,0,2,5,2,7,7,3,5,4,8,4,2
2,19,0,0,0,2,0,0,1,5,0,21,5,4,9,1,0,38,0,12,0,1,15,0,5,49,0,5,0,0,1,38,6,7,0,26,39,8,0,10,2,3,0,2,0,24,1,25,1,48,1,0,2,2,0,38,0,39,0,0,14,1,5,0,5,37,8,2,5,7,2,12,11,0,0,63,5,0,6,2,3,3,0,0,5,19,20,9,39,0,3,21,15,7,0,7,0,12,8,1,0,2,0,0,18,0,0,1,6,0,21,3,0,7,2,1,5,23,50,0,0,0,0,36,0,26,4,0,0,7,15,0,9,0,12,6,21,11,0,51,17,21,6,0,10,8,1,0,0,22,0,13
3,0,2,22,1,5,13,2,6,0,18,0,0,0,0,0,0,0,0,0,0,0,1,4,0,0,2,1,0,7,1,0,0,3,1,0,0,0,11,0,0,1,25,6,22,5,0,0,3,0,13,1,9,0,4,0,0,0,0,21,0,0,4,9,0,0,0,0,1,9,0,6,0,11,5,0,0,22,0,1,7,6,0,0,0,0,0,1,2,0,11,0,0,0,1,0,19,2,0,0,4,0,0,12,0,0,5,2,0,1,0,0,15,0,0,0,4,0,0,3,0,0,2,0,13,0,0,9,0,0,0,5,0,1,8,0,0,0,0,0,0,0,2,6,0,0,0,24,0,1,2,5
8,2,0,2,14,23,4,3,5,11,17,5,0,15,4,7,1,0,13,13,2,0,6,0,2,1,1,6,8,8,13,9,4,11,2,6,0,2,8,3,4,1,12,3,7,42,15,6,4,1,3,2,0,3,0,1,4,0,6,0,0,5,6,5,4,0,1,6,11,4,1,9,7,8,0,7,1,1,0,7,1,1,5,0,0,0,9,3,0,6,27,0,15,0,17,17,4,11,5,9,3,1,1,7,3,2,5,1,0,0,0,1,16,1,4,13,7,3,1,4,2,3,6,1,0,3,9,3,0,10,9,2,0,7,28,7,0,5,14,5,0,4,2,7,4,9,2,0,21,13,10,3
0,0,0,0,0,1,0,0,0,3,1,26,15,0,5,0,0,17,0,10,1,3,0,0,0,27,0,1,0,0,0,3,0,3,0,24,31,0,0,0,0,55,0,0,0,3,0,8,0,15,2,0,0,1,2,27,0,10,3,0,13,0,0,0,4,13,4,0,3,0,1,2,22,0,0,53,8,0,23,0,0,0,19,0,0,0,10,0,17,0,0,33,0,7,1,0,0,3,0,0,0,0,0,1,4,3,0,0,4,2,14,33,0,0,0,0,0,1,33,0,0,0,0,40,0,42,6,0,13,0,17,1,32,0,0,6,17,0,0,0,57,19,0,1,69,0,2,1,3,19,0,0
1,13,0,0,0,0,0,1,0,0,0,34,7,13,28,0,11,13,0,11,0,9,0,0,0,39,0,12,2,0,0,63,8,26,0,43,8,5,0,4,3,27,2,0,0,13,5,47,6,35,2,0,0,1,0,36,1,10,15,0,35,2,3,3,8,23,17,25,12,0,17,6,26,0,0,47,3,0,0,4,0,0,20,0,9,10,0,1,33,10,2,0,11,7,0,6,2,0,1,1,4,1,5,0,11,4,0,0,39,0,17,9,1,0,7,0,0,3,33,0,2,0,0,40,0,22,17,1,9,1,25,1,3,0,7,4,20,1,0,44,7,31,15,1,24,2,13,0,3,34,0,2
1,10,0,3,9,3,3,9,2,7,0,19,2,14,2,2,13,4,0,15,6,0,5,7,12,1,2,65,3,8,0,4,2,11,5,10,0,4,2,18,0,12,2,8,2,6,7,3,21,0,19,14,2,7,1,4,5,5,3,3,1,6,4,9,9,0,10,1,3,7,10,29,16,24,0,5,2,4,0,1,6,17,9,1,3,0,1,0,3,5,47,2,2,0,9,7,4,5,9,8,1,9,12,8,15,9,1,6,3,1,7,11,2,1,23,8,2,13,3,7,17,0,4,18,0,7,6,1,2,18,8,16,0,8,17,5,4,1,6,11,1,7,11,2,1,4,1,0,3,23,11,8
0,2,0,1,2,0,0,1,0,6,0,14,13,1,12,0,3,17,0,11,1,2,2,0,3,37,0,4,3,2,1,21,1,1,2,17,28,3,2,1,0,9,0,0,0,2,0,30,2,16,4,0,1,9,0,21,6,32,3,0,35,3,0,0,4,24,6,2,7,2,4,8,29,2,0,27,1,0,7,2,1,0,39,2,0,17,33,3,0,1,4,7,1,4,1,6,0,8,0,3,0,0,7,0,13,0,0,1,9,0,30,5,0,4,2,2,0,2,19,0,5,0,0,33,0,23,1,0,2,6,15,0,10,0,0,9,10,5,3,24,28,22,1,0,31,5,4,0,1,15,7,5
0,37,0,1,0,0,0,9,0,32,0,19,0,20,0,2,26,0,6,0,12,0,18,1,15,0,8,7,12,32,25,0,12,0,3,4,1,9,1,13,0,0,1,0,3,2,45,0,12,0,0,1,0,18,0,3,15,4,4,0,14,26,15,2,21,0,1,11,1,2,11,33,12,0,0,0,10,3,0,2,2,8,0,0,6,0,10,5,1,0,9,0,18,6,2,2,1,0,6,30,5,5,40,0,10,21,4,9,11,6,1,13,0,24,12,16,0,2,1,1,11,5,3,7,0,2,3,0,0,9,5,5,0,6,10,3,7,4,9,12,0,2,2,0,4,9,20,0,3,7,6,0
9,3,0,2,8,16,6,4,5,13,10,4,0,43,23,20,0,7,29,9,2,6,12,25,3,2,1,13,8,20,23,4,0,22,7,7,0,1,0,6,9,3,6,12,1,18,15,13,16,1,11,7,2,2,1,1,7,4,3,3,4,5,11,24,4,0,11,11,26,14,0,9,7,3,3,9,12,8,0,8,9,21,3,11,27,0,2,47,4,9,0,0,20,1,19,29,15,2,36,7,11,10,0,19,12,8,7,6,1,5,0,12,12,1,10,19,21,8,1,9,17,3,2,3,0,3,1,0,0,6,3,4,0,13,19,4,6,13,14,5,0,0,18,18,0,3,12,0,18,15,12,7
0,4,0,0,0,0,0,1,0,0,0,6,22,0,1,0,0,23,0,1,0,1,0,0,3,44,0,0,0,0,0,3,0,0,0,7,71,0,0,4,0,6,0,0,0,0,0,3,0,27,0,0,0,1,0,7,0,13,0,0,33,0,0,0,4,38,0,0,0,0,1,3,14,0,0,29,6,0,59,0,2,0,21,0,0,33,0,2,7,0,0,0,0,9,0,0,0,3,0,0,1,0,1,0,17,3,0,0,0,0,41,12,0,0,0,0,0,0,25,0,0,0,0,18,0,36,1,0,29,1,3,2,75,0,0,0,12,0,0,5,45,4,0,0,12,0,0,0,0,4,0,0
1,14,0,2,8,3,8,3,16,17,5,2,0,14,6,4,1,2,5,3,1,0,9,7,6,1,3,10,8,8,5,5,0,27,13,2,0,5,0,9,9,4,14,5,3,5,5,11,6,0,5,3,1,0,1,1,10,3,0,18,3,5,11,0,0,0,3,1,8,6,1,23,10,0,3,5,3,1,0,5,5,11,15,0,15,0,11,2,1,18,20,0,0,0,6,16,9,12,15,10,2,9,11,3,8,11,23,10,2,9,2,8,1,5,3,4,0,6,7,0,7,5,2,6,0,0,1,0,0,8,4,20,0,24,11,4,0,3,5,6,0,5,11,2,2,17,4,0,1,1,7,4
0,1,0,0,0,0,0,1,1,0,0,2,5,0,6,0,8,4,0,10,0,0,2,0,4,4,2,4,3,1,0,4,3,5,0,13,5,7,0,1,0,21,0,0,0,8,0,3,1,13,0,0,0,3,0,18,2,6,2,0,14,0,8,0,10,17,0,6,4,0,9,5,15,0,0,19,2,0,3,0,5,0,7,0,0,7,7,0,4,6,1,9,0,0,0,1,0,1,0,3,1,0,2,0,4,0,0,2,13,0,2,5,0,0,8,2,0,2,17,0,7,0,0,11,0,16,3,0,1,5,29,1,12,0,0,2,2,6,2,12,12,3,0,5,15,5,4,0,0,10,1,0
23,8,14,12,11,26,11,11,0,0,13,5,1,18,5,11,0,0,0,2,1,8,4,26,9,2,1,11,0,7,0,9,0,14,11,5,0,2,6,6,22,0,3,5,3,2,0,0,9,0,4,0,5,0,0,0,2,0,0,12,0,0,3,5,2,0,7,8,14,7,0,6,0,2,10,0,8,1,0,6,0,2,0,1,17,1,0,9,1,2,19,0,6,0,0,3,1,1,3,5,9,4,2,3,0,3,6,0,0,12,1,4,15,0,0,0,8,0,4,22,8,16,3,1,15,0,0,6,1,0,1,0,0,7,19,1,3,3,1,6,0,0,12,3,0,1,6,7,2,4,2,22
10,5,0,2,6,15,9,0,13,1,20,7,0,36,9,13,0,0,5,4,2,0,5,3,7,0,4,3,5,18,11,7,0,25,0,5,0,0,0,2,1,2,3,0,3,4,5,3,5,0,7,2,9,0,0,0,8,1,0,1,6,1,14,13,3,0,1,1,10,11,0,11,5,2,3,1,1,6,0,6,6,12,7,0,17,0,6,7,6,2,29,0,16,1,3,0,6,0,2,1,1,3,0,8,0,0,8,2,0,1,0,8,1,0,7,5,12,0,0,7,1,0,9,1,0,1,1,4,0,7,0,4,0,48,4,0,0,11,3,2,0,2,6,28,0,0,0,11,3,10,1,8
0,1,2,14,1,17,8,0,5,5,9,0,0,16,2,6,0,0,0,0,0,3,2,6,4,2,8,12,1,5,2,0,0,2,0,1,0,1,1,1,0,0,5,0,20,1,9,0,3,0,5,0,0,2,1,0,2,0,0,3,0,2,7,22,1,3,0,5,1,43,0,9,0,4,8,0,0,2,0,8,7,8,0,19,4,0,2,4,0,1,15,0,9,0,1,6,0,0,8,3,7,1,0,5,0,4,7,1,0,0,0,0,13,0,0,0,0,0,0,5,2,1,3,0,7,0,0,2,0,1,0,4,0,10,7,1,0,0,3,0,0,0,1,4,0,0,0,3,0,0,0,0
1,0,0,0,2,3,2,1,0,6,0,2,0,7,3,0,0,0,10,3,4,5,1,3,8,0,1,2,13,1,0,3,1,0,0,0,0,3,0,2,1,1,2,2,0,14,0,5,7,2,4,2,0,5,1,4,5,2,1,0,7,0,4,2,8,0,1,6,18,1,3,19,11,3,0,7,1,1,0,12,4,1,12,2,11,3,0,5,8,0,2,3,12,1,1,0,0,0,10,3,5,5,0,7,2,1,4,1,2,2,0,5,0,0,1,0,0,12,8,0,6,4,0,9,4,1,5,1,1,12,2,6,0,7,3,5,6,13,9,3,0,9,2,8,11,4,1,1,0,7,7,0
2,8,0,2,11,4,12,28,1,21,14,1,3,5,13,1,4,7,23,2,2,2,8,13,6,1,6,13,18,18,4,0,5,2,7,3,0,3,0,9,0,8,17,10,0,3,6,3,10,1,4,7,0,1,2,1,27,3,2,0,6,7,9,0,7,0,7,9,3,7,2,8,4,7,8,2,6,6,0,16,15,14,8,0,5,0,1,9,0,6,36,0,15,0,3,2,8,10,0,9,7,3,1,5,1,9,2,8,3,3,2,2,2,3,2,8,3,19,1,0,15,3,7,11,0,3,11,0,0,11,0,5,0,18,1,17,6,3,22,6,0,3,6,0,3,10,0,0,6,12,1,5
0,15,0,0,1,4,2,6,14,28,0,3,0,16,0,7,24,0,1,2,10,0,7,5,14,0,50,3,11,120,18,2,8,0,3,0,1,11,4,11,2,1,2,0,9,0,14,0,9,0,0,1,0,15,0,0,1,8,5,0,3,12,4,2,32,0,4,28,0,1,47,18,7,9,0,3,5,2,0,4,4,10,1,0,9,0,1,8,3,30,7,0,10,3,5,1,3,3,9,0,6,5,15,4,12,7,8,2,12,3,1,7,5,2,8,18,0,2,0,0,4,4,0,1,1,1,11,0,0,6,10,14,0,9,12,8,7,9,10,6,0,1,0,4,3,10,6,0,2,6,8,6
30,9,0,11,13,4,24,14,8,0,11,4,0,8,3,4,4,1,3,2,1,4,1,6,2,0,6,15,1,4,5,2,0,0,1,3,0,0,4,8,18,1,6,6,2,0,1,1,4,0,13,5,7,0,5,0,0,0,5,105,3,1,7,11,2,0,5,0,1,5,6,10,0,11,8,4,3,20,0,7,12,4,0,4,3,0,4,1,0,5,11,1,2,1,9,1,7,5,7,6,0,2,0,5,2,3,4,7,0,4,0,2,10,1,3,0,7,2,0,4,7,3,24,2,1,0,1,8,0,1,4,3,0,11,1,1,2,4,7,1,0,0,9,3,0,2,8,3,13,7,0,0
0,4,0,5,16,0,15,14,5,12,0,3,0,2,0,4,2,0,8,1,0,4,5,9,8,0,0,8,5,19,5,7,0,2,12,1,0,1,1,5,0,3,3,6,3,4,6,0,16,0,4,3,4,2,5,1,9,3,3,5,0,0,13,7,3,0,2,7,0,1,4,15,1,3,0,6,0,2,0,6,10,0,2,0,1,0,1,9,0,5,10,0,9,0,4,3,1,5,3,5,2,0,0,5,3,8,6,10,3,1,1,7,12,3,2,10,3,15,0,13,8,3,12,1,0,4,5,0,0,12,7,8,0,14,16,1,0,9,2,3,0,3,0,5,1,1,2,0,0,8,7,8
0,13,0,0,0,0,0,0,0,1,0,5,1,6,0,0,6,0,1,1,1,0,0,1,4,0,2,0,14,7,2,0,10,0,0,1,2,11,0,3,0,0,0,0,3,0,2,0,3,0,0,0,0,29,0,0,5,1,6,0,12,6,2,0,20,5,0,5,0,0,28,7,12,0,0,5,0,0,0,2,0,0,0,0,1,0,5,12,7,40,0,1,11,2,2,0,0,0,1,15,0,0,0,0,4,1,0,0,11,1,1,5,0,4,14,5,0,2,7,0,5,0,0,15,0,3,3,0,0,15,6,8,1,4,2,13,12,3,3,0,0,2,0,0,0,7,1,0,0,2,1,0
0,2,0,9,3,21,13,3,2,1,8,0,0,11,9,0,2,0,1,0,0,0,3,11,1,0,8,9,2,4,10,0,1,10,2,0,0,0,1,11,6,1,11,3,24,7,1,1,0,0,5,4,4,2,6,0,2,0,0,4,1,0,2,6,0,0,1,0,6,10,0,5,5,7,3,1,0,17,2,0,1,3,0,12,7,1,0,8,0,0,19,0,3,0,3,8,5,7,5,4,5,5,0,0,0,1,3,4,0,3,2,0,19,0,1,2,5,2,0,4,3,0,0,0,1,0,0,3,0,2,0,2,0,6,4,0,0,1,4,6,0,0,5,8,0,0,0,1,5,9,2,1
0,3,0,0,2,0,0,2,0,3,0,6,5,1,7,3,7,9,2,3,0,0,1,0,6,10,0,8,3,4,1,3,3,0,3,18,10,3,0,7,1,7,0,1,0,4,4,12,3,10,1,0,0,11,1,5,10,5,5,0,15,3,2,5,5,14,0,4,8,3,5,9,20,4,1,19,5,0,2,0,0,1,18,0,3,4,11,15,13,10,12,17,8,4,0,0,0,2,1,12,2,3,4,0,0,5,0,0,10,2,26,11,0,4,6,5,2,16,11,0,4,0,0,19,0,4,8,0,1,7,2,1,17,3,1,9,11,4,1,7,10,4,1,3,16,3,4,0,0,19,15,3
0,34,2,2,2,1,0,2,0,7,0,28,4,0,9,2,10,6,0,14,21,6,3,1,3,1,0,37,1,17,7,8,7,5,0,15,1,15,3,8,0,6,1,0,0,5,10,1,3,0,1,0,0,3,3,1,0,12,3,0,4,9,6,0,36,1,3,14,6,17,13,12,1,8,0,3,18,4,0,2,5,12,0,0,2,3,4,9,0,21,8,3,11,0,3,0,4,1,9,7,3,8,1,1,5,0,10,4,20,3,1,14,0,3,9,14,0,7,3,1,1,0,0,6,0,16,52,1,4,2,10,2,0,6,21,23,1,7,5,11,1,3,2,0,34,3,21,0,0,5,14,2
3,4,7,11,2,1,5,3,2,6,17,4,0,2,1,8,6,0,12,0,4,7,4,1,4,0,12,13,12,20,8,0,7,25,4,2,0,1,3,4,1,1,0,12,10,2,6,4,8,0,2,17,5,0,12,2,3,4,2,13,0,1,14,6,4,0,6,7,2,7,1,16,0,1,3,8,0,7,0,1,2,24,0,5,5,0,0,1,0,4,7,0,23,0,6,8,7,4,2,8,4,6,0,3,0,10,0,6,0,2,0,0,10,0,0,8,0,0,1,1,8,3,5,2,14,0,15,2,0,5,1,0,0,13,7,4,1,1,4,7,0,1,10,8,1,4,3,1,5,3,19,5
0,0,0,5,1,9,3,12,3,6,2,0,0,3,0,3,4,0,4,0,0,0,4,23,6,0,0,1,3,11,9,0,4,3,2,0,0,0,7,4,5,1,6,0,8,1,0,0,5,0,1,2,0,0,1,0,15,0,1,0,0,1,2,3,1,0,0,2,1,5,0,4,0,0,3,1,2,8,0,2,6,17,1,2,1,0,0,6,1,9,6,0,10,2,0,2,1,1,8,2,7,10,0,4,0,4,6,0,1,2,0,0,1,0,1,2,0,2,2,1,1,4,2,1,0,0,2,0,0,0,0,4,0,5,4,2,1,13,14,1,1,0,2,2,3,0,0,0,6,2,0,1
0,10,0,0,0,1,1,1,0,2,0,13,0,2,8,2,9,2,0,11,3,1,1,0,5,1,1,0,4,10,0,7,18,3,0,7,0,6,0,2,1,3,0,0,0,1,3,5,0,0,1,0,0,5,0,6,0,14,8,0,8,4,0,0,49,1,0,16,3,1,45,6,26,0,0,23,6,0,0,3,0,0,6,0,0,4,39,3,9,11,1,0,2,13,0,0,0,2,3,12,0,3,11,0,10,20,0,1,0,1,2,15,0,22,13,3,0,17,6,0,4,0,0,17,0,11,6,0,6,3,37,2,0,0,0,14,26,4,1,20,2,3,3,0,22,6,29,0,1,15,7,0
1,0,14,9,2,2,7,11,4,0,7,2,0,5,4,1,0,0,14,0,1,4,4,2,5,0,2,0,1,10,0,0,1,8,1,5,0,6,2,2,7,1,6,5,0,0,0,2,4,0,4,10,15,1,9,0,6,1,1,2,1,7,8,20,0,0,2,0,11,8,0,4,4,17,6,8,3,8,0,3,5,14,0,1,0,2,0,1,0,6,5,0,9,0,12,1,0,2,3,3,4,1,1,3,2,3,2,2,1,0,0,1,3,1,0,0,3,0,0,2,8,3,8,0,1,0,10,4,0,7,0,3,0,0,10,1,1,3,1,2,0,0,4,5,0,0,6,3,4,0,5,10
0,4,0,0,0,0,1,0,1,0,0,16,3,10,4,3,0,17,0,8,0,0,1,0,0,63,1,6,1,0,3,28,18,2,1,12,23,2,0,1,0,10,0,0,0,14,0,19,1,56,1,0,0,2,0,29,0,38,2,0,47,1,1,0,5,47,0,0,0,2,6,16,64,0,0,27,5,0,43,1,0,0,21,0,0,14,17,7,30,1,0,41,2,2,1,0,0,0,2,1,0,1,1,2,26,1,0,0,2,0,0,9,2,1,0,1,0,9,20,0,4,1,0,10,0,32,7,0,5,11,5,0,27,1,1,3,9,3,0,18,33,13,1,0,18,0,0,0,0,28,9,0
0,4,0,0,5,1,0,3,3,3,1,6,18,5,17,3,9,6,6,33,2,3,4,0,9,13,2,11,3,0,0,30,7,10,1,27,19,5,0,6,4,10,0,4,0,8,5,15,1,2,4,0,0,2,1,27,0,12,11,0,4,5,7,1,13,14,1,10,5,0,4,10,12,1,0,47,17,0,8,2,6,3,3,0,1,33,9,11,5,13,12,12,8,5,4,8,0,5,2,7,2,7,5,0,11,14,0,0,15,1,9,0,4,4,12,3,0,8,21,0,8,0,2,23,0,70,15,0,20,10,20,0,16,2,3,11,17,13,0,14,38,14,17,3,55,1,6,0,1,27,12,3
16,2,0,13,10,9,13,10,9,1,9,1,0,0,1,1,0,1,8,0,0,1,1,7,0,0,2,3,0,7,1,7,0,8,9,0,0,0,5,3,2,0,3,13,7,7,1,0,14,0,17,7,6,0,0,0,1,0,0,12,0,0,3,15,1,0,3,0,1,9,0,3,3,2,17,2,0,5,0,4,6,5,0,15,16,0,1,2,0,0,12,0,1,0,15,1,13,0,2,5,10,12,0,19,0,0,10,1,0,3,2,4,0,0,5,3,14,0,0,29,1,4,8,2,3,1,1,1,0,0,0,5,0,6,6,2,0,0,3,1,0,0,12,5,0,1,0,2,9,4,2,0
0,16,0,0,0,0,1,0,0,4,0,3,0,3,1,0,8,0,0,6,3,0,6,0,5,2,0,3,4,1,4,0,18,0,2,1,0,12,0,5,1,1,0,5,1,0,5,1,7,0,0,1,0,2,0,1,2,1,5,0,5,14,13,1,9,0,0,6,0,0,9,10,3,1,0,3,7,0,0,2,1,2,7,0,1,0,0,1,4,24,1,0,5,0,0,0,0,0,3,2,1,3,4,0,4,3,0,0,22,1,1,4,0,0,4,7,0,2,0,0,6,0,0,2,0,0,2,0,6,2,4,0,0,5,1,1,9,3,2,1,0,2,0,0,3,3,7,0,2,2,3,1
0,9,0,3,10,0,0,4,5,2,0,3,0,6,1,1,9,2,4,15,1,0,0,0,4,0,3,21,4,1,1,5,15,1,0,7,1,6,0,8,0,3,2,3,0,5,5,4,5,0,5,1,0,4,2,3,1,9,11,2,21,4,14,1,11,1,4,5,1,0,6,7,7,14,0,5,4,0,0,8,7,4,2,0,4,0,7,23,2,12,10,0,3,8,0,7,0,1,2,8,3,2,14,1,6,9,0,1,13,0,0,12,5,4,0,0,0,3,7,1,4,1,0,8,0,6,7,0,0,6,12,3,0,8,4,3,6,3,0,7,1,13,1,1,13,17,4,0,0,23,1,4
0,6,0,1,1,0,0,1,0,7,2,4,3,3,4,5,5,3,1,8,9,3,6,0,16,3,7,11,11,22,2,15,2,1,6,1,0,7,0,9,3,2,1,3,1,0,10,0,6,0,0,5,2,14,1,0,10,4,21,0,11,6,6,4,16,1,3,7,0,4,4,19,3,2,0,1,6,1,0,2,1,1,1,0,13,0,0,8,2,16,19,0,4,2,0,5,0,0,8,18,0,10,5,2,5,14,8,2,3,0,1,3,3,7,0,0,0,5,1,2,8,1,0,1,0,2,14,0,0,3,2,0,0,10,16,0,1,3,10,9,2,3,5,2,3,11,5,1,4,4,4,1
12,0,6,25,20,2,7,0,15,1,15,0,0,10,0,2,0,0,2,0,0,3,0,10,0,0,10,2,0,3,3,5,0,0,4,0,0,0,3,0,4,0,2,8,5,0,1,10,11,0,26,0,23,2,3,0,8,0,0,67,0,0,2,3,1,0,0,0,4,11,0,4,0,0,20,1,0,0,0,3,3,0,5,4,7,0,0,2,0,0,21,0,0,0,8,12,0,0,3,0,7,3,0,5,2,0,0,0,0,3,0,0,14,0,0,0,0,0,0,2,1,2,9,1,21,0,0,20,0,2,0,0,0,4,18,0,0,3,0,2,0,5,11,22,1,0,0,10,23,5,1,1
0,2,0,0,0,1,1,12,1,5,2,22,4,9,9,7,0,1,3,20,0,1,7,1,3,14,3,16,4,1,0,5,4,5,1,17,1,6,0,5,2,2,1,3,0,5,0,1,4,2,0,0,2,7,0,18,6,2,14,0,6,4,7,6,7,1,0,0,2,2,11,31,33,0,0,23,14,0,0,4,0,5,23,0,3,1,3,13,2,2,8,0,6,2,0,0,0,12,19,2,2,15,2,2,16,7,0,2,17,0,9,8,0,2,3,5,0,0,5,0,18,1,0,18,0,2,6,0,3,11,8,11,1,6,9,5,9,2,5,43,0,9,7,0,0,1,2,0,0,16,18,2
0,6,0,0,0,0,0,0,0,0,0,31,14,3,10,0,3,25,0,11,2,5,1,0,1,49,0,2,7,2,0,11,3,2,0,0,50,0,0,4,0,22,0,0,0,5,0,24,0,42,1,0,0,6,0,16,2,20,5,0,23,1,0,1,23,60,7,0,7,0,6,20,29,0,0,60,13,0,33,0,0,1,50,0,1,33,33,3,19,1,1,25,7,17,4,0,0,8,1,0,0,0,7,0,11,3,1,2,6,0,20,21,0,0,7,1,0,5,0,0,3,4,0,55,0,36,3,0,18,8,14,3,23,0,2,2,19,3,0,10,86,10,0,0,70,2,1,0,6,38,2,1
12,0,2,20,6,9,14,4,5,0,10,0,0,4,0,8,0,1,1,0,0,2,0,32,1,0,2,7,1,2,3,0,0,4,15,0,0,1,18,1,3,1,3,6,2,1,1,0,8,0,47,9,5,0,5,0,4,0,0,82,1,2,13,3,0,0,1,0,0,8,0,2,0,9,3,0,1,1,0,0,2,3,0,3,4,0,0,7,0,1,9,0,0,0,22,7,5,0,0,0,4,13,0,4,0,1,1,1,0,2,0,0,29,0,1,2,2,0,0,0,5,1,4,0,3,1,2,17,0,2,0,10,0,11,7,0,1,1,0,0,0,1,6,1,1,0,0,3,3,0,1,16
0,7,0,1,2,0,0,23,11,13,4,5,0,14,20,8,13,2,6,5,2,0,16,4,20,0,6,14,8,8,12,6,4,12,2,4,0,4,3,21,4,4,4,1,0,3,12,0,1,3,0,0,0,10,0,2,15,6,14,0,1,14,7,5,6,0,6,11,10,7,1,3,7,5,1,4,8,4,0,4,5,13,0,0,2,0,2,17,5,11,17,0,7,7,8,1,2,6,15,4,7,8,5,3,4,1,8,1,4,8,4,8,1,6,4,8,1,18,3,5,0,5,10,7,0,1,5,0,0,16,8,4,0,15,6,1,3,7,5,2,2,10,18,7,3,13,9,0,2,6,1,14
0,2,0,8,1,0,0,0,19,4,1,0,0,4,0,2,1,0,3,1,0,0,4,11,3,0,9,4,3,6,4,0,0,0,6,0,0,2,3,0,2,1,10,0,0,0,4,1,13,0,0,2,4,0,5,0,7,2,14,3,0,4,8,5,0,0,2,4,0,1,1,3,2,3,1,0,0,0,0,1,0,3,0,0,3,0,0,0,0,5,3,0,5,0,16,0,1,4,3,4,3,3,0,0,0,0,3,4,0,3,1,0,4,0,1,1,2,1,4,1,5,0,0,1,0,0,2,0,0,9,0,0,0,0,3,0,1,1,11,0,0,0,1,0,0,1,0,0,4,2,2,3
8,2,0,0,25,15,5,17,8,1,0,0,0,0,7,2,0,0,5,0,5,3,4,3,0,0,4,1,3,5,1,0,0,10,9,2,0,0,3,3,11,0,1,2,3,6,2,0,1,0,4,2,0,2,0,1,3,1,1,11,1,0,13,3,0,0,11,3,0,4,0,5,3,4,1,6,0,11,0,2,19,2,0,2,6,0,0,4,0,3,2,0,2,0,3,9,3,0,7,0,24,12,0,0,0,0,5,2,0,8,0,2,8,0,0,0,9,0,0,4,10,0,0,2,0,0,1,2,3,2,0,1,0,0,4,2,0,5,0,0,0,1,7,3,2,1,3,3,10,7,0,5
1,14,2,0,4,0,1,2,0,0,0,16,32,4,18,2,5,39,1,29,0,11,6,0,14,64,5,1,2,0,0,23,3,14,1,31,15,3,0,2,3,32,0,4,0,13,1,15,3,20,3,0,0,2,0,44,3,50,4,0,41,13,2,0,24,27,8,24,13,0,13,25,72,3,0,105,20,0,16,1,0,1,36,0,1,40,40,18,33,7,3,18,6,11,1,1,0,9,11,1,2,1,15,0,19,6,2,1,17,0,10,23,2,2,8,1,1,18,55,0,7,1,2,0,0,83,2,0,12,6,30,3,37,0,8,11,37,6,0,28,105,34,4,0,109,1,13,0,8,57,48,0
8,0,81,8,2,0,2,0,0,3,36,0,0,6,0,0,0,0,0,0,0,34,1,3,0,0,15,0,0,3,4,0,0,1,0,0,0,0,5,9,0,1,4,2,16,0,0,0,9,0,33,0,18,0,21,0,0,0,0,35,0,3,6,0,0,0,12,0,14,1,0,10,0,3,30,5,0,0,0,0,0,4,0,13,0,0,0,0,0,0,0,0,0,0,15,0,7,4,0,1,1,0,0,1,0,0,14,0,0,1,0,0,3,0,0,0,21,0,0,3,0,0,0,0,0,0,0,38,0,1,0,0,0,2,15,1,0,2,0,0,0,0,3,9,0,0,0,56,8,2,0,11
1,8,0,2,0,0,0,0,0,0,0,30,25,0,12,0,3,55,0,11,3,0,0,0,3,43,0,0,0,0,1,17,1,6,0,10,52,1,0,0,0,62,0,0,0,13,0,10,0,44,7,0,0,1,0,78,0,30,5,0,23,0,1,2,5,66,3,0,1,0,6,18,75,3,0,184,10,0,44,1,1,0,26,0,3,42,22,7,23,2,3,36,0,16,0,1,0,1,3,1,0,4,3,0,4,16,0,0,11,0,32,70,1,0,6,2,0,2,36,1,1,0,0,83,0,0,3,0,49,1,33,2,34,2,4,4,11,3,0,29,107,27,2,0,59,2,7,0,0,11,3,0
4,12,0,2,6,0,0,8,1,1,1,8,3,0,4,1,16,0,5,4,18,2,14,1,9,1,1,4,19,7,3,9,12,2,1,5,0,6,0,9,0,5,0,2,1,5,6,2,3,0,0,2,0,4,0,5,0,2,0,0,2,2,13,0,17,0,4,3,16,7,3,16,2,6,0,6,4,0,0,7,2,4,4,0,9,6,17,6,1,3,1,1,1,3,0,1,0,5,11,11,1,5,3,0,8,52,15,2,6,10,7,15,1,2,7,14,0,6,3,2,5,2,1,2,0,3,0,0,14,0,4,4,0,3,7,7,3,4,4,10,1,12,3,1,6,1,1,0,4,12,5,2
28,0,23,11,20,0,10,0,1,0,4,0,0,5,0,0,0,0,0,0,0,13,2,0,0,0,8,0,0,2,2,0,0,0,0,3,0,0,12,2,0,3,2,0,4,2,0,1,24,0,39,9,34,0,5,0,0,0,0,17,0,0,8,1,0,0,3,0,8,6,0,6,0,3,7,2,0,0,0,0,0,0,0,9,3,0,1,1,0,0,0,0,0,0,6,4,2,1,0,0,8,0,0,3,0,1,2,0,0,4,0,0,1,0,0,0,20,0,0,17,0,0,2,0,38,0,0,0,0,0,0,0,0,0,11,0,0,1,0,0,0,1,19,24,0,0,0,46,31,0,0,22
0,3,0,0,0,0,0,0,1,0,0,9,12,0,2,0,0,5,0,7,2,3,0,0,0,14,0,0,0,0,1,1,2,0,0,10,9,0,0,0,0,9,0,0,0,0,0,0,0,9,0,0,0,0,0,32,0,12,4,0,7,5,0,0,0,11,0,0,0,0,2,7,23,0,0,37,1,0,16,0,0,0,0,0,0,13,9,2,2,0,0,29,0,1,1,0,0,1,0,0,0,0,0,0,1,4,0,0,6,0,5,20,0,6,0,0,0,3,18,0,0,0,3,12,0,49,14,0,0,3,21,0,5,0,0,0,1,0,0,6,81,8,1,0,54,0,0,0,0,12,0,0
6,14,0,1,0,4,0,22,3,14,0,14,1,5,10,0,9,3,4,7,1,0,10,0,22,5,9,21,9,4,7,4,3,8,3,5,0,4,4,15,1,3,1,5,2,6,6,8,7,8,5,1,2,11,0,8,6,1,43,1,5,11,12,8,6,0,0,4,1,13,3,7,3,8,3,20,0,6,0,9,6,18,7,0,10,0,1,18,6,9,6,1,8,5,0,7,1,12,11,6,1,12,15,2,7,2,5,0,3,7,11,10,0,2,6,3,2,11,8,2,16,9,2,6,1,1,0,0,3,0,8,16,6,9,0,4,0,14,4,9,0,9,5,5,6,11,6,3,9,7,10,5
3,3,0,0,0,0,0,5,1,1,0,15,17,0,8,0,14,17,9,14,4,2,2,0,5,4,1,5,5,6,6,9,13,5,0,27,5,10,0,2,3,13,2,0,0,9,5,13,5,10,1,0,1,7,0,14,3,23,12,0,23,8,0,1,28,1,0,9,12,0,28,19,13,4,0,16,15,0,12,5,5,0,15,0,9,17,25,8,15,5,3,3,4,29,1,0,0,2,0,10,4,7,6,0,2,10,1,0,37,0,5,20,0,4,12,2,0,8,14,0,8,0,0,30,0,33,4,0,21,8,0,2,1,5,3,5,30,2,2,28,14,11,2,0,59,17,8,0,0,36,2,0
2,1,0,11,0,11,13,6,2,7,0,2,0,3,1,2,3,3,9,3,1,0,2,2,5,2,6,4,12,3,3,4,2,4,14,8,0,1,10,5,1,6,8,4,0,0,13,0,6,2,1,7,0,6,0,0,6,3,7,0,2,5,14,0,4,1,3,3,3,0,3,8,9,12,2,7,10,8,0,1,10,7,0,5,2,1,1,16,0,5,4,2,20,1,0,4,4,6,5,14,3,8,8,2,1,2,0,4,2,3,0,0,5,0,3,0,0,11,3,10,4,0,1,3,0,2,4,0,0,16,2,0,0,4,7,3,3,0,6,6,0,2,2,2,24,2,2,0,15,6,5,10
0,0,0,0,1,0,0,0,0,0,0,12,10,0,7,0,0,21,0,10,0,0,0,0,1,29,0,0,0,0,0,25,0,0,0,2,33,0,0,0,0,13,0,0,0,0,0,6,0,22,0,0,0,0,0,7,0,24,0,0,5,0,0,0,3,30,0,0,0,0,0,0,17,0,0,25,0,0,43,0,0,0,9,0,0,32,3,0,10,0,0,75,0,12,0,0,0,0,0,0,0,0,1,0,17,0,0,0,0,0,27,16,0,0,0,0,0,1,23,0,0,0,0,37,0,34,0,0,5,6,1,0,0,1,2,0,10,0,0,1,79,17,0,1,26,0,0,0,0,5,0,0
0,20,0,5,0,8,0,4,5,6,0,3,0,12,3,7,3,0,3,4,12,0,10,8,5,2,7,21,17,11,8,2,1,2,7,2,0,5,3,4,1,3,6,4,4,4,7,1,21,0,0,3,1,4,2,2,19,0,0,0,2,30,18,6,9,0,0,12,5,15,0,9,3,1,4,1,6,2,0,9,20,12,0,1,7,0,0,8,0,6,13,0,24,0,7,48,10,7,18,9,11,14,4,6,3,6,13,5,0,0,1,2,6,5,8,10,4,6,0,11,15,0,0,0,2,2,3,0,0,9,5,4,1,0,7,6,0,0,10,12,0,1,7,0,1,10,19,0,9,7,2,5
1,4,39,10,11,7,3,16,4,8,12,3,0,28,2,9,3,8,19,8,7,2,10,0,9,0,3,29,1,23,16,18,7,18,0,3,0,3,15,7,8,0,4,8,10,20,6,10,7,0,21,5,7,5,29,4,3,2,1,5,2,5,8,3,10,0,22,8,21,34,0,17,7,2,18,5,22,14,0,0,7,10,12,8,28,0,7,17,0,10,19,0,11,0,19,4,7,3,1,12,1,16,2,4,1,21,7,4,0,10,1,3,6,1,4,16,18,9,2,7,6,3,4,8,15,4,7,11,0,0,3,7,2,7,0,12,5,6,10,2,0,9,14,32,7,3,12,26,16,23,12,7
4,10,11,1,2,1,0,0,0,3,0,6,1,2,7,0,6,3,2,23,0,1,3,0,3,0,1,12,2,1,7,1,6,16,2,9,0,1,0,6,6,2,1,0,0,1,6,2,0,0,8,1,0,4,0,0,1,14,0,0,1,27,6,1,10,2,7,3,3,2,10,11,13,3,0,2,11,1,0,6,1,2,6,0,7,6,4,5,9,3,4,0,4,2,1,0,1,5,17,8,1,1,13,0,9,23,4,2,14,1,3,11,2,1,3,0,0,5,2,0,1,0,2,11,1,4,7,0,0,4,5,3,0,6,12,0,1,5,2,6,0,2,1,0,35,10,7,0,2,4,4,4
0,10,0,0,0,0,0,10,0,1,0,27,8,1,20,2,5,10,4,22,2,0,0,1,5,22,2,2,2,1,1,11,7,6,2,18,15,4,0,3,0,14,1,2,0,6,0,37,4,13,0,0,0,9,0,19,0,13,1,0,17,9,4,4,24,18,5,4,1,0,22,11,19,1,0,36,6,0,3,2,0,0,21,0,0,17,20,4,10,7,6,12,0,2,3,0,0,6,6,7,2,0,12,0,11,1,1,1,26,1,9,17,0,9,6,1,0,9,19,1,3,1,0,37,0,11,3,0,1,0,30,3,10,0,5,1,0,4,1,18,12,15,3,2,31,5,7,0,0,23,11,2
0,8,3,4,0,6,9,2,1,5,0,1,1,6,9,6,9,4,1,6,15,18,8,2,10,0,1,8,17,7,10,19,5,7,0,2,2,3,0,9,2,2,13,1,2,0,10,9,6,2,4,3,2,7,9,6,3,2,14,1,8,5,13,5,5,0,4,2,0,4,3,10,5,10,3,5,2,7,0,1,0,3,11,0,5,0,1,1,5,4,13,0,3,6,3,11,0,13,3,9,4,9,3,1,4,7,1,13,4,3,3,13,0,3,3,3,3,2,3,1,7,1,5,6,2,3,4,1,0,14,2,0,0,0,6,5,4,0,5,5,1,3,7,5,3,6,4,1,11,13,6,0
0,7,0,0,0,3,0,3,8,5,3,3,0,10,4,4,7,1,0,2,11,0,2,8,3,1,23,11,17,33,3,2,3,0,7,1,0,4,2,5,2,0,14,3,4,0,3,1,6,0,7,2,0,5,3,0,12,3,10,0,8,2,6,4,2,0,0,9,0,4,2,4,4,1,2,3,3,16,0,6,4,18,0,0,14,0,0,6,3,9,14,0,5,2,1,3,3,9,22,10,7,2,3,4,1,5,4,14,1,1,0,0,3,2,0,10,0,5,0,0,5,11,0,0,0,0,4,0,0,4,2,6,0,10,10,2,1,5,0,2,1,0,2,0,1,4,15,0,4,7,5,4
0,20,0,0,2,1,0,5,0,1,1,25,11,3,8,4,4,5,5,12,0,1,7,0,6,27,2,9,2,2,2,41,9,16,4,31,13,10,0,9,3,13,0,0,0,8,3,11,6,22,8,1,0,2,0,16,10,18,6,0,20,4,2,0,6,14,9,9,17,1,11,8,35,0,0,35,12,0,4,7,6,0,51,0,5,0,44,11,24,12,5,5,6,12,6,2,0,3,6,6,1,3,0,6,7,11,7,1,20,2,18,14,1,1,7,9,2,43,10,0,2,0,0,28,0,29,10,0,6,9,28,6,1,12,2,6,18,5,2,0,30,26,6,5,28,10,7,0,2,34,35,4
0,2,0,0,0,0,0,1,0,1,0,40,60,0,4,0,2,35,0,12,1,0,0,0,0,65,0,0,2,1,0,40,3,0,0,11,97,1,0,0,0,38,0,0,1,0,1,12,0,38,2,0,0,0,1,47,0,34,0,0,46,2,0,0,7,32,0,0,0,0,1,2,100,0,0,69,16,1,25,0,0,0,17,0,0,57,7,1,28,0,0,45,0,12,0,0,0,0,0,0,0,0,0,0,10,1,0,1,2,0,33,38,0,0,1,2,0,0,86,0,2,0,0,105,0,107,1,0,81,0,14,0,79,0,0,0,12,1,1,30,0,5,0,0,30,0,2,0,0,10,0,1
5,5,0,0,3,2,0,3,0,3,0,26,11,7,4,2,1,16,3,12,1,1,0,0,0,37,0,6,1,0,4,20,9,6,0,14,14,3,0,6,1,22,0,0,0,35,5,26,1,17,4,0,0,2,0,24,3,17,0,0,35,0,0,0,28,20,4,6,10,0,11,17,21,0,0,33,0,0,2,2,0,2,21,0,4,19,31,7,22,2,0,4,5,3,0,2,0,9,3,1,0,3,2,0,4,3,1,0,3,0,13,14,0,2,13,3,5,9,10,1,10,0,1,34,0,27,12,1,8,9,11,2,17,1,9,2,15,3,0,26,5,0,2,7,54,3,3,1,3,20,25,0
25,3,5,15,11,8,13,3,2,6,20,3,0,7,21,7,1,3,6,3,0,8,6,2,14,4,1,5,3,0,1,10,4,5,4,6,0,1,4,12,6,0,5,20,3,5,4,8,21,0,24,0,10,1,0,9,11,1,0,30,7,0,9,11,1,3,1,5,8,2,1,24,5,3,12,9,6,2,0,2,0,5,6,2,2,0,15,11,1,2,18,0,11,0,12,6,1,2,6,0,9,0,0,5,1,2,10,2,3,4,1,17,12,0,1,5,11,7,0,6,18,1,7,4,3,2,3,19,1,5,2,2,0,7,14,1,3,7,2,6,0,2,0,6,3,0,5,19,8,6,2,3
7,0,21,5,11,5,6,2,1,2,1,4,1,16,0,3,0,1,1,0,0,21,1,1,0,0,0,0,1,3,4,4,0,23,5,12,0,1,1,6,5,4,2,1,1,16,0,1,3,1,12,0,14,3,6,1,2,0,0,3,1,6,9,9,0,0,2,0,5,17,0,7,9,30,13,2,0,2,0,5,16,2,0,6,7,1,1,2,0,0,18,0,2,5,3,28,4,8,0,4,3,5,0,8,3,0,8,2,0,5,0,3,5,0,1,2,22,0,0,1,7,0,3,0,9,0,1,24,0,5,0,2,1,0,32,0,2,5,0,5,0,7,6,0,7,0,0,16,5,6,0,2
0,2,0,1,0,0,0,0,0,2,0,71,29,1,14,1,1,30,0,39,3,3,2,0,1,14,3,24,3,3,2,52,8,9,0,96,18,11,4,7,0,55,1,4,3,6,0,51,2,24,1,0,1,6,0,55,5,55,19,0,41,18,1,1,16,12,8,0,3,3,6,62,49,10,3,83,8,0,3,1,3,7,10,0,4,69,24,1,31,4,0,12,2,15,0,0,0,11,3,3,0,1,0,0,16,34,1,3,22,0,18,55,0,3,13,3,1,0,70,1,3,0,2,109,0,59,6,0,54,6,59,24,26,1,7,35,31,3,1,28,30,54,3,7,0,3,17,0,0,77,16,1
0,9,0,2,1,0,0,5,0,2,0,5,0,5,0,0,5,0,5,3,3,0,4,1,5,0,6,3,16,7,9,2,13,0,1,4,1,4,0,6,0,2,0,0,6,0,4,0,5,0,0,2,0,7,0,3,2,6,3,0,3,12,3,0,8,0,0,21,0,0,6,11,4,0,3,0,6,0,0,1,1,7,8,0,9,0,2,4,5,9,3,0,17,5,1,0,0,4,10,10,2,1,7,0,3,3,4,0,6,0,0,1,1,3,17,11,0,1,2,0,13,1,1,1,0,2,1,0,0,11,17,2,0,10,3,10,5,6,4,10,0,3,0,0,3,0,8,0,3,2,0,2
5,17,0,1,0,2,0,2,0,2,2,7,0,4,15,1,8,0,1,17,2,0,3,1,11,0,4,18,1,5,0,8,16,0,0,17,0,11,0,2,1,6,0,1,3,1,14,0,6,0,0,0,0,8,0,3,5,1,11,0,6,58,14,2,19,0,1,39,3,2,12,11,16,3,1,10,7,2,0,0,8,3,1,0,2,2,13,1,4,20,12,0,4,4,6,0,0,1,0,6,8,2,1,0,4,21,3,0,29,6,0,6,0,7,4,5,0,2,1,0,9,0,3,13,0,7,1,0,0,6,8,2,0,19,12,7,7,4,15,7,2,3,5,0,17,8,0,0,3,6,19,5
12,0,35,6,2,3,2,0,0,0,6,0,0,0,0,0,0,0,0,0,0,30,0,12,0,1,11,3,0,8,5,0,0,0,0,0,0,0,20,1,0,3,13,0,20,0,0,0,16,0,42,14,46,1,33,0,3,0,0,15,0,0,3,3,0,0,5,0,7,0,0,6,0,13,27,1,0,1,0,0,0,5,0,24,0,1,0,0,0,0,0,0,0,0,7,11,3,1,0,0,3,0,0,1,0,0,1,0,0,3,0,0,2,0,0,1,10,0,0,3,0,0,3,0,56,0,0,46,0,3,0,0,0,0,26,0,0,1,0,0,0,1,19,16,0,0,0,0,27,0,0,10
7,8,6,4,8,10,0,1,13,10,4,0,0,6,2,1,0,0,3,2,0,19,4,6,2,0,2,1,1,5,5,0,2,8,1,0,0,2,5,11,21,4,1,8,20,6,6,11,8,0,7,1,22,3,1,0,4,0,5,23,0,4,3,0,1,0,13,6,3,1,0,5,5,0,21,0,11,0,0,1,0,4,0,0,21,3,3,3,1,3,18,0,1,0,2,3,0,0,6,2,13,0,0,5,0,0,5,6,1,4,0,1,9,2,0,4,23,0,6,3,2,4,10,8,8,0,4,31,0,9,0,15,0,9,16,2,0,11,4,2,0,3,8,5,0,3,3,27,0,7,2,1
6,11,5,2,6,2,4,3,4,2,6,8,3,8,17,9,0,42,3,34,1,14,8,4,11,14,1,20,3,2,5,59,0,21,5,58,7,12,1,23,3,9,0,7,0,25,3,37,10,14,18,3,0,11,2,20,4,19,18,5,22,9,5,4,22,9,29,3,30,0,7,35,38,6,2,41,11,2,5,9,9,8,22,1,13,19,34,23,15,7,15,4,1,10,4,10,0,7,12,6,7,8,2,9,19,5,3,2,15,0,28,27,4,2,23,4,5,16,38,0,6,2,7,57,2,11,12,0,12,7,36,6,5,7,23,4,23,13,7,34,10,20,6,6,77,2,6,0,7,0,16,7
0,16,1,3,2,0,7,11,1,13,6,14,3,4,1,1,1,1,14,12,0,0,2,4,4,4,11,3,4,8,8,2,5,0,2,27,2,2,4,6,0,0,1,3,3,11,0,2,0,0,1,4,0,11,2,4,4,12,16,1,4,14,12,1,14,0,0,6,9,1,4,18,15,2,2,11,3,0,0,2,1,4,0,2,10,0,0,11,7,6,12,0,7,1,2,1,0,7,1,8,0,7,1,2,15,14,19,0,7,5,9,12,2,3,1,4,1,18,2,1,1,2,0,48,0,3,5,0,0,10,2,5,0,2,12,4,11,6,5,35,0,25,2,0,16,0,19,0,2,16,0,3
4,10,16,9,5,6,2,9,11,9,3,0,0,0,11,0,6,0,17,6,0,1,2,27,8,0,5,0,4,2,4,2,1,0,11,2,0,2,14,3,6,1,23,2,0,0,3,0,8,0,4,0,9,9,3,0,2,4,3,12,2,11,5,14,1,0,0,13,4,2,0,7,3,0,0,3,4,6,0,5,11,2,13,5,3,0,2,8,5,0,7,0,4,0,22,8,0,0,5,6,0,8,0,1,3,2,5,1,0,10,0,3,0,1,4,1,1,2,1,16,14,3,5,0,11,0,2,22,0,5,0,10,0,5,7,4,2,0,4,4,1,0,3,2,1,2,5,10,1,7,3,0
