Ant57,Ant260,Ant52,Ant397,Ant929,Ant6,Ant7,Ant9,Ant14,Ant19,Ant24,Ant26,Ant30,Ant60,Ant64,Ant74,Ant158,Ant161,Ant196,Ant202,Ant209,Ant227,Ant268,Ant308,Ant311,Ant534,Ant604,Ant620,Ant673,Ant740,Ant838,Ant954,Ant0,Ant1,Ant12,Ant13,Ant20,Ant23,Ant27,Ant29,Ant42,Ant48,Ant49,Ant51,Ant54,Ant55,Ant62,Ant66,Ant68,Ant70,Ant80,Ant91,Ant96,Ant97,Ant98,Ant109,Ant113,Ant118,Ant120,Ant124,Ant126,Ant131,Ant135,Ant137,Ant140,Ant144,Ant147,Ant149,Ant159,Ant169,Ant170,Ant174,Ant175,Ant190,Ant195,Ant206,Ant210,Ant229,Ant232,Ant242,Ant257,Ant261,Ant262,Ant263,Ant264,Ant289,Ant296,Ant299,Ant301,Ant313,Ant326,Ant331,Ant332,Ant353,Ant356,Ant376,Ant380,Ant387,Ant391,Ant395,Ant433,Ant458,Ant492,Ant501,Ant507,Ant509,Ant530,Ant576,Ant592,Ant593,Ant607,Ant614,Ant621,Ant635,Ant638,Ant647,Ant650,Ant665
0,0,9,2,2,0,2,0,4,9,1,4,0,1,10,8,2,3,1,2,12,2,2,8,0,16,3,5,8,0,6,4,3,0,9,1,0,0,16,11,0,3,0,4,22,1,0,4,8,1,16,3,11,9,13,8,1,0,8,7,0,7,0,2,12,1,1,0,5,0,6,14,1,2,0,22,13,1,14,3,0,9,3,5,0,4,2,22,6,12,0,1,2,4,1,0,0,0,10,11,10,3,6,0,3,21,3,15,0,4,0,3,0,7,0,0,2,33
0,0,2,30,4,59,35,0,17,0,14,2,29,57,1,1,2,2,32,18,3,9,12,18,6,3,10,2,0,7,5,10,0,43,3,3,8,16,10,10,47,33,33,4,2,69,2,8,1,10,3,8,1,6,3,1,38,37,2,11,1,3,31,5,1,15,53,43,14,39,2,2,39,1,59,5,5,0,3,0,18,1,1,3,6,2,18,0,28,35,18,13,20,20,0,37,0,5,7,1,12,0,10,6,3,3,1,9,13,4,24,30,83,3,0,21,28,1
9,2,0,0,0,1,0,2,2,5,1,1,0,0,11,2,1,8,1,0,2,1,9,0,2,4,7,6,0,1,2,0,0,0,8,0,3,1,3,3,0,0,1,2,3,0,7,0,3,0,2,3,8,3,1,0,0,0,1,1,0,0,2,8,5,3,0,0,3,0,16,7,3,2,0,3,0,3,3,1,0,7,5,11,6,0,1,6,3,4,0,2,4,3,3,0,0,0,8,2,5,7,0,0,1,6,4,0,0,0,1,0,7,2,0,0,0,7
2,30,0,0,1,5,25,0,7,0,3,0,43,23,0,0,0,4,32,18,1,2,1,16,0,2,1,0,4,7,1,8,0,1,2,0,17,4,2,0,0,5,13,2,1,5,1,14,0,13,7,5,2,0,0,0,0,16,0,4,1,1,9,0,1,7,2,3,9,5,1,1,23,0,3,0,0,4,0,0,4,0,0,0,5,16,7,0,4,4,1,2,3,11,0,20,0,7,5,0,2,7,19,5,0,2,6,1,9,3,3,12,4,1,0,7,4,4
2,4,0,1,0,4,0,3,9,2,3,0,0,0,1,0,0,1,1,1,0,1,3,1,0,5,1,1,5,2,4,1,1,1,0,7,1,4,4,21,4,3,1,3,5,0,16,2,3,11,3,1,2,3,0,0,3,4,0,4,2,2,4,0,18,2,1,0,0,0,19,10,2,0,0,8,4,1,2,0,0,1,5,1,3,6,3,2,7,17,0,2,3,6,0,0,0,1,8,0,5,1,2,0,1,0,0,0,4,7,0,0,2,5,1,1,4,2
0,59,1,5,4,0,40,0,2,6,16,1,0,2,1,0,4,2,41,13,0,6,4,2,1,1,0,4,0,4,0,6,0,0,2,2,14,4,19,6,15,9,9,3,4,20,2,15,0,6,3,0,3,0,2,1,17,14,0,4,1,2,6,10,0,3,12,4,7,0,3,1,15,1,0,0,0,1,4,2,0,3,2,2,6,7,10,0,16,7,0,7,6,33,1,23,1,3,2,0,4,2,36,0,2,0,0,1,23,1,12,16,8,1,0,1,7,9
2,35,0,25,0,40,0,0,4,1,4,2,32,84,0,0,0,0,28,26,3,16,4,12,5,1,6,0,1,10,0,16,0,39,3,3,6,14,4,3,39,28,24,3,1,19,0,17,0,7,2,5,2,4,1,2,14,82,1,9,0,3,13,6,1,5,42,29,7,26,1,3,29,0,67,6,0,6,0,2,31,0,3,2,2,0,16,1,20,17,57,6,8,17,0,22,0,1,4,0,4,3,12,16,2,6,0,2,11,2,13,20,15,0,1,36,17,6
0,0,2,0,3,0,0,0,0,0,0,4,1,0,10,19,10,0,1,0,2,0,0,0,0,0,0,0,7,0,12,0,0,0,0,0,0,0,0,0,0,0,0,0,0,0,3,0,23,0,0,0,2,5,14,0,0,0,2,0,0,2,0,8,0,0,0,0,0,0,28,0,0,0,0,0,0,0,3,5,0,4,0,4,0,0,0,2,2,0,0,0,0,0,0,0,0,0,0,8,0,1,0,0,0,1,17,0,0,0,0,0,0,0,13,0,1,2
4,17,2,7,9,2,4,0,0,4,2,0,4,2,0,0,0,0,9,1,3,16,8,1,3,3,4,2,0,9,1,18,0,1,7,7,8,9,2,4,17,10,2,6,0,9,3,1,0,6,12,5,0,12,1,0,10,2,0,1,0,4,4,1,2,6,3,0,15,0,0,5,5,3,0,9,2,9,0,0,3,0,4,0,3,4,11,1,22,28,0,12,2,25,10,6,0,2,5,1,9,1,12,0,4,2,0,3,0,7,4,3,4,5,0,4,6,4
9,0,5,0,2,6,1,0,4,0,1,0,0,0,5,5,2,0,2,0,2,2,17,4,6,10,4,4,9,3,8,4,0,4,13,5,3,1,3,8,1,1,2,3,7,0,7,5,10,5,8,5,18,4,7,2,9,0,2,1,1,10,7,14,2,0,2,1,8,0,5,18,1,5,0,1,21,3,6,14,1,16,6,4,2,1,6,36,9,18,0,3,1,2,12,1,0,0,7,23,3,0,0,0,17,30,12,2,0,15,1,4,8,27,0,2,5,6
1,14,1,3,3,16,4,0,2,1,0,2,0,0,0,0,0,0,10,11,0,6,0,3,0,0,4,3,0,20,4,5,0,0,0,0,7,3,8,11,14,4,2,3,5,4,5,7,0,3,0,7,3,4,1,0,3,6,2,10,6,1,8,0,3,7,2,1,20,1,6,3,8,0,0,1,0,1,2,0,2,3,1,1,6,1,8,0,22,5,0,19,6,16,0,5,1,0,0,0,13,0,9,0,1,6,2,0,5,1,8,2,8,0,1,3,6,0
4,2,1,0,0,1,2,4,0,0,2,0,0,0,25,6,10,0,1,1,1,12,2,0,13,1,8,6,26,3,5,1,1,0,0,1,0,0,0,9,0,0,0,9,9,0,6,0,9,2,0,8,5,17,14,1,6,0,36,7,2,8,1,13,0,0,0,0,1,0,30,41,0,0,0,8,1,2,7,41,0,15,1,10,2,0,3,2,13,6,0,0,0,1,0,0,0,0,0,0,2,0,3,0,0,17,10,7,2,11,0,3,1,0,24,1,0,4
0,29,0,43,0,0,32,1,4,0,0,0,0,26,2,0,1,0,14,3,0,1,3,1,0,1,0,0,0,0,0,0,0,29,1,0,0,12,0,0,2,11,7,0,1,7,0,0,0,0,0,0,1,0,0,2,0,27,0,0,1,0,1,3,1,1,23,30,0,22,2,1,14,0,40,1,0,0,0,2,18,0,0,1,0,0,2,0,0,8,28,1,0,8,0,0,0,0,0,1,0,0,2,14,0,1,0,4,1,4,26,4,3,0,1,17,1,0
1,57,0,23,0,2,84,0,2,0,0,0,26,0,0,0,0,0,10,8,0,8,0,2,0,4,2,0,0,3,0,3,0,43,0,0,0,31,1,0,0,20,19,1,0,10,0,7,0,4,0,6,0,0,0,3,9,25,0,0,1,0,2,0,0,1,43,41,1,25,0,0,11,1,28,1,3,0,0,0,19,0,0,2,0,2,5,0,3,3,34,9,3,9,0,12,0,1,0,0,0,0,5,3,1,0,0,1,3,5,1,4,3,2,0,23,1,0
10,1,11,0,1,1,0,10,0,5,0,25,2,0,0,21,6,0,1,0,0,3,1,0,1,2,3,16,8,0,2,0,0,0,1,3,0,1,2,0,0,1,0,0,12,1,4,0,13,0,5,10,34,12,7,2,3,0,20,8,1,0,1,14,18,0,1,0,1,0,40,13,0,0,0,5,1,4,1,41,0,22,17,2,3,0,3,1,5,0,0,0,0,0,1,0,0,0,0,0,5,1,0,0,1,11,15,0,0,1,4,3,1,0,3,0,2,28
8,1,2,0,0,0,0,19,0,5,0,6,0,0,21,0,30,0,0,0,6,4,3,0,0,8,1,5,29,0,0,2,0,1,0,0,0,0,2,1,3,0,0,0,0,2,0,0,35,0,6,1,32,22,16,16,1,0,42,5,1,15,1,14,9,0,0,0,0,0,37,5,0,1,0,1,6,1,4,35,0,26,4,13,3,0,1,5,1,3,0,0,0,0,0,0,0,0,0,31,7,1,0,0,4,24,19,3,0,4,0,3,1,0,8,0,2,6
2,2,1,0,0,4,0,10,0,2,0,10,1,0,6,30,0,4,1,0,0,2,7,0,1,0,29,9,0,2,1,2,0,0,1,2,0,1,2,6,1,0,0,1,0,0,6,1,10,0,6,0,26,9,22,2,1,0,42,1,0,3,1,5,2,0,0,0,1,0,11,12,0,2,0,1,1,0,1,3,0,6,2,2,0,8,0,0,3,1,0,0,0,0,6,0,0,0,4,13,1,5,5,0,1,7,14,1,0,8,0,0,1,1,65,2,4,2
3,2,8,4,1,2,0,0,0,0,0,0,0,0,0,0,4,0,5,0,1,0,2,0,1,2,108,1,0,1,7,0,1,0,0,0,2,1,12,8,0,1,0,0,1,0,7,1,1,6,0,4,7,3,0,3,0,0,1,1,0,57,0,0,11,0,0,0,0,0,0,0,1,1,0,7,5,2,32,0,0,6,3,2,1,32,0,3,0,0,0,0,0,1,4,0,0,0,1,1,4,15,1,0,2,3,0,1,0,0,0,0,6,0,15,0,0,12
1,32,1,32,1,41,28,1,9,2,10,1,14,10,1,0,1,5,0,23,4,20,6,11,5,2,9,11,8,3,5,42,0,14,0,3,17,19,6,21,25,38,12,6,6,29,6,74,6,3,5,10,2,9,2,0,22,12,0,6,2,1,13,39,0,23,7,25,15,21,3,1,43,0,15,1,4,3,1,0,22,2,12,5,4,3,18,0,25,16,4,16,15,27,0,29,0,5,1,0,10,0,12,6,1,8,2,6,20,12,9,8,12,2,0,24,20,9
2,18,0,18,1,13,26,0,1,0,11,1,3,8,0,0,0,0,23,0,2,15,0,4,6,0,3,1,0,17,4,16,0,0,6,2,14,29,3,7,14,26,8,7,2,13,1,4,0,4,2,2,2,1,3,1,31,28,0,15,2,7,8,0,0,11,24,2,11,0,0,2,10,0,2,8,0,8,1,0,3,0,1,2,12,5,11,1,20,20,5,15,17,19,0,8,0,3,3,0,4,0,12,0,1,1,0,4,12,1,5,14,25,3,0,7,2,0
12,3,2,1,0,0,3,2,3,2,0,1,0,0,0,6,0,1,4,2,0,6,1,5,7,4,2,0,10,2,2,2,0,0,0,4,1,0,6,0,23,4,7,3,3,4,0,2,2,3,5,8,1,4,5,2,8,0,1,3,1,4,2,13,5,0,2,5,5,0,7,3,2,0,0,1,1,2,1,2,1,0,1,2,1,0,7,1,5,8,0,5,0,8,1,1,0,0,10,0,7,0,0,0,4,2,2,0,1,1,3,5,3,1,0,1,6,3
2,9,1,2,1,6,16,0,16,2,6,12,1,8,3,4,2,0,20,15,6,0,10,8,9,3,11,7,5,4,1,25,3,2,3,6,1,14,2,4,23,15,7,4,7,6,2,2,3,8,6,20,4,27,16,1,37,0,4,12,0,2,28,8,4,10,3,0,14,0,9,9,6,2,0,24,2,10,0,9,6,20,8,6,5,3,9,3,20,29,0,6,3,23,0,5,0,12,5,1,11,1,30,0,8,28,2,9,7,11,3,11,18,2,2,6,23,12
2,12,9,1,3,4,4,0,8,17,0,2,3,0,1,3,7,2,6,0,1,10,0,0,7,5,4,0,7,11,5,5,0,2,15,8,4,0,10,5,8,6,9,18,3,5,8,2,10,10,13,4,13,5,18,0,10,0,10,10,1,3,7,17,1,0,0,5,19,0,3,6,7,3,0,0,8,2,0,1,0,3,6,9,12,3,2,2,14,10,0,4,6,12,0,2,0,0,2,1,2,1,4,0,4,7,4,8,1,0,5,6,8,4,2,2,26,4
8,18,0,16,1,2,12,0,1,4,3,0,1,2,0,0,0,0,11,4,5,8,0,0,5,14,28,1,0,10,6,6,0,0,6,1,1,5,15,27,19,3,6,4,6,1,4,12,0,13,7,7,4,4,2,4,19,2,2,6,1,5,6,5,0,2,0,1,13,0,3,5,6,3,0,21,2,3,0,0,4,0,21,3,3,3,4,2,19,8,0,11,0,17,0,3,0,10,9,1,7,7,7,0,5,1,5,4,3,6,5,7,5,4,0,12,7,13
0,6,2,0,0,1,5,0,3,6,0,13,0,0,1,0,1,1,5,6,7,9,7,5,0,1,4,2,10,34,6,7,1,0,28,7,6,7,0,23,20,8,7,5,0,0,12,1,0,7,11,3,3,0,25,0,13,0,6,5,3,9,0,3,0,11,0,14,14,0,7,2,14,0,0,5,10,3,5,8,0,0,2,1,3,1,6,0,18,4,0,14,0,6,0,0,0,3,0,0,13,0,2,0,1,21,2,1,9,10,4,8,7,0,23,4,6,0
16,3,4,2,5,1,1,0,3,10,0,1,1,4,2,8,0,2,2,0,4,3,5,14,1,0,4,9,5,8,4,3,4,0,8,0,1,1,11,6,0,6,0,1,7,0,3,0,1,3,13,7,2,12,7,14,2,0,2,11,2,0,0,11,5,2,2,0,15,0,9,9,1,0,0,1,8,6,2,2,0,9,12,0,4,0,4,4,1,7,0,5,0,3,0,1,0,6,11,3,16,1,7,0,9,15,5,20,2,1,3,1,7,0,3,1,4,17
3,10,7,1,1,0,6,0,4,4,4,8,0,2,3,1,29,108,9,3,2,11,4,28,4,4,0,1,14,8,9,2,2,0,0,2,0,18,13,8,7,11,1,3,11,0,0,13,3,9,5,2,17,3,2,0,5,0,5,4,1,8,8,11,0,1,0,1,12,0,3,12,0,23,0,16,4,5,20,5,4,11,10,1,0,0,6,4,15,3,0,3,0,2,3,0,0,5,4,1,23,14,4,0,14,4,8,2,3,5,1,6,16,25,2,0,5,29
5,2,6,0,1,4,0,0,2,4,3,6,0,0,16,5,9,1,11,1,0,7,0,1,2,9,1,0,3,4,6,1,0,2,5,8,1,12,8,15,4,1,2,2,26,0,10,7,18,0,16,11,5,15,11,15,6,0,4,33,0,2,2,13,16,2,0,0,11,0,16,22,0,0,0,6,6,8,0,24,0,13,1,4,13,1,2,8,2,2,0,0,0,8,9,0,0,3,1,23,10,0,2,0,1,16,1,7,3,7,9,2,7,0,1,1,4,0
8,0,0,4,5,0,1,7,0,9,0,26,0,0,8,29,0,0,8,0,10,5,7,0,10,5,14,3,0,12,1,0,0,1,5,6,0,2,0,2,0,0,0,0,7,0,3,1,5,0,7,1,5,14,20,1,1,0,0,1,2,10,2,15,2,1,1,1,12,0,6,12,0,12,0,10,1,5,8,3,0,24,1,5,0,0,6,4,4,5,0,1,3,9,2,0,0,5,10,44,3,0,0,0,1,11,13,6,0,4,2,1,7,0,0,0,15,7
0,7,1,7,2,4,10,0,9,3,20,3,0,3,0,0,2,1,3,17,2,4,11,10,34,8,8,4,12,0,2,0,0,5,22,11,5,6,2,16,3,11,3,12,2,0,4,11,1,5,1,9,1,2,13,0,5,9,7,4,1,5,5,5,1,2,5,10,23,4,4,4,9,0,4,10,3,15,0,0,3,2,11,3,4,3,14,1,16,10,0,13,1,8,0,5,0,1,5,2,11,1,15,1,1,8,0,11,4,6,10,5,22,0,2,6,2,6
6,5,2,1,4,0,0,12,1,8,4,5,0,0,2,0,1,7,5,4,2,1,5,6,6,4,9,6,1,2,0,6,5,0,4,2,2,4,7,6,7,1,0,8,3,2,7,1,1,7,4,9,0,16,1,2,0,0,2,4,1,0,4,6,4,2,0,0,11,1,17,11,7,3,0,11,9,9,1,0,0,1,0,4,12,11,5,0,2,2,0,3,4,6,0,10,0,2,11,0,8,7,3,0,1,2,0,14,1,3,1,2,1,11,0,3,4,12
4,10,0,8,1,6,16,0,18,4,5,1,0,3,0,2,2,0,42,16,2,25,5,6,7,3,2,1,0,0,6,0,0,17,2,4,1,16,5,7,21,28,18,3,0,6,1,13,1,16,3,5,1,2,2,1,12,2,1,9,3,0,22,14,0,20,7,8,12,1,5,0,26,4,1,5,2,4,0,5,5,3,5,5,13,5,15,0,60,44,0,3,16,23,0,12,0,23,3,0,34,1,14,0,1,0,0,6,3,8,5,16,13,0,0,10,12,0
3,0,0,0,1,0,0,0,0,0,0,1,0,0,0,0,0,1,0,0,0,3,0,0,1,4,2,0,0,0,5,0,0,0,0,0,1,0,1,4,0,0,0,1,1,0,1,1,0,6,1,0,0,4,0,4,0,0,0,3,0,1,0,0,1,0,0,0,0,0,0,13,0,1,0,1,2,1,2,0,0,6,2,1,1,3,0,1,2,0,0,0,0,0,0,0,0,0,1,0,5,3,0,0,0,2,0,0,0,0,0,0,1,3,2,0,2,0
0,43,0,1,1,0,39,0,1,4,0,0,29,43,0,1,0,0,14,0,0,2,2,0,0,0,0,2,1,5,0,17,0,0,0,1,0,7,0,0,13,49,9,2,0,12,0,0,2,0,0,1,0,3,0,0,12,21,0,1,0,0,10,0,0,0,15,77,0,37,0,0,7,0,49,7,0,0,0,0,27,0,0,0,0,0,5,0,4,12,17,2,0,14,0,0,2,0,2,0,0,0,1,8,0,0,0,1,7,0,4,3,47,0,0,39,0,1
9,3,8,2,0,2,3,0,7,13,0,0,1,0,1,0,1,0,0,6,0,3,15,6,28,8,0,5,5,22,4,2,0,0,0,1,0,6,1,40,1,2,6,2,1,0,12,0,1,4,1,13,12,12,28,0,12,0,1,15,0,1,4,23,0,4,0,0,13,0,5,8,2,5,0,5,39,8,8,7,0,10,2,8,5,0,10,3,25,19,0,11,0,3,2,0,0,0,6,2,19,0,2,2,4,20,1,17,1,11,4,2,3,0,5,2,9,10
1,3,0,0,7,2,3,0,7,5,0,1,0,0,3,0,2,0,3,2,4,6,8,1,7,0,2,8,6,11,2,4,0,1,1,0,0,4,0,6,7,4,3,5,4,5,2,2,3,0,2,9,3,4,0,0,5,1,1,4,1,1,1,6,6,0,0,0,11,0,3,0,7,2,0,2,13,3,2,0,2,12,0,0,4,1,3,5,6,4,0,8,0,16,1,0,0,1,0,1,0,0,0,0,5,5,1,7,1,1,4,6,6,0,1,2,7,1
0,8,3,17,1,14,6,0,8,3,7,0,0,0,0,0,0,2,17,14,1,1,4,1,6,1,0,1,0,5,2,1,1,0,0,0,0,7,7,5,6,3,3,5,1,0,5,41,0,1,1,5,6,0,0,0,5,12,0,1,5,2,8,3,1,5,0,7,6,1,5,0,15,2,0,0,0,2,12,1,0,7,1,4,5,6,10,0,8,4,0,1,9,6,3,13,0,3,3,0,26,2,8,0,0,1,0,0,2,0,3,8,5,2,6,0,3,3
0,16,1,4,4,4,14,0,9,1,3,0,12,31,1,0,1,1,19,29,0,14,0,5,7,1,18,12,2,6,4,16,0,7,6,4,7,0,4,16,16,12,9,1,4,13,2,10,3,12,7,7,0,16,0,0,12,14,4,12,2,0,5,24,0,11,20,37,6,4,4,11,13,2,12,23,1,3,0,0,8,2,1,5,3,0,12,1,15,28,9,6,3,22,2,4,0,3,3,1,6,1,12,1,1,1,6,5,2,8,5,11,20,3,0,19,9,4
16,10,3,2,4,19,4,0,2,3,8,0,0,1,2,2,2,12,6,3,6,2,10,15,0,11,13,8,0,2,7,5,1,0,1,0,7,4,0,8,12,9,1,14,0,7,2,6,2,3,2,8,9,24,1,6,1,2,0,3,8,1,8,6,26,0,0,1,18,0,1,3,3,5,0,2,8,5,4,0,0,17,3,4,7,9,5,2,5,12,0,4,5,9,6,3,0,3,4,1,10,2,13,1,13,5,0,22,3,11,5,11,0,6,23,3,13,20
11,10,3,0,21,6,3,0,4,8,11,9,0,0,0,1,6,8,21,7,0,4,5,27,23,6,8,15,2,16,6,7,4,0,40,6,5,16,8,0,5,17,1,2,46,0,10,2,11,9,4,19,2,13,4,9,2,2,0,21,1,25,3,9,9,2,0,0,16,0,13,9,4,2,0,14,5,27,23,5,0,2,6,3,6,2,4,4,18,13,0,2,0,4,2,0,1,5,16,2,3,6,19,0,6,5,0,14,0,30,1,8,2,47,0,6,5,11
0,47,0,0,4,15,39,0,17,1,14,0,2,0,0,3,1,0,25,14,23,23,8,19,20,0,7,4,0,3,7,21,0,13,1,7,6,16,12,5,0,52,28,14,1,25,5,4,4,8,2,0,4,2,8,0,70,12,0,1,3,12,22,10,0,10,18,19,5,1,2,3,15,0,0,10,1,4,6,0,5,1,1,3,3,0,21,0,34,21,0,31,6,63,0,0,0,9,2,0,14,0,1,1,4,0,1,4,18,26,13,19,19,1,0,19,30,2
3,33,0,5,3,9,28,0,10,1,4,0,11,20,1,0,0,1,38,26,4,15,6,3,8,6,11,1,0,11,1,28,0,49,2,4,3,12,9,17,52,0,16,5,2,46,7,6,0,10,8,12,1,5,2,0,36,31,7,8,3,3,25,5,0,8,39,33,11,12,0,1,21,4,22,12,3,2,2,0,10,0,4,0,1,5,28,0,25,13,7,31,7,18,0,5,0,4,5,0,3,0,29,3,1,2,0,13,11,5,22,17,78,1,0,23,11,1
0,33,1,13,1,9,24,0,2,2,2,0,7,19,0,0,0,0,12,8,7,7,9,6,7,0,1,2,0,3,0,18,0,9,6,3,3,9,1,1,28,16,0,2,1,14,3,3,5,8,3,4,10,0,2,0,23,14,0,2,1,1,22,8,0,8,22,21,4,13,1,0,13,0,11,2,2,0,2,0,10,1,2,0,1,3,6,0,12,1,10,9,7,70,1,21,0,3,0,0,6,0,10,0,0,2,0,9,14,0,4,21,7,0,0,16,10,0
4,4,2,2,3,3,3,0,6,3,3,9,0,1,0,0,1,0,6,7,3,4,18,4,5,1,3,2,0,12,8,3,1,2,2,5,5,1,14,2,14,5,2,0,5,5,3,5,2,14,7,5,0,10,7,11,0,0,2,4,3,6,9,8,0,2,0,0,3,0,3,6,7,9,0,18,1,5,3,0,1,3,4,4,8,5,1,6,5,6,0,1,17,7,2,5,0,7,22,14,11,4,14,0,5,0,3,14,4,13,4,10,8,6,0,3,11,12
22,2,3,1,5,4,1,0,0,7,5,9,1,0,12,0,0,1,6,2,3,7,3,6,0,7,11,26,7,2,3,0,1,0,1,4,1,4,0,46,1,2,1,5,0,1,2,4,0,1,3,9,5,3,2,4,6,0,0,4,1,5,1,6,11,2,0,0,8,0,4,7,0,2,0,11,12,14,6,24,0,11,20,7,2,2,6,13,2,1,0,0,1,6,1,0,0,0,1,7,1,9,2,0,1,24,11,7,1,0,6,4,4,0,1,0,4,13
1,69,0,5,0,20,19,0,9,0,4,0,7,10,1,2,0,0,29,13,4,6,5,1,0,0,0,0,0,0,2,6,0,12,0,5,0,13,7,0,25,46,14,5,1,0,3,0,1,0,3,2,2,10,0,0,12,21,0,3,1,0,2,1,0,0,27,18,5,10,1,0,11,0,14,0,0,0,0,0,4,1,0,0,1,0,6,0,9,7,4,1,1,26,0,1,0,0,1,0,0,0,17,1,0,0,0,0,11,0,9,19,8,0,0,7,3,1
0,2,7,1,16,2,0,3,3,7,5,6,0,0,4,0,6,7,6,1,0,2,8,4,12,3,0,10,3,4,7,1,1,0,12,2,5,2,2,10,5,7,3,3,2,3,0,3,1,0,4,15,10,11,8,0,7,0,35,2,3,1,6,10,10,1,0,0,1,0,32,12,1,4,0,8,11,2,1,11,2,3,5,10,1,13,4,2,13,8,0,2,2,5,0,0,0,0,2,0,9,2,5,1,1,15,6,19,0,14,2,9,0,8,8,0,7,0
4,8,0,14,2,15,17,0,1,5,7,0,0,7,0,0,1,1,74,4,2,2,2,12,1,0,13,7,1,11,1,13,1,0,0,2,41,10,6,2,4,6,3,5,4,0,3,0,0,13,2,2,1,0,3,4,5,2,0,10,0,0,3,1,0,12,5,0,6,1,1,2,7,5,0,0,0,2,0,0,0,3,2,0,7,7,8,0,26,12,0,17,13,14,0,30,0,4,11,0,21,3,11,0,0,0,0,0,13,4,10,6,9,1,0,2,2,8
8,1,3,0,3,0,0,23,0,10,0,9,0,0,13,35,10,1,6,0,2,3,10,0,0,1,3,18,5,1,1,1,0,2,1,3,0,3,2,11,4,0,5,2,0,1,1,0,0,0,7,3,17,18,23,2,0,0,23,3,2,3,1,22,11,0,1,0,0,0,12,2,0,0,0,10,1,1,9,10,1,11,1,2,0,1,0,0,0,0,0,5,0,9,0,0,0,2,0,0,0,2,0,1,1,8,35,0,0,2,4,0,1,1,3,1,7,1
1,10,0,13,11,6,7,0,6,5,3,2,0,4,0,0,0,6,3,4,3,8,10,13,7,3,9,0,0,5,7,16,6,0,4,0,1,12,3,9,8,10,8,14,1,0,0,13,0,0,0,2,1,7,1,3,8,10,0,5,10,2,5,4,2,3,1,4,13,0,3,6,12,1,0,3,1,4,2,12,1,0,0,1,3,3,5,2,19,20,0,2,3,3,0,1,1,3,15,0,14,3,4,0,0,4,0,1,1,10,8,7,10,6,0,5,7,4
16,3,2,7,3,3,2,0,12,8,0,0,0,0,5,6,6,0,5,2,5,6,13,7,11,13,5,16,7,1,4,3,1,0,1,2,1,7,2,4,2,8,3,7,3,3,4,2,7,0,0,3,0,11,2,14,0,0,1,5,0,1,1,6,5,0,0,2,8,0,15,5,2,3,0,26,11,7,7,15,0,13,3,6,7,2,12,8,2,3,0,1,1,1,0,0,0,1,11,9,5,6,2,0,7,20,16,6,1,5,3,2,24,6,0,3,5,21
3,8,3,5,1,0,5,0,5,5,7,8,0,6,10,1,0,4,10,2,8,20,4,7,3,7,2,11,1,9,9,5,0,1,13,9,5,7,8,19,0,12,4,5,9,2,15,2,3,2,3,0,6,7,4,2,6,5,7,8,2,8,2,8,3,3,4,2,20,1,12,3,6,4,0,23,8,7,4,17,6,2,6,6,7,7,10,4,17,11,0,6,0,13,0,1,0,0,19,5,10,11,3,0,0,13,13,17,9,13,12,6,12,8,1,1,11,21
11,1,8,2,2,3,2,2,0,18,3,5,1,0,34,32,26,7,2,2,1,4,13,4,3,2,17,5,5,1,0,1,0,0,12,3,6,0,9,2,4,1,10,0,5,2,10,1,17,1,0,6,0,4,20,10,10,1,4,8,1,7,0,2,11,1,0,0,2,0,9,13,0,4,0,17,0,7,8,4,0,19,0,7,7,5,6,12,2,0,0,0,1,4,1,0,0,0,2,0,5,0,0,0,20,14,0,7,0,8,0,13,0,4,6,0,5,9
9,6,3,0,3,0,4,5,12,4,4,17,0,0,12,22,9,3,9,1,4,27,5,4,0,12,3,15,14,2,16,2,4,3,12,4,0,16,24,13,2,5,0,10,3,10,11,0,18,7,11,7,4,0,22,20,3,0,13,6,3,16,9,19,55,0,0,0,2,0,27,28,0,27,0,16,28,3,3,30,16,43,6,31,9,0,7,11,19,18,0,7,0,22,7,0,0,0,7,9,17,1,3,0,23,0,5,12,0,4,4,2,3,80,4,1,12,12
13,3,1,0,0,2,1,14,1,7,1,14,0,0,7,16,22,0,2,3,5,16,18,2,25,7,2,11,20,13,1,2,0,0,28,0,0,0,1,4,8,2,2,7,2,0,8,3,23,1,2,4,20,22,0,3,4,0,7,11,3,0,2,9,7,0,0,0,15,0,11,13,0,2,0,10,7,28,1,9,0,18,2,9,2,4,0,3,3,4,0,2,0,4,0,0,0,7,8,2,7,1,1,0,10,12,4,20,0,3,4,1,2,0,9,0,4,8
8,1,0,0,0,1,2,0,0,2,0,1,2,3,2,16,2,3,0,1,2,1,0,4,0,14,0,15,1,0,2,1,4,0,0,0,0,0,6,9,0,0,0,11,4,0,0,4,2,3,14,2,10,20,3,0,1,0,14,3,0,9,0,2,12,1,0,0,1,0,16,1,0,27,0,11,6,3,16,15,0,14,0,32,6,0,2,11,2,2,0,0,1,2,6,0,0,0,7,3,2,10,6,0,1,13,2,6,0,1,0,1,3,5,0,0,7,13
1,38,0,0,3,17,14,0,10,9,3,6,0,9,3,1,1,0,22,31,8,37,10,19,13,2,5,6,1,5,0,12,0,12,12,5,5,12,1,2,70,36,23,0,6,12,7,5,0,8,0,6,10,3,4,1,0,2,0,15,4,0,18,18,1,7,5,13,23,1,4,2,15,1,1,5,0,4,7,9,3,4,0,2,4,1,11,0,34,21,3,16,9,20,0,13,0,1,3,0,3,0,3,0,1,9,1,5,7,20,15,18,45,3,1,16,7,2
0,37,0,16,4,14,82,0,2,0,6,0,27,25,0,0,0,0,12,28,0,0,0,2,0,0,0,0,0,9,0,2,0,21,0,1,12,14,2,2,12,31,14,0,0,21,0,2,0,10,0,5,1,0,0,0,2,0,0,3,1,0,3,0,0,10,15,20,0,23,2,0,15,0,10,0,0,0,0,0,4,0,0,0,0,1,12,0,9,8,17,4,9,20,0,9,0,1,4,0,2,0,12,5,0,0,0,0,29,0,11,2,0,0,0,13,2,0
8,2,1,0,0,0,1,2,0,2,2,36,0,0,20,42,42,1,0,0,1,4,10,2,6,2,5,4,0,7,2,1,0,0,1,1,0,4,0,0,0,7,0,2,0,0,35,0,23,0,1,7,4,13,7,14,0,0,0,0,1,16,1,2,1,1,0,0,0,0,16,10,0,4,0,3,4,3,9,64,1,4,4,4,2,0,1,6,9,2,0,2,0,0,0,0,0,0,0,1,0,1,0,0,2,36,1,1,0,4,0,0,3,0,36,0,2,6
7,11,1,4,4,4,9,0,1,1,10,7,0,0,8,5,1,1,6,15,3,12,10,6,5,11,4,33,1,4,4,9,3,1,15,4,1,12,3,21,1,8,2,4,4,3,2,10,3,5,5,8,8,6,11,3,15,3,0,0,0,3,12,3,0,1,3,6,22,0,2,10,24,2,0,8,6,4,1,2,1,2,4,4,10,6,10,5,7,7,0,2,2,9,0,3,0,5,22,0,1,28,6,0,3,0,3,16,5,9,0,2,3,3,0,4,4,8
0,1,0,1,2,1,0,0,0,1,6,2,1,1,1,1,0,0,2,2,1,0,1,1,3,2,1,0,2,1,1,3,0,0,0,1,5,2,8,1,3,3,1,3,1,1,3,0,2,10,0,2,1,3,3,0,4,1,1,0,0,2,9,4,0,0,1,9,4,0,1,0,2,1,0,5,2,0,4,3,0,3,2,1,2,1,4,0,7,4,0,0,1,2,0,1,0,4,3,0,2,1,4,0,1,2,5,2,1,3,1,2,1,1,3,1,2,3
7,3,0,1,2,2,3,2,4,10,1,8,0,0,0,15,3,57,1,7,4,2,3,5,9,0,8,2,10,5,0,0,1,0,1,1,2,0,1,25,12,3,1,6,5,0,1,0,3,2,1,8,7,16,0,9,0,0,16,3,2,0,0,10,2,2,0,1,7,0,12,11,0,12,0,6,3,0,10,12,0,28,0,1,5,0,4,7,2,3,0,5,2,3,8,1,0,1,4,0,3,8,0,0,5,26,5,0,1,11,0,0,1,17,2,0,4,1
0,31,2,9,4,6,13,0,4,7,8,1,1,2,1,1,1,0,13,8,2,28,7,6,0,0,8,2,2,5,4,22,0,10,4,1,8,5,8,3,22,25,22,9,1,2,6,3,1,5,1,2,0,9,2,0,18,3,1,12,9,0,0,4,1,22,3,3,4,0,0,5,12,2,4,10,2,2,6,1,2,1,4,4,5,2,11,4,33,11,1,12,13,29,4,7,0,0,3,0,5,0,46,0,2,0,0,4,17,1,7,10,13,0,0,8,15,0
2,5,8,0,0,10,6,8,1,14,0,13,3,0,14,14,5,0,39,0,13,8,17,5,3,11,11,13,15,5,6,14,0,0,23,6,3,24,6,9,10,5,8,8,6,1,10,1,22,4,6,8,2,19,9,2,18,0,2,3,4,10,4,0,2,7,8,1,17,1,8,26,0,6,0,17,1,10,5,20,5,24,3,3,0,2,5,2,14,24,0,7,1,13,0,2,0,10,0,0,22,2,6,1,12,15,4,3,5,17,2,7,3,1,9,3,10,18
12,1,5,1,18,0,1,0,2,2,3,0,1,0,18,9,2,11,0,0,5,4,1,0,0,5,0,16,2,1,4,0,1,0,0,6,1,0,26,9,0,0,0,0,11,0,10,0,11,2,5,3,11,55,7,12,1,0,1,0,0,2,1,2,0,0,0,0,8,0,7,5,0,1,0,3,1,11,0,26,0,9,0,11,4,1,1,1,1,0,0,0,0,1,4,0,0,0,0,1,1,18,0,0,5,0,9,0,0,0,1,0,3,0,19,0,3,6
1,15,3,7,2,3,5,0,6,0,7,0,1,1,0,0,0,0,23,11,0,10,0,2,11,2,1,2,1,2,2,20,0,0,4,0,5,11,0,2,10,8,8,2,2,0,1,12,0,3,0,3,1,0,0,1,7,10,1,1,0,2,22,7,0,0,4,13,17,0,4,0,8,0,0,0,0,2,2,1,8,2,4,2,3,0,12,1,37,26,0,6,7,15,0,10,0,5,2,0,10,2,10,0,2,2,0,1,2,1,3,6,11,1,0,9,1,0
1,53,0,2,1,12,42,0,3,2,2,0,23,43,1,0,0,0,7,24,2,3,0,0,0,2,0,0,1,5,0,7,0,15,0,0,0,20,0,0,18,39,22,0,0,27,0,5,1,1,0,4,0,0,0,0,5,15,0,3,1,0,3,8,0,4,0,58,6,32,0,1,8,0,60,3,0,1,0,0,36,0,0,0,1,0,5,0,6,6,21,9,3,14,0,0,0,0,0,0,1,0,3,2,0,0,0,1,7,0,3,8,5,0,0,24,5,0
0,43,0,3,0,4,29,0,0,1,1,0,30,41,0,0,0,0,25,2,5,0,5,1,14,0,1,0,1,10,0,8,0,77,0,0,7,37,1,0,19,33,21,0,0,18,0,0,0,4,2,2,0,0,0,0,13,20,0,6,9,1,3,1,0,13,58,0,3,47,1,2,26,0,51,3,0,0,0,0,28,0,3,1,1,0,5,0,14,8,25,4,3,4,0,0,0,0,1,0,7,0,9,14,1,0,0,2,3,1,10,8,2,2,0,18,13,0
5,14,3,9,0,7,7,0,15,8,20,1,0,1,1,0,1,0,15,11,5,14,19,13,14,15,12,11,12,23,11,12,0,0,13,11,6,6,18,16,5,11,4,3,8,5,1,6,0,13,8,20,2,2,15,1,23,0,0,22,4,7,4,17,8,17,6,3,0,0,5,3,5,12,0,16,3,6,6,1,0,8,10,7,8,4,12,3,13,26,0,0,7,10,0,1,0,14,22,2,22,4,14,0,7,4,0,5,6,1,9,5,6,6,0,2,9,5
0,39,0,5,0,0,26,0,0,0,1,0,22,25,0,0,0,0,21,0,0,0,0,0,0,0,0,0,0,4,1,1,0,37,0,0,1,4,0,0,1,12,13,0,0,10,0,1,0,0,0,1,0,0,0,0,1,23,0,0,0,0,0,1,0,0,32,47,0,0,0,0,10,0,39,0,0,0,0,0,24,0,0,0,0,0,0,0,0,0,29,1,3,3,0,1,0,1,0,0,0,0,3,11,0,0,0,0,1,0,2,3,2,0,0,12,0,0
6,2,16,1,19,3,1,28,0,5,6,30,2,0,40,37,11,0,3,0,7,9,3,3,7,9,3,16,6,4,17,5,0,0,5,3,5,4,1,13,2,0,1,3,4,1,32,1,12,3,15,12,9,27,11,16,4,2,16,2,1,12,0,8,7,4,0,1,5,0,0,4,1,3,0,3,8,17,14,44,0,17,1,12,3,3,2,9,4,2,0,3,1,6,0,7,0,1,5,6,7,6,2,3,1,12,10,15,2,7,3,2,4,0,5,3,7,7
14,2,7,1,10,1,3,0,5,18,3,41,1,0,13,5,12,0,1,2,3,9,6,5,2,9,12,22,12,4,11,0,13,0,8,0,0,11,3,9,3,1,0,6,7,0,12,2,2,6,5,3,13,28,13,1,2,0,10,10,0,11,5,26,5,0,1,2,3,0,4,0,0,12,0,6,11,12,6,18,1,26,3,0,9,2,5,1,9,21,0,5,0,13,0,0,0,12,18,0,12,0,3,0,2,6,8,1,1,10,2,2,0,6,1,1,11,17
1,39,3,23,2,15,29,0,5,1,8,0,14,11,0,0,0,1,43,10,2,6,7,6,14,1,0,0,0,9,7,26,0,7,2,7,15,13,3,4,15,21,13,7,0,11,1,7,0,12,2,6,0,0,0,0,15,15,0,24,2,0,12,0,0,8,8,26,5,10,1,0,0,1,9,5,0,0,1,0,7,0,1,1,6,5,15,0,13,11,9,8,5,11,0,13,2,6,5,1,2,0,23,1,1,0,0,0,9,2,7,7,10,2,0,22,5,0
2,1,2,0,0,1,0,0,3,5,0,0,0,1,0,1,2,1,0,0,0,2,3,3,0,0,23,0,12,0,3,4,1,0,5,2,2,2,5,2,0,4,0,9,2,0,4,5,0,1,3,4,4,27,2,27,1,0,4,2,1,12,2,6,1,0,0,0,12,0,3,12,1,0,0,16,5,2,13,0,1,12,2,2,3,2,6,3,3,6,0,0,1,3,4,0,0,1,7,0,2,1,2,0,0,1,15,4,0,0,0,2,3,41,0,0,1,5
0,59,0,3,0,0,67,0,0,0,0,0,40,28,0,0,0,0,15,2,0,0,0,0,0,0,0,0,0,4,0,1,0,49,0,0,0,12,0,0,0,22,11,0,0,14,0,0,0,0,0,0,0,0,0,0,1,10,0,0,0,0,4,0,0,0,60,51,0,39,0,0,9,0,0,0,0,0,0,0,47,0,0,0,0,0,6,0,0,0,37,3,0,11,0,0,0,0,0,0,0,0,5,7,0,0,0,0,4,0,8,1,0,0,0,35,0,0
22,5,3,0,8,0,6,0,9,1,1,8,1,1,5,1,1,7,1,8,1,24,0,21,5,1,16,6,10,10,11,5,1,7,5,2,0,23,2,14,10,12,2,18,11,0,8,0,10,3,26,23,17,16,10,11,5,0,3,8,5,6,10,17,3,0,3,3,16,0,3,6,5,16,0,0,7,4,19,0,0,10,33,8,2,2,17,2,16,6,0,0,0,5,3,0,0,0,2,6,8,1,11,0,3,6,22,1,0,9,6,8,5,17,0,3,4,15
13,5,0,0,4,0,0,0,2,21,0,1,0,3,1,6,1,5,4,0,1,2,8,2,10,8,4,6,1,3,9,2,2,0,39,13,0,1,8,5,1,3,2,1,12,0,11,0,1,1,11,8,0,28,7,6,0,0,4,6,2,3,2,1,1,0,0,0,3,0,8,11,0,5,0,7,0,1,0,1,0,7,5,5,5,0,4,17,5,4,0,4,0,2,1,0,0,1,13,8,18,3,4,0,7,19,14,7,4,0,1,10,13,4,0,0,6,12
1,0,3,4,1,1,6,0,9,3,1,2,0,0,4,1,0,2,3,8,2,10,2,3,3,6,5,8,5,15,9,4,1,0,8,3,2,3,5,27,4,2,0,5,14,0,2,2,1,4,7,7,7,3,28,3,4,0,3,4,0,0,2,10,11,2,1,0,6,0,17,12,0,2,0,4,1,0,3,4,1,3,8,4,2,9,7,3,13,3,0,1,0,3,4,0,0,0,10,1,4,3,2,0,15,8,7,6,0,0,2,2,5,2,1,0,3,9
14,3,3,0,2,4,0,3,0,6,2,7,0,0,1,4,1,32,1,1,1,0,0,0,5,2,20,0,8,0,1,0,2,0,8,2,12,0,4,23,6,2,2,3,6,0,1,0,9,2,7,4,8,3,1,16,7,0,9,1,4,10,6,5,0,2,0,0,6,0,14,6,1,13,0,19,0,3,0,2,0,3,18,6,2,0,8,15,8,2,0,0,1,2,1,0,0,1,7,3,4,10,7,0,0,66,1,3,0,18,0,3,14,10,0,0,1,20
3,0,1,0,0,2,2,5,0,14,0,41,2,0,41,35,3,0,0,0,2,9,1,0,8,2,5,24,3,0,0,5,0,0,7,0,1,0,0,5,0,0,0,0,24,0,11,0,10,12,15,17,4,30,9,15,9,0,64,2,3,12,1,20,26,1,0,0,1,0,44,18,0,0,0,0,1,4,2,0,0,4,0,18,2,0,2,12,2,0,0,2,0,0,6,0,0,0,0,2,2,0,1,0,1,19,19,7,0,19,0,0,1,1,64,1,0,19
0,18,0,4,0,0,31,0,3,1,2,0,18,19,0,0,0,0,22,3,1,6,0,4,0,0,4,0,0,3,0,5,0,27,0,2,0,8,0,0,5,10,10,1,0,4,2,0,1,1,0,6,0,16,0,0,3,4,1,1,0,0,2,5,0,8,36,28,0,24,0,1,7,1,47,0,0,1,0,0,0,0,0,0,0,0,1,0,11,4,28,8,0,5,0,0,0,1,1,0,4,0,0,17,0,0,0,0,0,5,18,2,2,0,0,16,1,0
9,1,7,0,1,3,0,4,0,16,3,15,0,0,22,26,6,6,2,0,0,20,3,0,0,9,11,13,24,2,1,3,6,0,10,12,7,2,17,2,1,0,1,3,11,1,3,3,11,0,13,2,19,43,18,14,4,0,4,2,3,28,1,24,9,2,0,0,8,0,17,26,0,12,0,10,7,3,3,4,0,0,1,4,6,1,9,15,5,2,0,0,2,2,0,1,0,0,2,0,6,0,3,0,2,2,11,6,0,0,1,1,2,1,11,0,2,7
3,1,5,0,5,2,3,0,4,6,1,1,0,0,17,4,2,3,12,1,1,8,6,21,2,12,10,1,1,11,0,5,2,0,2,0,1,1,3,6,1,4,2,4,20,0,5,2,1,0,3,6,0,6,2,0,0,0,4,4,2,0,4,3,0,4,0,3,10,0,1,3,1,2,0,33,5,8,18,0,0,1,0,20,2,3,3,2,5,6,0,0,0,7,1,0,0,1,9,0,15,6,7,0,0,7,0,8,0,2,3,6,7,6,9,2,5,14
5,3,11,0,1,2,2,4,0,4,1,10,1,2,2,13,2,2,5,2,2,6,9,3,1,0,1,4,5,3,4,5,1,0,8,0,4,5,4,3,3,0,0,4,7,0,10,0,2,1,6,6,7,31,9,32,2,0,4,4,1,1,4,3,11,2,0,1,7,0,12,0,1,2,0,8,5,4,6,18,0,4,20,0,2,9,3,5,8,3,0,0,0,3,0,1,0,0,1,0,1,0,2,0,3,3,2,6,1,3,3,7,4,9,0,1,1,27
0,6,6,5,3,6,2,0,3,2,6,2,0,0,3,3,0,1,4,12,1,5,12,3,3,4,0,13,0,4,12,13,1,0,5,4,5,3,7,6,3,1,1,8,2,1,1,7,0,3,7,7,7,9,2,6,4,0,2,10,2,5,5,0,4,3,1,1,8,0,3,9,6,3,0,2,5,2,2,2,0,6,2,2,0,2,10,4,4,6,0,2,2,10,5,4,0,2,20,0,14,15,15,0,1,1,2,9,1,5,4,3,5,8,7,1,3,12
4,2,0,16,6,7,0,0,4,1,1,0,0,2,0,0,8,32,3,5,0,3,3,3,1,0,0,1,0,3,11,5,3,0,0,1,6,0,9,2,0,5,3,5,2,0,13,7,1,3,2,7,5,0,4,0,1,1,0,6,1,0,2,2,1,0,0,0,4,0,3,2,5,2,0,2,0,9,0,0,0,1,3,9,2,0,3,1,1,3,0,4,5,1,1,5,0,1,7,0,6,6,5,0,0,0,0,4,2,1,2,2,2,0,11,2,9,3
2,18,1,7,3,10,16,0,11,6,8,3,2,5,3,1,0,0,18,11,7,9,2,4,6,4,6,2,6,14,5,15,0,5,10,3,10,12,5,4,21,28,6,1,6,6,4,8,0,5,12,10,6,7,0,2,11,12,1,10,4,4,11,5,1,12,5,5,12,0,2,5,15,6,6,17,4,7,8,2,1,9,3,3,10,3,0,4,17,14,0,9,12,33,1,4,0,9,12,1,10,4,11,4,4,0,1,8,6,8,13,5,11,4,0,6,8,4
22,0,6,0,2,0,1,2,1,36,0,2,0,0,1,5,0,3,0,1,1,3,2,2,0,4,4,8,4,1,0,0,1,0,3,5,0,1,2,4,0,0,0,6,13,0,2,0,0,2,8,4,12,11,3,11,0,0,6,5,0,7,4,2,1,1,0,0,3,0,9,1,0,3,0,2,17,3,15,12,0,15,2,5,4,1,4,0,4,0,0,1,0,1,1,0,0,0,0,12,2,5,0,1,0,34,13,4,1,0,0,5,2,2,2,0,7,11
6,28,3,4,7,16,20,2,22,9,22,13,0,3,5,1,3,0,25,20,5,20,14,19,18,1,15,2,4,16,2,60,2,4,25,6,8,15,5,18,34,25,12,5,2,9,13,26,0,19,2,17,2,19,3,2,34,9,9,7,7,2,33,14,1,37,6,14,13,0,4,9,13,3,0,16,5,13,8,2,11,5,5,8,4,1,17,4,0,44,1,27,10,50,0,14,1,6,6,0,19,1,23,1,5,12,1,10,25,19,27,29,23,3,5,32,24,2
12,35,4,4,17,7,17,0,28,18,5,6,8,3,0,3,1,0,16,20,8,29,10,8,4,7,3,2,5,10,2,44,0,12,19,4,4,28,12,13,21,13,1,6,1,7,8,12,0,20,3,11,0,18,4,2,21,8,2,7,4,3,11,24,0,26,6,8,26,0,2,21,11,6,0,6,4,3,2,0,4,2,6,3,6,3,14,0,44,0,2,59,1,31,0,2,0,6,7,0,19,0,33,1,9,12,0,8,1,9,15,44,29,1,1,4,7,0
0,18,0,1,0,0,57,0,0,0,0,0,28,34,0,0,0,0,4,5,0,0,0,0,0,0,0,0,0,0,0,0,0,17,0,0,0,9,0,0,0,7,10,0,0,4,0,0,0,0,0,0,0,0,0,0,3,17,0,0,0,0,1,0,0,0,21,25,0,29,0,0,9,0,37,0,0,0,0,0,28,0,0,0,0,0,0,0,1,2,0,2,0,0,0,0,1,0,0,0,0,0,4,8,0,0,0,0,0,0,8,0,0,0,0,22,0,0
1,13,2,2,2,7,6,0,12,3,19,0,1,9,0,0,0,0,16,15,5,6,4,11,14,5,3,0,1,13,3,3,0,2,11,8,1,6,4,2,31,31,9,1,0,1,2,17,5,2,1,6,0,7,2,0,16,4,2,2,0,5,12,7,0,6,9,4,0,1,3,5,8,0,3,0,4,1,0,2,8,0,0,0,2,4,9,1,27,59,2,0,0,9,0,8,0,2,1,0,4,1,15,0,0,5,1,8,18,10,22,21,21,1,0,5,2,1
2,20,4,3,3,6,8,0,2,1,6,0,0,3,0,0,0,0,15,17,0,3,6,0,0,0,0,0,3,1,4,16,0,0,0,0,9,3,5,0,6,7,7,17,1,1,2,13,0,3,1,0,1,0,0,1,9,9,0,2,1,2,13,1,0,7,3,3,7,3,1,0,5,1,0,0,0,0,1,0,0,2,0,0,2,5,12,0,10,1,0,0,0,13,0,25,0,1,13,0,31,2,5,0,1,0,0,0,13,0,1,4,2,0,0,2,3,0
4,20,3,11,6,33,17,0,25,2,16,1,8,9,0,0,0,1,27,19,8,23,12,17,6,3,2,8,9,8,6,23,0,14,3,16,6,22,9,4,63,18,70,7,6,26,5,14,9,3,1,13,4,22,4,2,20,20,0,9,2,3,29,13,1,15,14,4,10,3,6,13,11,3,11,5,2,3,2,0,5,2,7,3,10,1,33,1,50,31,0,9,13,0,0,28,0,4,11,0,15,1,28,0,6,6,1,7,13,15,30,15,31,3,0,15,11,4
1,0,3,0,0,1,0,0,10,12,0,0,0,0,1,0,6,4,0,0,1,0,0,0,0,0,3,9,2,0,0,0,0,0,2,1,3,2,6,2,0,0,1,2,1,0,0,0,0,0,0,0,1,7,0,6,0,0,0,0,0,8,4,0,4,0,0,0,0,0,0,0,0,4,0,3,1,4,1,6,0,0,1,0,5,1,1,1,0,0,0,0,0,0,0,0,0,0,1,2,1,1,1,0,0,1,3,0,1,1,0,1,1,2,0,0,1,1
0,37,0,20,0,23,22,0,6,1,5,0,0,12,0,0,0,0,29,8,1,5,2,3,0,1,0,0,0,5,10,12,0,0,0,0,13,4,3,0,0,5,21,5,0,1,0,30,0,1,0,1,0,0,0,0,13,9,0,3,1,1,7,2,0,10,0,0,1,1,7,0,13,0,0,0,0,0,0,0,0,1,0,1,4,5,4,0,14,2,0,8,25,28,0,0,0,8,2,0,5,0,12,0,0,0,0,0,17,3,4,14,4,2,0,21,2,0
0,0,0,0,0,1,0,0,0,0,1,0,0,0,0,0,0,0,0,0,0,0,0,0,0,0,0,0,0,0,0,0,0,2,0,0,0,0,0,1,0,0,0,0,0,0,0,0,0,1,0,0,0,0,0,0,0,0,0,0,0,0,0,0,0,0,0,0,0,0,0,0,2,0,0,0,0,0,0,0,0,0,0,0,0,0,0,0,1,0,1,0,0,0,0,0,0,0,0,0,0,0,2,0,0,0,0,0,0,0,0,0,2,0,0,1,0,0
0,5,0,7,1,3,1,0,2,0,0,0,0,1,0,0,0,0,5,3,0,12,0,10,3,6,5,3,5,1,2,23,0,0,0,1,3,3,3,5,9,4,3,7,0,0,0,4,2,3,1,0,0,0,7,0,1,1,0,5,4,1,0,10,0,5,0,0,14,1,1,12,6,1,0,0,1,0,1,0,1,0,1,0,2,1,9,0,6,6,0,2,1,4,0,8,0,0,3,1,1,0,2,0,3,2,0,4,7,10,4,9,1,0,0,9,10,1
10,7,8,5,8,2,4,0,5,7,0,0,0,0,0,0,4,1,1,3,10,5,2,9,0,11,4,1,10,5,11,3,1,2,6,0,3,3,4,16,2,5,0,22,1,1,2,11,0,15,11,19,2,7,8,7,3,4,0,22,3,4,3,0,0,2,0,1,22,0,5,18,5,7,0,2,13,10,7,0,1,2,9,1,20,7,12,0,6,7,0,1,13,11,1,2,0,3,0,0,10,3,6,0,2,1,0,4,2,3,7,4,2,10,0,4,4,22
11,1,2,0,0,0,0,8,1,23,0,0,1,0,0,31,13,1,0,0,0,1,1,1,0,3,1,23,44,2,0,0,0,0,2,1,0,1,1,2,0,0,0,14,7,0,0,0,0,0,9,5,0,9,2,3,0,0,1,0,0,0,0,0,1,0,0,0,2,0,6,0,1,0,0,6,8,1,3,2,0,0,0,0,0,0,1,12,0,0,0,0,0,0,2,0,0,1,0,0,0,5,0,0,1,13,26,0,0,0,4,0,0,0,0,0,0,3
10,12,5,2,5,4,4,0,9,3,13,2,0,0,5,7,1,4,10,4,7,11,2,7,13,16,23,10,3,11,8,34,5,0,19,0,26,6,10,3,14,3,6,11,1,0,9,21,0,14,5,10,5,17,7,2,3,2,0,1,2,3,5,22,1,10,1,7,22,0,7,12,2,2,0,8,18,4,4,2,4,6,15,1,14,6,10,2,19,19,0,4,31,15,1,5,0,1,10,0,0,3,5,0,9,6,2,5,11,5,5,6,8,6,0,13,12,2
3,0,7,7,1,2,3,1,1,0,0,0,0,0,1,1,5,15,0,0,0,1,1,7,0,1,14,0,0,1,7,1,3,0,0,0,2,1,2,6,0,0,0,4,9,0,2,3,2,3,6,11,0,1,1,10,0,0,1,28,1,8,0,2,18,2,0,0,4,0,6,0,0,1,0,1,3,3,10,0,0,0,6,0,15,6,4,5,1,0,0,1,2,1,1,0,0,0,3,5,3,0,0,0,1,9,0,1,0,2,1,1,0,7,9,0,1,10
6,10,0,19,2,36,12,0,12,0,9,3,2,5,0,0,5,1,12,12,0,30,4,7,2,7,4,2,0,15,3,14,0,1,2,0,8,12,13,19,1,29,10,14,2,17,5,11,0,4,2,3,0,3,1,6,3,12,0,6,4,0,46,6,0,10,3,9,14,3,2,3,23,2,5,11,4,2,7,1,0,3,7,2,15,5,11,0,23,33,4,15,5,28,1,12,2,2,6,0,5,0,0,0,4,2,0,2,16,4,4,17,17,1,0,5,10,1
0,6,0,5,0,0,16,0,0,0,0,0,14,3,0,0,0,0,6,0,0,0,0,0,0,0,0,0,0,1,0,0,0,8,2,0,0,1,1,0,1,3,0,0,0,1,1,0,1,0,0,0,0,0,0,0,0,5,0,0,0,0,0,1,0,0,2,14,0,11,3,0,1,0,7,0,0,0,0,0,17,0,0,0,0,0,4,1,1,1,8,0,0,0,0,0,0,0,0,0,0,0,0,0,0,0,0,0,0,0,7,0,2,0,0,4,0,0
3,3,1,0,1,2,2,0,4,17,1,0,0,1,1,4,1,2,1,1,4,8,4,5,1,9,14,1,1,1,1,1,0,0,4,5,0,1,13,6,4,1,0,5,1,0,1,0,1,0,7,0,20,23,10,1,1,0,2,3,1,5,2,12,5,2,0,1,7,0,1,2,1,0,0,3,7,15,0,1,0,2,0,3,1,0,4,0,5,9,0,0,1,6,0,0,0,3,2,1,9,1,4,0,0,12,3,16,1,6,0,0,7,15,0,0,2,0
21,3,6,2,0,0,6,1,2,30,6,17,1,0,11,24,7,3,8,1,2,28,7,1,21,15,4,16,11,8,2,0,2,0,20,5,1,1,5,5,0,2,2,0,24,0,15,0,8,4,20,13,14,0,12,13,9,0,36,0,2,26,0,15,0,2,0,0,4,0,12,6,0,1,0,6,19,8,66,19,0,2,7,3,1,0,0,34,12,12,0,5,0,6,1,0,0,2,1,13,6,9,2,0,12,0,19,0,0,17,8,13,3,0,4,2,7,7
3,1,4,6,0,0,0,17,0,12,2,10,0,0,15,19,14,0,2,0,2,2,4,5,2,5,8,1,13,0,0,0,0,0,1,1,0,6,0,0,1,0,0,3,11,0,6,0,35,0,16,13,0,5,4,2,1,0,1,3,5,5,0,4,9,0,0,0,0,0,10,8,0,15,0,22,14,7,1,19,0,11,0,2,2,0,1,13,1,0,0,1,0,1,3,0,0,0,0,26,2,0,0,0,3,19,0,0,0,5,1,1,5,30,8,0,4,1
15,9,0,1,0,1,2,0,3,2,0,7,4,1,0,3,1,1,6,4,0,9,8,4,1,20,2,7,6,11,14,6,0,1,17,7,0,5,22,14,4,13,9,14,7,0,19,0,0,1,6,17,7,12,20,6,5,0,1,16,2,0,4,3,0,1,1,2,5,0,15,1,0,4,0,1,7,6,3,7,0,6,8,6,9,4,8,4,10,8,0,8,0,7,0,0,0,4,4,0,5,1,2,0,16,0,0,0,0,11,9,4,6,0,1,2,1,31
0,13,0,9,4,23,11,0,0,0,5,2,1,3,0,0,0,0,20,12,1,7,1,3,9,2,3,3,0,4,1,3,0,7,1,1,2,2,3,0,18,11,14,4,1,11,0,13,0,1,1,9,0,0,0,0,7,29,0,5,1,1,17,5,0,2,7,3,6,1,2,1,9,0,4,0,4,0,0,0,0,0,0,1,1,2,6,1,25,1,0,18,13,13,1,17,0,7,2,0,11,0,16,0,1,0,0,0,0,0,7,12,4,0,1,3,3,0
4,4,0,3,7,1,2,0,7,15,1,11,4,5,1,4,8,0,12,1,1,11,0,6,10,1,5,7,4,6,3,8,0,0,11,1,0,8,11,30,26,5,0,13,0,0,14,4,2,10,5,13,8,4,3,1,20,0,4,9,3,11,1,17,0,1,0,1,1,0,7,10,2,0,0,9,0,0,18,19,5,0,2,3,5,1,8,0,19,9,0,10,0,15,1,3,0,10,3,0,5,2,4,0,6,17,5,11,0,0,4,6,1,31,1,1,4,12
0,24,1,3,0,12,13,0,4,1,8,0,26,1,4,0,0,0,9,5,3,3,5,5,4,3,1,9,2,10,1,5,0,4,4,4,3,5,5,1,13,22,4,4,6,9,2,10,4,8,3,12,0,4,4,0,15,11,0,0,1,0,7,2,1,3,3,10,9,2,3,2,7,0,8,6,1,2,0,0,18,1,3,3,4,2,13,0,27,15,8,22,1,30,0,4,0,4,7,4,5,1,4,7,0,8,1,9,7,4,0,12,22,0,0,21,3,1
3,30,0,12,0,16,20,0,3,4,2,3,4,4,3,3,0,0,8,14,5,11,6,7,8,1,6,2,1,5,2,16,0,3,2,6,8,11,11,8,19,17,21,10,4,19,9,6,0,7,2,6,13,2,1,1,18,2,0,2,2,0,10,7,0,6,8,8,5,3,2,2,7,2,1,8,10,2,3,0,2,1,6,7,3,2,5,5,29,44,0,21,4,15,1,14,0,9,4,0,6,1,17,0,0,13,1,4,12,6,12,0,11,11,1,4,13,1
0,83,7,4,2,8,15,0,4,8,8,1,3,3,1,1,1,6,12,25,3,18,8,5,7,7,16,7,7,22,1,13,1,47,3,6,5,20,0,2,19,78,7,8,4,8,0,9,1,10,24,12,0,3,2,3,45,0,3,3,1,1,13,3,3,11,5,2,6,2,4,0,10,3,0,5,13,5,14,1,2,2,7,4,5,2,11,2,23,29,0,21,2,31,1,4,2,1,2,0,8,0,17,2,7,3,5,6,4,1,22,11,0,2,0,17,10,3
7,3,2,1,5,1,0,0,5,27,0,0,0,2,0,0,1,0,2,3,1,2,4,4,0,0,25,0,0,0,11,0,3,0,0,0,2,3,6,47,1,1,0,6,0,0,8,1,1,6,6,8,4,80,0,5,3,0,0,3,1,17,0,1,0,1,0,2,6,0,0,6,2,41,0,17,4,2,10,1,0,1,6,9,8,0,4,2,3,1,0,1,0,3,2,2,0,0,10,0,6,7,1,0,15,0,30,0,0,31,0,11,2,0,11,1,0,2
0,0,0,0,1,0,1,13,0,0,1,24,1,0,3,8,65,15,0,0,0,2,2,0,23,3,2,1,0,2,0,0,2,0,5,1,6,0,23,0,0,0,0,0,1,0,8,0,3,0,0,1,6,4,9,0,1,0,36,0,3,2,0,9,19,0,0,0,0,0,5,1,0,0,0,0,0,1,0,64,0,11,9,0,7,11,0,2,5,1,0,0,0,0,0,0,0,0,0,0,0,9,0,0,0,4,8,1,1,1,0,1,0,11,0,0,1,0
0,21,0,7,1,1,36,0,4,2,3,1,17,23,0,0,2,0,24,7,1,6,2,12,4,1,0,1,0,6,3,10,0,39,2,2,0,19,3,6,19,23,16,3,0,7,0,2,1,5,3,1,0,1,0,0,16,13,0,4,1,0,8,3,0,9,24,18,2,12,3,1,22,0,35,3,0,0,0,1,16,0,2,1,1,2,6,0,32,4,22,5,2,15,0,21,1,9,4,0,13,0,5,4,0,2,0,2,3,1,21,4,17,1,0,0,8,0
2,28,0,4,4,7,17,1,6,5,6,0,1,1,2,2,4,0,20,2,6,23,26,7,6,4,5,4,15,2,4,12,2,0,9,7,3,9,13,5,30,11,10,11,4,3,7,2,7,7,5,11,5,12,4,7,7,2,2,4,2,4,15,10,3,1,5,13,9,0,7,11,5,1,0,4,6,3,1,0,1,2,5,1,3,9,8,7,24,7,0,2,3,11,1,2,0,10,4,0,12,1,10,0,2,7,4,1,3,4,3,13,10,0,1,8,0,3
33,1,7,4,2,9,6,2,4,6,0,4,0,0,28,6,2,12,9,0,3,12,4,13,0,17,29,0,7,6,12,0,0,1,10,1,3,4,20,11,2,1,0,12,13,1,0,8,1,4,21,21,9,12,8,13,2,0,6,8,3,1,0,18,6,0,0,0,5,0,7,17,0,5,0,15,12,9,20,19,0,7,14,27,12,3,4,11,2,0,0,1,0,4,1,0,0,1,22,3,2,10,1,0,0,7,1,31,0,12,1,1,3,2,0,0,3,0
