Ant4,Ant260,Ant52,Ant65,Ant244,Ant397,Ant540,Ant6,Ant7,Ant9,Ant15,Ant19,Ant26,Ant30,Ant60,Ant72,Ant74,Ant76,Ant102,Ant158,Ant191,Ant196,Ant227,Ant245,Ant252,Ant278,Ant308,Ant329,Ant518,Ant604,Ant673,Ant740,Ant954,Ant0,Ant1,Ant12,Ant13,Ant17,Ant20,Ant23,Ant27,Ant35,Ant43,Ant48,Ant50,Ant51,Ant53,Ant54,Ant62,Ant70,Ant71,Ant81,Ant96,Ant97,Ant105,Ant109,Ant111,Ant112,Ant115,Ant117,Ant124,Ant126,Ant137,Ant159,Ant172,Ant175,Ant178,Ant186,Ant190,Ant194,Ant206,Ant210,Ant215,Ant219,Ant220,Ant229,Ant238,Ant242,Ant243,Ant250,Ant251,Ant255,Ant256,Ant264,Ant289,Ant296,Ant299,Ant301,Ant324,Ant331,Ant334,Ant342,Ant347,Ant380,Ant390,Ant394,Ant395,Ant398,Ant458,Ant475,Ant476,Ant482,Ant501,Ant509,Ant556,Ant560,Ant564,Ant576,Ant580,Ant599,Ant607,Ant610,Ant614,Ant621,Ant650,Ant663
0,12,2,21,2,6,0,0,39,8,7,10,4,2,0,0,2,21,7,2,2,10,11,0,9,9,2,0,0,0,5,1,0,12,7,0,0,0,0,0,12,0,0,16,5,0,0,5,0,10,1,10,6,0,0,5,3,1,4,4,7,21,3,0,0,0,0,6,8,8,0,5,13,0,0,1,5,1,4,0,11,23,7,0,0,5,11,0,6,3,1,21,0,17,0,5,12,0,7,6,11,0,0,6,0,3,0,0,0,0,0,0,5,15,2,5
12,0,0,7,3,8,0,11,4,7,1,5,0,1,1,0,0,27,8,1,3,7,7,1,7,2,0,0,0,0,4,13,0,6,3,0,0,0,0,0,3,1,0,11,10,1,0,7,0,0,0,7,0,1,4,7,0,1,0,9,10,12,1,0,0,1,0,26,1,32,2,4,2,0,0,1,5,0,20,0,5,9,1,0,0,13,21,1,1,0,0,28,0,44,1,0,17,0,11,6,1,2,0,8,2,8,0,3,0,0,0,0,2,11,7,10
2,0,0,6,6,15,2,1,0,7,3,1,15,12,26,15,7,11,2,11,4,2,12,0,5,24,9,4,0,1,10,26,7,3,11,19,7,13,8,11,2,11,1,13,0,3,10,3,3,6,9,12,6,31,13,5,7,1,13,16,9,8,0,1,26,3,0,9,1,11,5,0,13,0,23,9,1,3,11,0,0,4,10,0,0,12,3,14,6,9,2,0,0,0,15,22,0,8,5,2,0,3,0,0,5,0,2,2,0,8,0,2,23,4,0,15
21,7,6,0,4,13,2,44,376,7,3,27,22,14,4,0,2,29,40,5,1,35,20,0,15,21,3,0,0,0,12,5,11,23,9,14,0,0,5,4,22,1,2,21,28,29,0,15,1,13,1,24,4,5,0,9,4,17,3,8,10,12,0,0,2,4,2,6,2,10,3,13,31,0,1,5,45,0,11,0,30,16,14,0,0,11,15,7,13,4,0,22,1,44,3,9,25,0,4,27,82,15,0,72,6,50,0,1,0,3,0,0,7,20,28,20
2,3,6,4,0,0,17,0,0,2,1,0,1,1,2,0,3,1,0,5,9,2,3,0,0,0,5,0,0,1,0,4,3,0,0,2,1,5,12,1,1,3,7,0,0,1,4,0,1,1,1,0,10,9,6,0,0,0,6,1,1,0,3,4,3,7,3,2,0,1,12,1,3,0,2,2,0,7,1,0,0,0,2,1,2,0,0,0,0,2,5,0,0,1,5,7,0,10,1,0,0,1,2,0,0,0,0,2,3,11,3,3,23,1,0,4
6,8,15,13,0,0,2,7,0,4,7,1,2,2,6,0,4,6,1,3,9,4,8,0,5,16,3,1,0,0,9,3,5,4,8,7,11,5,13,4,2,4,1,33,0,6,2,14,0,9,10,3,8,22,14,14,3,1,12,5,16,8,0,2,8,2,2,5,7,7,2,7,4,1,5,14,1,3,21,0,2,4,6,8,1,5,1,2,8,11,0,4,1,1,2,3,5,0,5,10,0,2,1,1,5,0,0,1,0,5,1,0,23,12,0,21
0,0,2,2,17,2,0,1,0,6,0,0,3,0,3,1,1,2,0,9,2,0,7,0,2,1,5,3,0,12,1,11,8,1,2,11,15,11,9,7,0,13,13,1,0,0,4,1,16,2,10,2,0,6,16,6,1,0,11,0,1,3,0,1,5,6,8,1,2,0,26,0,1,7,8,1,0,13,7,0,0,2,2,15,22,2,0,3,1,1,5,2,6,0,1,8,2,5,3,0,0,0,1,0,1,0,4,3,9,6,6,6,2,2,0,5
0,11,1,44,0,7,1,0,113,0,2,24,14,0,0,0,2,23,7,1,0,24,2,0,6,4,2,1,0,0,4,0,0,18,8,0,0,1,2,0,5,0,0,27,5,12,0,8,0,5,1,33,2,1,11,0,0,3,1,3,1,3,0,0,1,0,0,9,2,5,0,3,14,0,0,1,19,0,4,0,7,9,3,1,0,5,4,1,0,0,0,15,0,17,6,3,37,0,8,6,6,2,0,31,0,12,0,0,0,0,0,0,1,13,3,5
39,4,0,376,0,0,0,113,0,3,6,61,0,0,0,0,0,78,102,0,0,84,0,2,21,1,0,0,0,0,6,0,0,43,5,0,1,1,0,0,28,0,0,74,16,11,0,8,0,2,0,64,1,0,0,0,0,6,0,2,3,0,0,0,0,0,0,5,1,6,0,3,32,0,0,1,81,0,26,0,30,29,17,1,0,10,22,0,10,1,0,132,0,205,0,0,88,0,6,13,12,1,0,144,1,12,0,0,0,0,0,0,0,14,18,2
8,7,7,7,2,4,6,0,3,0,2,9,8,9,16,11,11,1,0,10,2,2,12,0,1,3,12,1,0,0,3,10,9,6,2,10,3,13,8,10,5,1,4,1,0,15,8,6,9,8,1,3,12,3,7,6,5,1,31,9,7,4,0,0,5,3,0,6,10,7,13,2,29,4,19,9,2,2,7,0,3,5,14,0,0,3,2,6,1,6,4,2,1,0,6,9,8,3,1,6,0,18,2,3,6,0,3,5,0,4,1,4,4,0,0,9
7,1,3,3,1,7,0,2,6,2,0,1,1,4,22,2,5,4,1,5,2,2,13,0,8,1,3,4,0,0,0,6,1,2,6,3,2,1,2,0,1,0,1,3,0,4,1,3,0,5,5,2,2,9,7,3,1,0,46,6,4,1,1,3,0,1,0,3,1,6,1,0,3,1,2,7,1,1,7,0,0,5,4,1,3,1,4,10,5,0,4,6,2,2,0,2,6,0,2,0,0,0,1,0,3,0,2,1,1,3,2,0,3,1,0,7
10,5,1,27,0,1,0,24,61,9,1,0,3,6,1,0,1,31,10,0,2,10,6,0,5,1,0,2,0,0,11,0,0,20,18,1,0,0,2,0,19,0,0,23,5,3,1,18,0,26,1,26,7,1,2,4,1,19,7,4,6,2,0,0,3,4,0,5,11,18,2,0,4,0,1,8,11,0,25,0,2,5,10,1,0,14,4,0,6,0,0,29,0,5,4,2,24,0,11,9,9,2,0,9,1,22,0,0,0,0,0,0,5,15,24,15
4,0,15,22,1,2,3,14,0,8,1,3,0,1,5,3,5,20,0,1,3,6,14,0,6,5,3,1,0,0,0,14,3,7,6,26,4,1,0,0,5,6,1,10,0,12,0,2,3,1,2,1,2,8,3,10,4,3,2,6,8,17,0,2,2,2,0,10,2,2,2,0,26,0,1,8,6,1,9,0,0,16,6,1,0,8,0,0,1,6,10,5,0,3,5,1,4,2,0,3,0,7,3,7,0,0,0,0,0,0,0,1,8,4,0,16
2,1,12,14,1,2,0,0,0,9,4,6,1,0,11,13,6,20,0,7,1,1,5,0,1,16,18,1,0,0,0,17,23,1,19,25,4,13,6,8,1,1,6,2,0,7,6,5,13,1,12,3,4,22,5,4,6,3,20,1,1,2,3,30,11,1,18,4,3,0,2,0,14,2,9,19,4,4,2,0,0,4,3,4,3,5,2,5,15,3,0,4,6,0,7,14,1,3,3,1,0,0,11,1,3,0,3,0,1,9,8,1,19,2,0,10
0,1,26,4,2,6,3,0,0,16,22,1,5,11,0,7,3,29,0,2,10,7,14,0,1,6,19,0,0,5,15,10,15,1,7,21,15,12,18,2,1,5,3,2,0,12,12,6,18,2,2,0,5,26,5,7,7,2,18,14,6,4,1,1,7,7,1,7,3,4,12,2,12,1,11,8,0,2,14,0,3,2,15,6,2,2,0,22,16,10,3,3,1,0,5,24,12,8,6,1,0,6,3,3,13,0,0,6,1,22,1,4,5,2,0,28
0,0,15,0,0,0,1,0,0,11,2,0,3,13,7,0,1,24,0,0,9,0,3,0,1,1,7,15,0,2,0,1,6,0,7,15,2,29,16,8,0,11,3,1,0,2,9,1,2,0,15,0,0,31,4,7,0,1,7,0,2,0,1,19,2,4,2,2,0,1,19,0,14,5,2,2,1,7,5,0,0,0,7,7,0,3,0,10,3,1,5,0,0,1,14,9,2,9,3,0,0,0,8,1,4,0,3,8,0,11,1,7,2,0,0,6
2,0,7,2,3,4,1,2,0,11,5,1,5,6,3,1,0,6,0,6,9,1,5,0,2,0,1,12,0,0,8,3,1,0,1,0,12,2,1,46,2,11,3,1,0,4,20,1,4,5,20,0,2,10,3,0,4,0,11,0,0,0,11,1,11,2,9,1,6,4,1,0,0,2,1,5,0,9,1,0,0,0,4,8,4,7,0,1,4,4,4,0,2,1,6,9,4,17,0,0,0,0,0,0,2,0,0,1,0,2,41,3,2,1,0,14
21,27,11,29,1,6,2,23,78,1,4,31,20,20,29,24,6,0,13,9,5,31,9,1,15,12,7,4,0,1,16,9,3,9,16,16,5,2,5,1,7,0,2,10,10,29,0,25,0,6,8,43,9,9,4,18,16,21,9,17,9,65,4,3,13,31,0,9,5,38,3,4,17,1,3,17,14,4,9,0,5,9,22,1,1,34,20,7,39,13,9,17,0,24,1,15,11,2,62,9,14,52,0,14,5,10,1,0,1,20,1,5,2,22,19,28
7,8,2,40,0,1,0,7,102,0,1,10,0,0,0,0,0,13,0,0,0,9,1,0,3,0,1,0,0,0,0,0,0,9,3,0,0,0,0,0,4,0,0,23,13,0,0,0,0,3,0,14,4,0,0,0,0,4,1,0,2,0,0,0,0,0,0,0,3,1,0,0,3,0,0,1,8,0,2,0,7,13,0,0,0,1,21,0,1,0,0,11,0,38,0,0,19,0,1,2,24,0,0,22,1,19,0,0,0,0,0,0,0,0,10,3
2,1,11,5,5,3,9,1,0,10,5,0,1,7,2,0,6,9,0,0,24,1,9,0,2,2,2,3,0,26,3,3,6,1,7,0,2,6,50,0,0,5,25,5,0,7,10,0,6,7,11,3,1,3,8,3,7,0,14,3,0,6,14,5,12,4,8,3,6,6,10,0,2,11,8,3,4,6,6,0,0,2,2,7,4,2,1,8,11,2,4,0,22,2,0,3,7,40,2,4,0,4,3,1,5,0,5,2,1,4,2,7,12,5,0,3
2,3,4,1,9,9,2,0,0,2,2,2,3,1,10,9,9,5,0,24,0,4,12,0,4,0,7,3,0,2,2,21,6,1,9,2,11,0,16,10,1,4,4,2,0,1,1,1,9,1,9,2,23,1,15,7,6,3,26,2,8,1,4,1,2,10,4,2,5,5,1,6,15,6,5,10,0,1,4,0,1,0,3,3,1,1,1,6,8,4,2,3,0,0,7,4,4,2,1,0,0,2,1,0,2,0,3,10,1,3,2,4,6,0,0,14
10,7,2,35,2,4,0,24,84,2,2,10,6,1,7,0,1,31,9,1,4,0,9,0,6,11,3,0,0,0,2,5,2,15,18,2,1,0,1,0,3,0,1,26,16,14,0,14,0,9,1,35,4,6,4,11,6,4,5,7,10,11,0,2,0,2,1,10,11,17,0,8,3,0,4,8,16,2,7,0,9,7,11,0,0,17,17,4,13,3,1,25,0,27,1,4,8,0,19,19,20,9,0,24,2,17,0,0,0,1,1,0,2,8,10,17
11,7,12,20,3,8,7,2,0,12,13,6,14,5,14,3,5,9,1,9,12,9,0,0,6,10,5,11,0,1,3,12,6,8,18,9,10,6,7,2,0,3,3,4,0,6,1,2,3,12,6,5,24,10,2,4,3,12,33,10,4,7,1,2,27,6,5,3,27,12,7,3,17,2,4,16,1,4,7,0,3,2,14,0,1,7,5,6,5,8,12,8,1,3,7,28,12,3,7,18,0,10,13,1,5,0,4,4,1,6,0,5,7,13,0,30
0,1,0,0,0,0,0,0,2,0,0,0,0,0,0,0,0,1,0,0,0,0,0,0,0,0,0,0,0,0,0,0,0,0,0,0,0,0,0,0,0,0,0,0,0,0,0,0,0,0,0,0,0,0,0,0,0,0,0,0,0,0,0,0,0,0,0,0,0,0,0,0,0,0,0,0,0,0,0,0,0,0,0,0,0,0,0,0,0,0,0,1,0,0,0,0,0,0,0,0,0,0,0,1,0,0,0,0,0,0,0,0,0,0,0,0
9,7,5,15,0,5,2,6,21,1,8,5,6,1,1,1,2,15,3,2,4,6,6,0,0,19,6,0,0,0,3,3,5,13,11,4,2,1,4,1,3,1,0,10,5,4,0,3,1,19,1,7,0,2,1,0,3,0,5,8,7,3,1,0,5,2,2,5,7,3,2,3,16,0,1,5,6,1,6,0,5,8,23,0,1,5,4,2,0,3,1,8,1,9,1,1,6,4,6,1,8,3,1,17,3,2,0,0,0,0,0,0,3,24,5,13
9,2,24,21,0,16,1,4,1,3,1,1,5,16,6,1,0,12,0,2,0,11,10,0,19,0,11,0,0,0,3,9,17,7,8,8,4,5,0,0,3,1,0,6,0,6,0,4,1,16,4,6,7,4,1,5,1,3,3,5,5,20,0,7,2,10,1,6,6,11,4,4,12,0,3,19,2,0,8,0,0,1,14,0,0,4,2,0,1,2,0,10,0,1,11,1,1,1,28,8,0,3,0,2,2,0,1,0,0,1,0,0,2,14,0,19
2,0,9,3,5,3,5,2,0,12,3,0,3,18,19,7,1,7,1,2,7,3,5,0,6,11,0,0,0,1,1,13,10,3,9,9,16,16,16,3,0,4,1,2,0,2,3,9,7,0,5,2,1,10,0,4,1,0,8,5,16,1,0,11,9,5,1,6,7,5,5,1,12,0,12,2,1,1,4,0,0,2,3,3,3,2,1,7,11,4,0,0,0,0,13,11,2,9,0,2,0,1,1,0,0,0,0,1,1,0,6,0,3,0,0,12
0,0,4,0,0,1,3,1,0,1,4,2,1,1,0,15,12,4,0,3,3,0,11,0,0,0,0,0,1,0,0,4,6,1,3,2,3,2,22,11,0,5,20,0,0,1,2,1,3,0,5,1,17,16,17,3,0,0,19,1,0,0,8,6,6,10,1,1,0,0,3,0,2,1,3,0,0,1,2,0,0,0,1,3,1,0,0,15,3,1,21,0,8,0,7,5,1,1,0,0,0,0,12,0,0,0,4,1,8,4,6,7,4,0,0,5
0,0,0,0,0,0,0,0,0,0,0,0,0,0,0,0,0,0,0,0,0,0,0,0,0,0,0,1,0,0,0,0,0,0,0,0,0,0,0,0,0,0,0,0,0,0,0,0,0,0,0,0,0,0,0,0,0,0,0,0,0,0,0,0,0,0,0,0,0,0,0,0,0,0,0,0,0,0,0,0,0,0,0,0,0,0,0,0,0,0,0,0,0,0,0,0,0,0,0,0,0,0,0,0,0,0,0,0,0,0,0,0,0,0,0,0
0,0,1,0,1,0,12,0,0,0,0,0,0,0,5,2,0,1,0,26,2,0,1,0,0,0,1,0,0,0,1,4,5,0,0,0,0,9,6,2,0,39,2,0,0,3,45,0,1,0,14,0,0,1,36,1,0,0,2,0,0,0,68,6,3,0,13,0,0,2,4,0,0,36,2,2,0,9,1,0,0,0,0,7,3,0,0,2,10,2,5,0,24,0,0,0,0,16,0,0,0,0,2,0,0,0,71,41,3,9,5,8,0,0,0,0
5,4,10,12,0,9,1,4,6,3,0,11,0,0,15,0,8,16,0,3,2,2,3,0,3,3,1,0,0,1,0,3,0,12,5,2,2,3,10,1,4,2,1,11,0,5,0,6,4,12,1,8,2,3,0,1,0,0,1,4,13,1,0,1,0,5,0,9,2,3,5,0,10,0,3,10,0,0,8,0,0,1,4,1,0,10,3,0,0,4,1,3,0,2,15,5,3,2,5,7,0,2,0,4,3,0,0,0,0,2,0,0,1,2,0,15
1,13,26,5,4,3,11,0,0,10,6,0,14,17,10,1,3,9,0,3,21,5,12,0,3,9,13,4,0,4,3,0,9,8,8,7,13,6,24,0,3,7,11,13,0,3,0,3,8,1,10,1,8,15,15,15,1,3,14,13,7,3,0,3,5,1,4,4,3,6,6,4,19,2,9,26,8,3,16,0,0,4,6,5,4,15,0,2,4,3,1,0,0,0,7,1,5,4,4,3,0,2,6,4,10,0,4,1,4,1,6,0,0,4,0,12
0,0,7,11,3,5,8,0,0,9,1,0,3,23,15,6,1,3,0,6,6,2,6,0,5,17,10,6,0,5,0,9,0,4,7,20,12,15,28,5,2,7,7,1,0,9,1,3,7,2,6,1,3,24,19,7,5,0,3,3,1,1,0,3,10,14,12,5,8,0,24,1,18,6,22,13,0,5,10,0,0,0,5,3,5,3,1,13,7,1,1,2,9,0,1,5,2,11,0,0,0,1,1,0,4,0,5,5,1,4,1,2,3,3,0,12
12,6,3,23,0,4,1,18,43,6,2,20,7,1,1,0,0,9,9,1,1,15,8,0,13,7,3,1,0,0,12,8,4,0,11,7,0,0,1,0,5,0,0,19,2,18,0,4,0,20,2,39,6,0,2,1,2,5,0,12,11,2,1,0,5,0,0,16,2,8,0,6,19,1,0,11,12,2,18,0,1,18,32,0,0,11,9,2,1,7,0,26,0,16,5,1,5,4,13,5,15,7,0,10,4,9,0,0,0,0,0,0,1,12,7,5
7,3,11,9,0,8,2,8,5,2,6,18,6,19,7,7,1,16,3,7,9,18,18,0,11,8,9,3,0,0,5,8,7,11,0,10,6,4,4,1,4,2,4,8,2,7,3,9,1,9,5,3,6,4,2,6,9,8,9,8,16,5,0,4,10,5,2,10,2,11,10,5,29,2,5,13,3,3,10,0,0,8,26,0,0,8,15,3,10,5,7,13,1,4,16,18,9,1,4,4,1,6,1,6,11,0,0,0,0,5,4,0,4,14,1,20
0,0,19,14,2,7,11,0,0,10,3,1,26,25,21,15,0,16,0,0,2,2,9,0,4,8,9,2,0,0,2,7,20,7,10,0,11,22,9,14,1,7,0,1,0,4,7,1,13,2,4,7,2,27,2,6,8,0,10,3,7,2,0,12,9,6,12,4,0,1,11,0,23,2,18,12,2,0,22,0,0,2,7,3,0,6,0,15,18,5,9,0,0,0,7,9,2,3,0,0,0,0,1,4,5,0,0,8,2,4,6,6,1,2,0,13
0,0,7,0,1,11,15,0,1,3,2,0,4,4,15,2,12,5,0,2,11,1,10,0,2,4,16,3,0,0,2,13,12,0,6,11,0,11,5,2,1,4,3,0,0,3,4,1,11,3,5,0,1,14,4,6,4,2,6,1,0,4,0,6,14,7,1,2,3,5,19,0,7,1,7,2,0,6,1,0,0,0,3,2,10,4,1,5,10,3,1,0,0,0,5,6,2,2,2,0,0,0,2,0,0,0,2,9,1,12,38,11,2,3,0,12
0,0,13,0,5,5,11,1,1,13,1,0,1,13,12,29,2,2,0,6,0,0,6,0,1,5,16,2,0,9,3,6,15,0,4,22,11,0,6,14,0,14,17,3,0,17,4,5,1,0,16,0,1,15,4,1,0,0,16,3,1,0,0,6,19,18,10,2,1,0,9,0,0,1,16,8,1,15,4,0,0,0,3,6,12,1,0,7,16,0,0,0,7,0,12,8,3,17,2,0,0,0,2,0,3,0,5,3,0,5,0,3,6,1,0,7
0,0,8,5,12,13,9,2,0,8,2,2,0,6,18,16,1,5,0,50,16,1,7,0,4,0,16,22,0,6,10,24,28,1,4,9,5,6,0,11,0,8,13,6,0,4,2,4,3,2,7,0,10,17,21,6,1,3,33,3,2,4,9,18,7,20,0,3,16,3,8,0,11,23,16,8,0,27,13,0,0,0,2,15,4,1,2,8,8,2,5,3,0,0,8,0,5,5,4,2,0,1,1,0,1,0,4,5,3,11,20,5,11,1,0,7
0,0,11,4,1,4,7,0,0,10,0,0,0,8,2,8,46,1,0,0,10,0,2,0,1,0,3,11,0,2,1,0,5,0,1,14,2,14,11,0,0,5,0,0,0,25,3,0,5,0,11,0,0,3,19,4,1,0,3,0,0,0,0,4,4,0,15,1,1,0,11,0,6,3,17,5,0,1,4,0,0,0,0,7,7,1,0,25,4,0,0,0,3,0,0,4,0,3,0,0,0,0,0,0,0,0,0,10,0,3,1,2,1,0,0,2
12,3,2,22,1,2,0,5,28,5,1,19,5,1,1,0,2,7,4,0,1,3,0,0,3,3,0,0,0,0,4,3,2,5,4,1,1,0,0,0,0,2,0,14,5,5,0,4,0,17,0,34,12,1,2,6,0,15,2,4,13,5,0,0,0,0,0,7,3,2,0,6,16,0,1,8,2,0,9,0,4,8,10,1,1,4,12,0,2,12,2,19,0,17,8,2,22,0,7,18,4,6,0,10,4,15,0,0,0,0,0,0,0,9,14,14
0,1,11,1,3,4,13,0,0,1,0,0,6,1,5,11,11,0,0,5,4,0,3,0,1,1,4,5,0,39,2,7,7,0,2,7,4,14,8,5,2,0,13,1,0,1,8,0,3,1,6,0,1,13,4,3,1,0,6,0,0,1,18,19,4,3,8,0,0,2,7,1,2,3,6,4,0,5,2,0,0,0,5,20,8,1,0,1,4,0,4,1,8,0,5,4,0,3,0,1,0,0,3,0,1,0,6,16,2,5,0,10,3,0,0,1
0,0,1,2,7,1,13,0,0,4,1,0,1,6,3,3,3,2,0,25,4,1,3,0,0,0,1,20,0,2,1,11,7,0,4,0,3,17,13,0,0,13,0,1,0,0,1,0,0,1,3,1,2,22,23,4,2,0,34,3,0,0,3,9,10,3,27,1,2,2,20,0,9,14,5,1,0,1,8,0,0,0,3,26,2,2,0,6,0,3,12,0,0,0,1,6,1,0,0,0,0,5,16,0,1,0,9,2,3,6,6,9,3,0,0,4
16,11,13,21,0,33,1,27,74,1,3,23,10,2,2,1,1,10,23,5,2,26,4,0,10,6,2,0,0,0,11,13,1,19,8,1,0,3,6,0,14,1,1,0,20,16,1,4,4,12,0,22,4,3,4,8,0,4,11,12,12,6,1,0,5,3,3,20,9,5,0,10,12,0,2,9,14,1,8,0,15,25,31,0,0,13,12,2,12,5,1,39,0,32,1,5,12,1,19,21,23,4,2,39,10,9,0,0,0,2,4,0,5,16,13,7
5,10,0,28,0,0,0,5,16,0,0,5,0,0,0,0,0,10,13,0,0,16,0,0,5,0,0,0,0,0,0,0,0,2,2,0,0,0,0,0,5,0,0,20,0,0,0,0,0,0,0,4,0,0,0,0,0,5,0,0,0,0,0,0,0,0,0,0,0,5,0,0,0,0,0,0,14,0,1,0,8,5,0,0,0,3,10,0,0,0,0,32,0,30,0,0,29,0,0,1,8,0,0,15,0,15,0,0,0,0,0,0,0,3,3,0
0,1,3,29,1,6,0,12,11,15,4,3,12,7,12,2,4,29,0,7,1,14,6,0,4,6,2,1,0,3,5,3,9,18,7,4,3,17,4,25,5,1,0,16,0,0,2,2,0,4,1,7,3,6,5,8,5,1,8,10,3,1,0,1,14,7,0,4,2,7,6,1,12,1,1,6,14,8,10,0,0,5,5,1,1,6,3,8,21,5,2,21,1,7,0,1,6,2,2,8,0,5,0,2,2,0,5,3,2,2,0,1,8,10,0,31
0,0,10,0,4,2,4,0,0,8,1,1,0,6,12,9,20,0,0,10,1,0,1,0,0,0,3,2,0,45,0,0,1,0,3,7,4,4,2,3,0,8,1,1,0,2,0,0,1,0,4,0,2,12,12,1,2,0,0,0,1,1,15,9,2,3,8,1,0,0,2,0,2,26,1,1,0,15,2,0,0,0,5,15,15,0,0,5,0,1,1,0,11,0,5,4,0,9,0,0,0,0,3,0,1,0,12,28,4,11,5,13,0,0,0,0
5,7,3,15,0,14,1,8,8,6,3,18,2,5,6,1,1,25,0,0,1,14,2,0,3,4,9,1,0,0,6,3,3,4,9,1,1,5,4,0,4,0,0,4,0,2,0,0,0,20,4,6,9,1,0,1,2,5,3,11,6,3,0,0,3,0,0,5,1,5,3,1,22,0,1,4,4,1,8,0,2,5,9,1,0,5,7,2,5,1,0,4,0,12,4,7,8,0,5,3,3,1,2,10,5,4,0,0,0,1,0,0,2,19,1,5
0,0,3,1,1,0,16,0,0,9,0,0,3,13,18,2,4,0,0,6,9,0,3,0,1,1,7,3,0,1,4,8,7,0,1,13,11,1,3,5,0,3,0,4,0,0,1,0,0,0,3,0,13,11,3,1,1,0,4,0,1,0,0,10,13,5,2,2,1,0,8,0,2,2,8,2,1,4,2,0,1,2,8,3,7,2,0,9,4,1,3,0,0,0,7,0,0,1,2,0,0,0,5,0,0,0,1,3,0,2,19,0,1,0,0,5
10,0,6,13,1,9,2,5,2,8,5,26,1,1,2,0,5,6,3,7,1,9,12,0,19,16,0,0,0,0,12,1,2,20,9,2,3,0,2,0,17,1,1,12,0,4,0,20,0,0,2,31,16,1,2,15,5,11,9,9,10,6,0,0,3,4,0,11,5,25,4,1,16,0,3,10,4,0,10,0,2,5,14,2,2,7,3,3,1,11,3,19,0,3,27,7,17,0,5,6,0,5,0,3,9,0,0,0,0,2,0,0,11,18,0,31
1,0,9,1,1,10,10,1,0,1,5,1,2,12,2,15,20,8,0,11,9,1,6,0,1,4,5,5,0,14,1,10,6,2,5,4,5,16,7,11,0,6,3,0,0,1,4,4,3,2,0,0,14,11,5,3,2,3,9,1,1,1,1,3,25,0,15,1,5,0,8,0,2,1,5,12,0,14,6,0,0,1,0,4,2,1,0,2,20,0,12,2,2,1,9,2,0,6,3,0,0,0,4,0,0,0,10,2,1,16,0,7,7,0,0,3
10,7,12,24,0,3,2,33,64,3,2,26,1,3,0,0,0,43,14,3,2,35,5,0,7,6,2,1,0,0,8,1,1,39,3,7,0,0,0,0,34,0,1,22,4,7,0,6,0,31,0,0,6,1,2,7,1,27,2,29,12,3,0,0,2,1,0,14,8,24,0,5,9,2,0,5,10,1,9,0,11,6,8,0,0,14,14,0,1,3,0,45,0,15,11,1,15,0,11,11,22,2,0,14,4,28,0,0,0,0,0,0,1,36,11,15
6,0,6,4,10,8,0,2,1,12,2,7,2,4,5,0,2,9,4,1,23,4,24,0,0,7,1,17,0,0,2,8,3,6,6,2,1,1,10,0,12,1,2,4,0,3,2,9,13,16,14,6,0,1,11,7,1,8,32,7,11,5,6,0,6,7,0,9,0,4,1,6,3,0,0,11,1,5,9,0,2,2,12,8,8,2,3,0,1,5,5,3,2,1,13,5,4,6,12,8,0,11,3,0,11,0,0,1,0,0,1,0,3,1,0,18
0,1,31,5,9,22,6,1,0,3,9,1,8,22,26,31,10,9,0,3,1,6,10,0,2,4,10,16,0,1,3,15,24,0,4,27,14,15,17,3,1,13,22,3,0,6,12,1,11,1,11,1,1,0,29,5,1,2,15,2,5,2,4,19,8,31,5,4,2,2,18,0,5,1,13,18,1,5,9,0,0,1,2,10,21,5,2,17,3,5,13,0,13,0,16,10,2,10,0,0,0,4,16,0,5,0,6,19,7,8,15,13,13,0,0,15
0,4,13,0,6,14,16,11,0,7,7,2,3,5,5,4,3,4,0,8,15,4,2,0,1,1,0,17,0,36,0,15,19,2,2,2,4,4,21,19,2,4,23,4,0,5,12,0,3,2,5,2,11,29,0,3,3,1,18,7,5,0,0,1,0,5,12,4,1,7,8,0,5,4,14,11,3,20,11,0,0,2,0,0,2,3,0,4,11,6,1,1,1,0,3,16,0,13,4,5,0,1,3,5,0,0,7,8,2,6,5,12,24,6,0,6
5,7,5,9,0,14,6,0,0,6,3,4,10,4,7,7,0,18,0,3,7,11,4,0,0,5,4,3,0,1,1,15,7,1,6,6,6,1,6,4,6,3,4,8,0,8,1,1,1,15,3,7,7,5,3,0,3,1,13,2,26,5,1,4,14,6,4,6,2,8,4,4,12,2,3,14,1,1,16,0,0,3,10,0,2,6,2,2,10,6,3,6,2,2,1,2,5,1,3,4,0,3,1,3,7,0,0,1,0,2,2,4,4,7,0,10
3,0,7,4,0,3,1,0,0,5,1,1,4,6,7,0,4,16,0,7,6,6,3,0,3,1,1,0,0,0,0,1,5,2,9,8,4,0,1,1,0,1,2,0,0,5,2,2,1,5,2,1,1,1,3,3,0,0,4,1,5,4,0,2,0,1,0,4,1,7,0,0,7,2,0,7,0,1,0,0,1,0,5,0,3,2,2,1,3,5,2,0,0,2,0,12,0,0,1,1,0,3,0,3,0,0,0,1,1,1,2,1,1,1,0,15
1,1,1,17,0,1,0,3,6,1,0,19,3,3,2,1,0,21,4,0,3,4,12,0,0,3,0,0,0,0,0,3,0,5,8,0,2,0,3,0,15,0,0,4,5,1,0,5,0,11,3,27,8,2,1,1,0,0,7,0,2,1,0,1,1,2,0,0,1,2,0,1,0,0,2,2,5,0,1,0,3,1,2,0,0,1,3,1,0,0,0,7,0,3,4,2,6,0,0,12,9,5,0,2,0,24,0,0,1,0,0,0,0,9,0,2
4,0,13,3,6,12,11,1,0,31,46,7,2,20,18,7,11,9,1,14,26,5,33,0,5,3,8,19,0,2,1,14,3,0,9,10,6,16,33,3,2,6,34,11,0,8,0,3,4,9,9,2,32,15,18,13,4,7,0,3,2,14,9,0,15,50,10,4,10,1,5,4,28,5,13,12,1,16,10,0,0,3,10,3,0,6,1,16,12,9,33,3,5,2,20,18,3,6,1,5,0,5,16,1,25,0,7,7,11,13,24,7,21,3,0,19
4,9,16,8,1,5,0,3,2,9,6,4,6,1,14,0,0,17,0,3,2,7,10,0,8,5,5,1,0,0,4,13,3,12,8,3,1,3,3,0,4,0,3,12,0,10,0,11,0,9,1,29,7,2,7,2,1,0,3,0,22,10,0,1,2,0,0,12,4,8,0,6,12,1,3,7,1,1,12,0,3,16,9,0,0,14,9,0,3,5,0,18,0,6,2,1,1,1,8,3,0,7,0,6,3,0,0,0,1,1,0,0,15,19,0,12
7,10,9,10,1,16,1,1,3,7,4,6,8,1,6,2,0,9,2,0,8,10,4,0,7,5,16,0,0,0,13,7,1,11,16,7,0,1,2,0,13,0,0,12,0,3,1,6,1,10,1,12,11,5,5,26,5,2,2,22,0,11,1,0,2,1,0,27,1,3,2,15,19,0,2,8,0,2,17,0,5,29,26,1,1,15,8,1,2,6,2,15,0,4,0,0,16,1,5,9,2,19,0,12,5,2,0,0,0,2,0,3,6,12,1,16
21,12,8,12,0,8,3,3,0,4,1,2,17,2,4,0,0,65,0,6,1,11,7,0,3,20,1,0,0,0,1,3,1,2,5,2,4,0,4,0,5,1,0,6,0,1,1,3,0,6,1,3,5,2,0,5,4,1,14,10,11,0,0,1,0,4,0,4,3,11,8,2,16,0,2,6,5,0,11,0,7,2,4,1,1,8,6,5,4,1,0,15,0,3,0,2,4,1,22,7,0,4,0,5,2,0,0,0,1,3,1,0,5,5,0,22
3,1,0,0,3,0,0,0,0,0,1,0,0,3,1,1,11,4,0,14,4,0,1,0,1,0,0,8,0,68,0,0,0,1,0,0,0,0,9,0,0,18,3,1,0,0,15,0,0,0,1,0,6,4,0,1,0,0,9,0,1,0,0,0,1,4,20,1,0,0,2,0,0,16,0,6,0,18,3,0,0,0,0,1,6,2,0,0,2,3,39,0,2,0,0,1,2,0,0,0,0,2,3,0,0,0,1,1,1,2,9,2,0,1,0,4
0,0,1,0,4,2,1,0,0,0,3,0,2,30,1,19,1,3,0,5,1,2,2,0,0,7,11,6,0,6,1,3,3,0,4,12,6,6,18,4,0,19,9,0,0,1,9,0,10,0,3,0,0,19,1,4,2,1,0,1,0,1,0,0,4,12,22,2,1,0,25,0,0,10,3,2,1,5,2,0,0,0,0,5,5,0,1,4,3,5,3,0,0,0,0,5,0,16,0,1,0,0,4,0,0,0,21,37,12,2,1,10,1,5,0,2
0,0,26,2,3,8,5,1,0,5,0,3,2,11,7,2,11,13,0,12,2,0,27,0,5,2,9,6,0,3,0,5,10,5,10,9,14,19,7,4,0,4,10,5,0,14,2,3,13,3,25,2,6,8,0,14,0,1,15,2,2,0,1,4,0,5,8,1,0,4,13,0,12,6,5,9,0,1,5,0,0,0,6,5,8,14,0,4,6,20,2,5,0,0,3,8,5,9,1,2,0,2,5,1,5,0,0,1,2,3,0,13,14,9,0,11
0,1,3,4,7,2,6,0,0,3,1,4,2,1,7,4,2,31,0,4,10,2,6,0,2,10,5,10,0,0,5,1,14,0,5,6,7,18,20,0,0,3,3,3,0,7,3,0,5,4,0,1,7,31,5,6,1,2,50,0,1,4,4,12,5,0,5,5,4,2,1,3,5,0,3,2,4,4,9,0,0,0,3,2,0,5,0,0,5,6,5,0,1,0,3,8,8,4,3,2,0,2,2,0,0,0,0,1,12,8,0,3,1,0,0,11
0,0,0,2,3,2,8,0,0,0,0,0,0,18,1,2,9,0,0,8,4,1,5,0,2,1,1,1,0,13,0,4,12,0,2,12,1,10,0,15,0,8,27,3,0,0,8,0,2,0,15,0,0,5,12,4,0,0,10,0,0,0,20,22,8,5,0,0,0,0,2,0,3,3,2,4,1,8,0,0,0,0,3,7,3,2,1,6,1,1,0,0,3,0,0,9,0,17,0,0,0,1,23,1,2,0,4,18,0,4,5,4,1,3,0,4
6,26,9,6,2,5,1,9,5,6,3,5,10,4,7,2,1,9,0,3,2,10,3,0,5,6,6,1,0,0,9,4,5,16,10,4,2,2,3,1,7,0,1,20,0,4,1,5,2,11,1,14,9,4,4,6,4,0,4,12,27,4,1,2,1,5,0,0,4,7,6,1,23,0,0,18,16,1,13,0,0,7,14,4,0,9,7,0,3,5,0,22,0,7,4,4,17,1,12,17,0,4,0,5,5,0,0,0,0,0,1,0,2,12,8,17
8,1,1,2,0,7,2,2,1,10,1,11,2,3,3,0,6,5,3,6,5,11,27,0,7,6,7,0,0,0,2,3,8,2,2,0,3,1,16,1,3,0,2,9,0,2,0,1,1,5,5,8,0,2,1,2,1,1,10,4,1,3,0,1,0,4,0,4,0,7,3,1,4,0,0,4,1,0,2,0,1,0,1,2,2,0,9,0,0,1,0,3,0,2,6,4,2,0,2,3,0,2,2,3,4,0,0,1,0,1,0,0,2,14,0,32
8,32,11,10,1,7,0,5,6,7,6,18,2,0,4,1,4,38,1,6,5,17,12,0,3,11,5,0,0,2,3,6,0,8,11,1,5,0,3,0,2,2,2,5,5,7,0,5,0,25,0,24,4,2,7,8,7,2,1,8,3,11,0,0,4,2,0,7,7,0,4,6,9,0,0,6,4,1,11,0,2,5,7,0,1,6,9,0,4,0,2,7,1,7,0,2,14,0,19,11,2,5,0,19,9,3,3,0,0,5,0,0,1,2,3,12
0,2,5,3,12,2,26,0,0,13,1,2,2,2,12,19,1,3,0,10,1,0,7,0,2,4,5,3,0,4,5,6,24,0,10,11,19,9,8,11,0,7,20,0,0,6,2,3,8,4,8,0,1,18,8,4,0,0,5,0,2,8,2,25,13,1,2,6,3,4,0,1,5,0,12,6,0,5,5,0,0,0,1,19,5,3,2,17,2,0,2,3,0,2,13,10,1,6,1,6,0,1,0,1,3,0,1,2,19,0,1,1,1,1,0,10
5,4,0,13,1,7,0,3,3,2,0,0,0,0,2,0,0,4,0,0,6,8,3,0,3,4,1,0,0,0,0,4,1,6,5,0,0,0,0,0,6,1,0,10,0,1,0,1,0,1,0,5,6,0,0,4,0,1,4,6,15,2,0,0,0,3,0,1,1,6,1,0,1,0,0,1,4,0,3,0,5,4,4,0,0,4,3,0,0,3,0,18,0,17,0,0,3,0,0,5,3,2,0,7,7,11,0,0,0,0,0,0,0,0,1,7
13,2,13,31,3,4,1,14,32,29,3,4,26,14,12,14,0,17,3,2,15,3,17,0,16,12,12,2,0,0,10,19,18,19,29,23,7,0,11,6,16,2,9,12,0,12,2,22,2,16,2,9,3,5,5,12,7,0,28,12,19,16,0,0,12,5,3,23,4,9,5,1,0,1,14,12,0,0,27,0,1,15,76,7,2,13,4,7,8,5,3,13,0,0,18,6,23,6,7,14,0,7,2,4,10,0,5,0,0,5,2,0,7,11,0,17
0,0,0,0,0,1,7,0,0,4,1,0,0,2,1,5,2,1,0,11,6,0,2,0,0,0,0,1,0,36,0,2,6,1,2,2,1,1,23,3,0,3,14,0,0,1,26,0,2,0,1,2,0,1,4,2,2,0,5,1,0,0,16,10,6,0,3,0,0,0,0,0,1,0,0,1,0,11,2,0,0,0,0,12,7,0,0,2,1,1,33,0,0,0,0,1,0,6,0,0,0,0,0,0,0,0,5,12,0,2,19,5,3,0,0,1
0,0,23,1,2,5,8,0,0,19,2,1,1,9,11,2,1,3,0,8,5,4,4,0,1,3,12,3,0,2,3,9,22,0,5,18,7,16,16,17,1,6,5,2,0,1,1,1,8,3,5,0,0,13,14,3,0,2,13,3,2,2,0,3,5,3,2,0,0,0,12,0,14,0,0,3,0,5,5,0,0,0,5,0,6,1,0,11,5,3,1,0,0,0,4,2,4,10,1,0,0,4,0,0,1,0,2,2,0,10,0,1,3,1,0,8
1,1,9,5,2,14,1,1,1,9,7,8,8,19,8,2,5,17,1,3,10,8,16,0,5,19,2,0,0,2,10,26,13,11,13,12,2,8,8,5,8,4,1,9,0,6,1,4,2,10,12,5,11,18,11,14,7,2,12,7,8,6,6,2,9,2,4,18,4,6,6,1,12,1,3,0,1,3,9,0,0,3,22,2,1,4,2,6,5,10,4,7,1,0,3,7,6,4,10,2,0,5,2,0,4,0,0,2,5,5,4,3,9,16,0,21
5,5,1,45,0,1,0,19,81,2,1,11,6,4,0,1,0,14,8,4,0,16,1,0,6,2,1,0,0,0,0,8,0,12,3,2,0,1,0,0,2,0,0,14,14,14,0,4,1,4,0,10,1,1,3,1,0,5,1,1,0,5,0,1,0,4,1,16,1,4,0,4,0,0,0,1,0,0,5,0,9,7,7,0,0,5,11,0,6,0,0,22,0,28,0,0,4,0,0,11,7,4,1,49,0,12,0,0,0,1,0,0,0,2,5,3
1,0,3,0,7,3,13,0,0,2,1,0,1,4,2,7,9,4,0,6,1,2,4,0,1,0,1,1,0,9,0,3,5,2,3,0,6,15,27,1,0,5,1,1,0,8,15,1,4,0,14,1,5,5,20,1,1,0,16,1,2,0,18,5,1,4,8,1,0,1,5,0,0,11,5,3,0,0,3,0,1,0,1,4,14,1,0,0,5,1,22,2,2,1,7,4,0,7,0,0,0,0,2,0,1,0,5,16,1,0,0,1,2,0,0,3
4,20,11,11,1,21,7,4,26,7,7,25,9,2,14,5,1,9,2,6,4,7,7,0,6,8,4,2,0,1,8,16,10,18,10,22,1,4,13,4,9,2,8,8,1,10,2,8,2,10,6,9,9,9,11,16,0,1,10,12,17,11,3,2,5,9,0,13,2,11,5,3,27,2,5,9,5,3,0,0,1,15,17,3,2,7,14,11,9,5,3,6,0,11,5,10,4,0,14,3,0,10,1,9,4,3,1,0,5,0,1,3,6,10,1,14
0,0,0,0,0,0,0,0,0,0,0,0,0,0,0,0,0,0,0,0,0,0,0,0,0,0,0,0,0,0,0,0,0,0,0,0,0,0,0,0,0,0,0,0,0,0,0,0,0,0,0,0,0,0,0,0,0,0,0,0,0,0,0,0,0,0,0,0,0,0,0,0,0,0,0,0,0,0,0,0,0,0,0,0,0,0,0,0,0,0,0,0,0,0,0,0,0,0,0,0,0,0,0,0,0,0,0,0,0,0,0,0,0,0,0,0
11,5,0,30,0,2,0,7,30,3,0,2,0,0,3,0,0,5,7,0,1,9,3,0,5,0,0,0,0,0,0,0,0,1,0,0,0,0,0,0,4,0,0,15,8,0,0,2,1,2,0,11,2,0,0,0,1,3,0,3,5,7,0,0,0,0,0,0,1,2,0,5,1,0,0,0,9,1,1,0,0,12,3,0,0,2,7,0,1,3,1,15,0,24,1,0,13,0,4,8,5,1,0,50,1,23,0,0,0,0,0,0,0,4,8,2
23,9,4,16,0,4,2,9,29,5,5,5,16,4,2,0,0,9,13,2,0,7,2,0,8,1,2,0,0,0,1,4,0,18,8,2,0,0,0,0,8,0,0,25,5,5,0,5,2,5,1,6,2,1,2,3,0,1,3,16,29,2,0,0,0,0,0,7,0,5,0,4,15,0,0,3,7,0,15,0,12,0,12,0,0,36,6,0,1,4,0,37,0,17,0,1,8,0,15,9,10,6,0,28,2,6,0,0,0,0,0,0,0,11,3,9
7,1,10,14,2,6,2,3,17,14,4,10,6,3,15,7,4,22,0,2,3,11,14,0,23,14,3,1,0,0,4,6,5,32,26,7,3,3,2,0,10,5,3,31,0,5,5,9,8,14,0,8,12,2,0,10,5,2,10,9,26,4,0,0,6,3,3,14,1,7,1,4,76,0,5,22,7,1,17,0,3,12,0,0,0,28,3,18,8,2,0,20,2,6,2,5,13,0,13,7,0,10,2,3,10,0,0,1,2,2,0,0,5,21,0,23
0,0,0,0,1,8,15,1,1,0,1,1,1,4,6,7,8,1,0,7,3,0,0,0,0,0,3,3,0,7,1,5,3,0,0,3,2,6,15,7,1,20,26,0,0,1,15,1,3,2,4,0,8,10,0,0,0,0,3,0,1,1,1,5,5,2,7,4,2,0,19,0,7,12,0,2,0,4,3,0,0,0,0,0,2,0,0,2,7,2,3,1,16,0,5,9,0,2,1,3,0,0,11,1,0,0,3,6,7,1,3,5,1,0,0,3
0,0,0,0,2,1,22,0,0,0,3,0,0,3,2,0,4,1,0,4,1,0,1,0,1,0,3,1,0,3,0,4,5,0,0,0,10,12,4,7,1,8,2,0,0,1,15,0,7,2,2,0,8,21,2,2,3,0,0,0,1,1,6,5,8,0,3,0,2,1,5,0,2,7,6,1,0,14,2,0,0,0,0,2,0,0,0,0,9,0,3,0,14,0,6,2,0,3,0,0,0,2,10,0,0,0,10,6,1,4,7,2,0,0,0,0
5,13,12,11,0,5,2,5,10,3,1,14,8,5,2,3,7,34,1,2,1,17,7,0,5,4,2,0,0,0,10,15,3,11,8,6,4,1,1,1,4,1,2,13,3,6,0,5,2,7,1,14,2,5,3,6,2,1,6,14,15,8,2,0,14,5,2,9,0,6,3,4,13,0,1,4,5,1,7,0,2,36,28,0,0,0,3,1,5,1,2,14,0,51,2,8,14,3,27,20,1,10,0,10,1,0,0,0,0,2,0,0,3,7,0,8
11,21,3,15,0,1,0,4,22,2,4,4,0,2,0,0,0,20,21,1,1,17,5,0,4,2,1,0,0,0,3,0,1,9,15,0,1,0,2,0,12,0,0,12,10,3,0,7,0,3,0,14,3,2,0,2,2,3,1,9,8,6,0,1,0,0,1,7,9,9,2,3,4,0,0,2,11,0,14,0,7,6,3,0,0,3,0,1,1,1,1,12,0,29,1,3,21,1,2,5,4,3,0,16,6,7,0,0,0,0,0,0,0,1,28,11
0,1,14,7,0,2,3,1,0,6,10,0,0,5,22,10,1,7,0,8,6,4,6,0,2,0,7,15,0,2,0,2,13,2,3,15,5,7,8,25,0,1,6,2,0,8,5,2,9,3,2,0,0,17,4,2,1,1,16,0,1,5,0,4,4,0,6,0,0,0,17,0,7,2,11,6,0,0,11,0,0,0,18,2,0,1,1,0,2,8,0,0,1,0,3,13,2,4,1,3,0,1,18,0,4,0,5,10,0,4,0,12,10,2,0,18
6,1,6,13,0,8,1,0,10,1,5,6,1,15,16,3,4,39,1,11,8,13,5,0,0,1,11,3,0,10,0,4,7,1,10,18,10,16,8,4,2,4,0,12,0,21,0,5,4,1,20,1,1,3,11,10,3,0,12,3,2,4,2,3,6,5,1,3,0,4,2,0,8,1,5,5,6,5,9,0,1,1,8,7,9,5,1,2,0,3,6,0,0,1,3,3,2,0,9,0,0,0,3,0,1,0,2,6,3,9,0,1,1,4,0,21
3,0,9,4,2,11,1,0,1,6,0,0,6,3,10,1,4,13,0,2,4,3,8,0,3,2,4,1,0,2,4,3,1,7,5,5,3,0,2,0,12,0,3,5,0,5,1,1,1,11,0,3,5,5,6,6,5,0,9,5,6,1,3,5,20,6,1,5,1,0,0,3,5,1,3,10,0,1,5,0,3,4,2,2,0,1,1,8,3,0,0,10,0,2,10,4,1,0,7,5,0,2,2,4,3,0,1,0,0,1,0,0,16,5,0,11
1,0,2,0,5,0,5,0,0,4,4,0,10,0,3,5,4,9,0,4,2,1,12,0,1,0,0,21,0,5,1,1,1,0,7,9,1,0,5,0,2,4,12,1,0,2,1,0,3,3,12,0,5,13,1,3,2,0,33,0,2,0,39,3,2,5,0,0,0,2,2,0,3,33,1,4,0,22,3,0,1,0,0,3,3,2,1,0,6,0,0,0,0,0,8,6,0,0,0,0,0,0,9,1,5,0,0,10,5,3,7,4,8,0,0,5
21,28,0,22,0,4,2,15,132,2,6,29,5,4,3,0,0,17,11,0,3,25,8,1,8,10,0,0,0,0,3,0,2,26,13,0,0,0,3,0,19,1,0,39,32,21,0,4,0,19,2,45,3,0,1,6,0,7,3,18,15,15,0,0,5,0,0,22,3,7,3,18,13,0,0,7,22,2,6,0,15,37,20,1,0,14,12,0,0,10,0,0,0,32,0,0,27,0,9,29,24,9,0,34,4,7,1,0,1,0,0,0,2,17,20,27
0,0,0,1,0,1,6,0,0,1,2,0,0,6,1,0,2,0,0,22,0,0,1,0,1,0,0,8,0,24,0,0,9,0,1,0,0,7,0,3,0,8,0,0,0,1,11,0,0,0,2,0,2,13,1,2,0,0,5,0,0,0,2,0,0,1,3,0,0,1,0,0,0,0,0,1,0,2,0,0,0,0,2,16,14,0,0,1,0,0,0,0,0,0,1,0,0,10,1,0,0,0,1,0,0,0,13,10,0,31,7,9,4,0,0,1
17,44,0,44,1,1,0,17,205,0,2,5,3,0,0,1,1,24,38,2,0,27,3,0,9,1,0,0,0,0,2,0,0,16,4,0,0,0,0,0,17,0,0,32,30,7,0,12,0,3,1,15,1,0,0,2,2,3,2,6,4,3,0,0,0,0,0,7,2,7,2,17,0,0,0,0,28,1,11,0,24,17,6,0,0,51,29,0,1,2,0,32,0,0,0,0,23,0,1,23,59,0,0,68,0,20,0,1,0,0,0,0,1,16,16,2
0,1,15,3,5,2,1,6,0,6,0,4,5,7,5,14,6,1,0,0,7,1,7,0,1,11,13,7,0,0,15,7,1,5,16,7,5,12,8,0,8,5,1,1,0,0,5,4,7,27,9,11,13,16,3,1,0,4,20,2,0,0,0,0,3,3,0,4,6,0,13,0,18,0,4,3,0,7,5,0,1,0,2,5,6,2,1,3,3,10,8,0,1,0,0,11,1,1,1,1,0,2,8,2,1,0,0,2,2,1,6,2,11,1,0,5
5,0,22,9,7,3,8,3,0,9,2,2,1,14,24,9,9,15,0,3,4,4,28,0,1,1,11,5,0,0,5,1,5,1,18,9,6,8,0,4,2,4,6,5,0,1,4,7,0,7,2,1,5,10,16,2,12,2,18,1,0,2,1,5,8,8,9,4,4,2,10,0,6,1,2,7,0,4,10,0,0,1,5,9,2,8,3,13,3,4,6,0,0,0,11,0,7,1,3,2,0,2,1,0,4,0,2,2,1,13,1,1,5,0,0,16
12,17,0,25,0,5,2,37,88,8,6,24,4,1,12,2,4,11,19,7,4,8,12,0,6,1,2,1,0,0,3,5,2,5,9,2,2,3,5,0,22,0,1,12,29,6,0,8,0,17,0,15,4,2,0,5,0,6,3,1,16,4,2,0,5,8,0,17,2,14,1,3,23,0,4,6,4,0,4,0,13,8,13,0,0,14,21,2,2,1,0,27,0,23,1,7,0,1,3,11,5,5,0,24,1,20,0,0,0,0,0,1,2,12,15,12
0,0,8,0,10,0,5,0,0,3,0,0,2,3,8,9,17,2,0,40,2,0,3,0,4,1,9,1,0,16,2,4,11,4,1,3,2,17,5,3,0,3,0,1,0,2,9,0,1,0,6,0,6,10,13,1,0,0,6,1,1,1,0,16,9,4,17,1,0,0,6,0,6,6,10,4,0,7,0,0,0,0,0,2,3,3,1,4,0,0,0,0,10,0,1,1,1,0,3,0,0,0,3,0,1,0,6,25,2,2,7,0,1,1,0,4
7,11,5,4,1,5,3,8,6,1,2,11,0,3,6,3,0,62,1,2,1,19,7,0,6,28,0,0,0,0,5,4,0,13,4,0,2,2,4,0,7,0,0,19,0,2,0,5,2,5,3,11,12,0,4,3,1,0,1,8,5,22,0,0,1,3,0,12,2,19,1,0,7,0,1,10,0,0,14,0,4,15,13,1,0,27,2,1,9,7,0,9,1,1,1,3,3,3,0,9,0,6,0,9,2,0,0,0,0,0,0,0,5,18,0,31
6,6,2,27,0,10,0,6,13,6,0,9,3,1,1,0,0,9,2,4,0,19,18,0,1,8,2,0,0,0,7,3,0,5,4,0,0,0,2,0,18,1,0,21,1,8,0,3,0,6,0,11,8,0,5,4,1,12,5,3,9,7,0,1,2,2,0,17,3,11,6,5,14,0,0,2,11,0,3,0,8,9,7,3,0,20,5,3,0,5,0,29,0,23,1,2,11,0,9,0,11,2,0,28,5,13,0,0,0,0,0,0,1,9,2,7
11,1,0,82,0,0,0,6,12,0,0,9,0,0,0,0,0,14,24,0,0,20,0,0,8,0,0,0,0,0,0,0,0,15,1,0,0,0,0,0,4,0,0,23,8,0,0,3,0,0,0,22,0,0,0,0,0,9,0,0,2,0,0,0,0,0,0,0,0,2,0,3,0,0,0,0,7,0,0,0,5,10,0,0,0,1,4,0,0,0,0,24,0,59,0,0,5,0,0,11,0,0,0,42,0,12,0,0,0,0,0,0,0,1,6,0
0,2,3,15,1,2,0,2,1,18,0,2,7,0,6,0,0,52,0,4,2,9,10,0,3,3,1,0,0,0,2,2,1,7,6,0,0,0,1,0,6,0,5,4,0,5,0,1,0,5,0,2,11,4,1,3,3,5,5,7,19,4,2,0,2,2,1,4,2,5,1,2,7,0,4,5,4,0,10,0,1,6,10,0,2,10,3,1,0,2,0,9,0,0,2,2,5,0,6,2,0,0,0,5,5,0,0,0,0,0,0,0,5,8,0,189
0,0,0,0,2,1,1,0,0,2,1,0,3,11,3,8,0,0,0,3,1,0,13,0,1,0,1,12,0,2,0,6,1,0,1,1,2,2,1,0,0,3,16,2,0,0,3,2,5,0,4,0,3,16,3,1,0,0,16,0,0,0,3,4,5,2,23,0,2,0,0,0,2,0,0,2,1,2,1,0,0,0,2,11,10,0,0,18,3,2,9,0,1,0,8,1,0,3,0,0,0,0,0,0,0,0,13,15,3,2,17,26,2,0,0,2
6,8,0,72,0,1,0,31,144,3,0,9,7,1,3,1,0,14,22,1,0,24,1,1,17,2,0,0,0,0,4,4,0,10,6,4,0,0,0,0,10,0,0,39,15,2,0,10,0,3,0,14,0,0,5,3,3,2,1,6,12,5,0,0,1,0,1,5,3,19,1,7,4,0,0,0,49,0,9,0,50,28,3,1,0,10,16,0,0,4,1,34,0,68,2,0,24,0,9,28,42,5,0,0,1,32,0,0,0,0,0,0,1,4,17,8
0,2,5,6,0,5,1,0,1,6,3,1,0,3,13,4,2,5,1,5,2,2,5,0,3,2,0,0,0,0,3,10,4,4,11,5,0,3,1,0,4,1,1,10,0,2,1,5,0,9,0,4,11,5,0,7,0,0,25,3,5,2,0,0,5,0,2,5,4,9,3,7,10,0,1,4,0,1,4,0,1,2,10,0,0,1,6,4,1,3,5,4,0,0,1,4,1,1,2,5,0,5,0,1,0,0,2,0,0,0,0,0,6,1,0,4
3,8,0,50,0,0,0,12,12,0,0,22,0,0,0,0,0,10,19,0,0,17,0,0,2,0,0,0,0,0,0,0,0,9,0,0,0,0,0,0,15,0,0,9,15,0,0,4,0,0,0,28,0,0,0,0,0,24,0,0,2,0,0,0,0,0,0,0,0,3,0,11,0,0,0,0,12,0,3,0,23,6,0,0,0,0,7,0,0,0,0,7,0,20,0,0,20,0,0,13,12,0,0,32,0,0,0,0,0,0,0,0,0,3,14,0
0,0,2,0,0,0,4,0,0,3,2,0,0,3,0,3,0,1,0,5,3,0,4,0,0,1,0,4,0,71,0,4,5,0,0,0,2,5,4,0,0,6,9,0,0,5,12,0,1,0,10,0,0,6,7,0,0,0,7,0,0,0,1,21,0,0,4,0,0,3,1,0,5,5,2,0,0,5,1,0,0,0,0,3,10,0,0,5,2,1,0,1,13,0,0,2,0,6,0,0,0,0,13,0,2,0,0,12,0,6,9,2,4,0,0,0
0,3,2,1,2,1,3,0,0,5,1,0,0,0,6,8,1,0,0,2,10,0,4,0,0,0,1,1,0,41,0,1,5,0,0,8,9,3,5,10,0,16,2,0,0,3,28,0,3,0,2,0,1,19,8,1,1,0,7,0,0,0,1,37,1,1,18,0,1,0,2,0,0,12,2,2,0,16,0,0,0,0,1,6,6,0,0,10,6,0,10,0,10,1,2,2,0,25,0,0,0,0,15,0,0,0,12,0,16,13,8,14,2,0,0,0
0,0,0,0,3,0,9,0,0,0,1,0,0,1,1,0,0,1,0,1,1,0,1,0,0,0,1,8,0,3,0,4,1,0,0,2,1,0,3,0,0,2,3,0,0,2,4,0,0,0,1,0,0,7,2,0,1,1,11,1,0,1,1,12,2,12,0,0,0,0,19,0,0,0,0,5,0,1,5,0,0,0,2,7,1,0,0,0,3,0,5,1,0,0,2,1,0,2,0,0,0,0,3,0,0,0,0,16,0,0,3,4,1,0,0,2
0,0,8,3,11,5,6,0,0,4,3,0,0,9,22,11,2,20,0,4,3,1,6,0,0,1,0,4,0,9,2,1,4,0,5,4,12,5,11,3,0,5,6,2,0,2,11,1,2,2,16,0,0,8,6,2,1,0,13,1,2,3,2,2,3,8,4,0,1,5,0,0,5,2,10,5,1,0,0,0,0,0,2,1,4,2,0,4,9,1,3,0,31,0,1,13,0,2,0,0,0,0,2,0,0,0,6,13,0,0,11,2,2,0,0,6
0,0,0,0,3,1,6,0,0,1,2,0,0,8,1,1,41,1,0,2,2,1,0,0,0,0,6,6,0,5,0,6,1,0,4,6,38,0,20,1,0,0,6,4,0,0,5,0,19,0,0,0,1,15,5,2,2,0,24,0,0,1,9,1,0,0,5,1,0,0,1,0,2,19,0,4,0,0,1,0,0,0,0,3,7,0,0,0,0,0,7,0,7,0,6,1,0,7,0,0,0,0,17,0,0,0,9,8,3,11,0,8,0,0,0,1
0,0,2,0,3,0,6,0,0,4,0,0,1,1,4,7,3,5,0,7,4,0,5,0,0,0,0,7,0,8,0,0,2,0,0,6,11,3,5,2,0,10,9,0,0,1,13,0,0,0,7,0,0,13,12,4,1,0,7,0,3,0,2,10,13,3,4,0,0,0,1,0,0,5,1,3,0,1,3,0,0,0,0,5,2,0,0,12,1,0,4,0,9,0,2,1,1,0,0,0,0,0,26,0,0,0,2,14,4,2,8,0,3,3,0,7
5,2,23,7,23,23,2,1,0,4,3,5,8,19,5,2,2,2,0,12,6,2,7,0,3,2,3,4,0,0,1,0,3,1,4,1,2,6,11,1,0,3,3,5,0,8,0,2,1,11,7,1,3,13,24,4,1,0,21,15,6,5,0,1,14,1,1,2,2,1,1,0,7,3,3,9,0,2,6,0,0,0,5,1,0,3,0,10,1,16,8,2,4,1,11,5,2,1,5,1,0,5,2,1,6,0,4,2,1,2,0,3,0,1,0,10
15,11,4,20,1,12,2,13,14,0,1,15,4,2,2,0,1,22,0,5,0,8,13,0,24,14,0,0,0,0,2,4,3,12,14,2,3,1,1,0,9,0,0,16,3,10,0,19,0,18,0,36,1,0,6,7,1,9,3,19,12,5,1,5,9,0,3,12,14,2,1,0,11,0,1,16,2,0,10,0,4,11,21,0,0,7,1,2,4,5,0,17,0,16,1,0,12,1,18,9,1,8,0,4,1,3,0,0,0,0,0,3,1,0,4,17
2,7,0,28,0,0,0,3,18,0,0,24,0,0,0,0,0,19,10,0,0,10,0,0,5,0,0,0,0,0,0,0,0,7,1,0,0,0,0,0,14,0,0,13,3,0,0,1,0,0,0,11,0,0,0,0,0,0,0,0,1,0,0,0,0,0,0,8,0,3,0,1,0,0,0,0,5,0,1,0,8,3,0,0,0,0,28,0,0,0,0,20,0,16,0,0,15,0,0,2,6,0,0,17,0,14,0,0,0,0,0,0,0,4,0,0
5,10,15,20,4,21,5,5,2,9,7,15,16,10,28,6,14,28,3,3,14,17,30,0,13,19,12,5,0,0,15,12,12,5,20,13,12,7,7,2,14,1,4,7,0,31,0,5,5,31,3,15,18,15,6,10,15,2,19,12,16,22,4,2,11,11,4,17,32,12,10,7,17,1,8,21,3,3,14,0,2,9,23,3,0,8,11,18,21,11,5,27,1,2,5,16,12,4,31,7,0,189,2,8,4,0,0,0,2,6,1,7,10,17,0,0
