Ant260,Ant5,Ant52,Ant65,Ant244,Ant540,Ant2,Ant6,Ant7,Ant14,Ant15,Ant19,Ant26,Ant30,Ant38,Ant60,Ant72,Ant76,Ant99,Ant102,Ant148,Ant158,Ant161,Ant191,Ant202,Ant209,Ant227,Ant237,Ant252,Ant268,Ant278,Ant311,Ant329,Ant518,Ant604,Ant673,Ant0,Ant12,Ant20,Ant32,Ant35,Ant40,Ant43,Ant44,Ant50,Ant55,Ant62,Ant63,Ant68,Ant80,Ant91,Ant96,Ant97,Ant98,Ant100,Ant105,Ant109,Ant112,Ant114,Ant126,Ant137,Ant140,Ant142,Ant144,Ant147,Ant169,Ant170,Ant172,Ant174,Ant176,Ant178,Ant195,Ant206,Ant207,Ant210,Ant212,Ant215,Ant217,Ant219,Ant220,Ant232,Ant243,Ant256,Ant257,Ant262,Ant264,Ant265,Ant289,Ant294,Ant296,Ant298,Ant299,Ant301,Ant305,Ant313,Ant318,Ant324,Ant332,Ant342,Ant356,Ant394,Ant395,Ant398,Ant400,Ant433,Ant437,Ant458,Ant476,Ant492,Ant502,Ant507,Ant509,Ant527,Ant552,Ant556,Ant560,Ant564,Ant575,Ant580,Ant592,Ant593,Ant599,Ant607,Ant610,Ant621,Ant632,Ant635,Ant638,Ant647,Ant650,Ant665
0,14,6,1,16,33,25,20,3,1,5,12,6,12,12,7,1,13,2,11,4,3,16,10,0,28,8,17,12,1,1,14,5,2,5,3,47,0,4,14,2,6,1,13,4,16,10,10,1,9,6,22,28,1,6,23,4,2,14,0,14,5,8,16,34,3,6,1,30,0,0,9,18,8,15,1,2,0,6,5,7,3,5,5,4,7,3,2,0,14,27,14,6,6,5,15,10,2,6,8,7,21,0,24,10,6,6,11,22,4,4,22,5,21,13,16,3,11,2,9,26,16,3,0,21,0,8,6,8,37,13
14,0,10,0,8,13,0,2,0,1,19,0,7,4,4,35,0,12,0,17,10,1,4,2,0,6,5,4,8,0,3,8,3,3,0,0,13,0,0,7,0,3,0,1,15,2,1,1,0,4,0,1,4,7,0,16,0,0,19,0,4,2,0,8,11,1,5,5,26,2,0,1,18,2,9,0,0,0,11,0,2,0,1,15,0,4,0,2,0,1,5,2,19,0,7,1,10,2,5,0,4,4,0,13,8,5,2,6,0,0,1,16,3,17,15,12,0,1,3,15,4,4,0,9,13,0,18,0,3,12,11
6,10,0,0,0,14,0,4,0,0,10,4,15,1,4,10,0,2,7,4,1,0,6,5,0,4,0,1,5,0,0,2,3,0,0,33,3,0,1,9,0,4,0,1,31,2,18,4,0,1,2,1,2,4,0,11,1,0,3,0,0,0,4,3,1,4,9,3,19,0,0,0,24,4,5,0,0,0,4,1,0,1,1,0,1,0,0,3,0,1,9,3,4,0,6,2,1,15,11,4,2,2,0,1,3,2,1,15,2,0,0,7,0,0,7,5,0,0,1,2,0,1,1,10,0,0,22,0,0,4,2
1,0,0,0,3,50,1,2,1,10,0,0,2,4,7,0,4,3,2,0,3,7,0,7,8,0,3,0,1,15,4,3,20,4,10,1,0,0,5,1,4,4,4,8,0,8,0,3,3,3,7,2,0,0,8,1,10,1,0,12,2,11,0,2,7,14,1,5,8,4,2,16,0,9,7,1,0,0,2,7,3,1,7,0,2,4,11,20,0,2,2,1,0,4,10,1,6,0,1,0,4,3,14,2,1,4,9,0,0,5,2,13,0,1,0,1,5,1,1,2,6,3,6,0,11,0,0,11,0,4,0
16,8,0,3,0,45,8,1,1,7,5,0,1,8,13,1,0,14,1,13,11,6,3,16,0,5,5,6,7,0,0,12,12,3,15,0,11,0,4,21,7,3,1,29,0,11,5,14,3,15,0,3,28,8,1,5,0,8,3,7,15,12,1,8,4,9,0,3,3,4,0,2,11,2,12,3,1,0,4,12,1,1,8,7,4,2,5,7,0,4,24,5,1,2,2,1,1,0,26,8,15,10,0,3,7,13,1,3,8,1,0,43,2,3,0,5,13,3,3,2,4,11,3,0,2,0,9,2,1,9,1
33,13,14,50,45,0,29,28,62,35,27,24,9,26,67,34,34,28,24,34,29,46,30,33,16,34,43,17,34,14,15,23,40,27,49,17,58,9,22,17,31,16,35,35,22,32,10,21,23,24,28,34,31,18,29,33,18,20,13,34,16,38,11,36,18,39,33,37,39,27,22,53,24,29,45,10,7,1,29,13,43,21,43,23,30,20,21,51,0,21,18,17,16,26,30,25,14,24,30,27,49,18,26,29,27,26,30,32,28,13,30,64,24,31,18,27,43,28,25,55,62,30,35,27,61,2,17,35,3,82,30
25,0,0,1,8,29,0,4,3,2,7,2,0,23,12,1,1,4,4,1,9,14,4,14,0,16,10,2,2,0,0,4,10,9,17,0,26,0,1,1,2,2,0,30,0,22,0,6,0,13,2,1,7,6,4,2,5,18,2,9,8,15,7,8,28,6,6,0,3,0,0,7,0,5,26,0,0,0,1,3,0,0,1,6,5,12,0,3,0,0,16,2,0,2,11,3,0,0,4,6,1,0,0,12,5,8,5,1,3,1,0,32,6,6,0,7,10,1,7,3,6,5,4,0,3,0,4,2,0,10,1
20,2,4,2,1,28,4,0,4,3,1,4,2,7,9,5,7,2,16,4,0,10,1,14,0,2,8,2,8,8,1,16,5,6,7,8,5,0,1,17,0,14,2,5,2,8,0,13,8,0,12,25,1,1,6,6,13,6,1,1,6,2,1,25,12,3,5,7,4,3,0,12,2,7,12,6,0,0,9,6,2,14,17,1,0,12,1,7,0,1,12,11,2,7,2,5,3,14,5,2,5,2,1,0,8,10,8,0,0,3,10,9,11,5,20,3,0,2,4,4,0,10,4,0,6,0,31,0,1,5,3
3,0,0,1,1,62,3,4,0,5,2,0,0,2,2,1,13,0,0,1,1,14,0,9,3,0,2,0,2,2,0,6,16,4,5,0,4,0,4,0,4,1,6,4,0,9,0,1,2,1,3,1,0,0,21,1,1,2,0,8,1,4,0,1,3,2,13,0,3,1,3,14,2,13,3,10,2,9,1,0,1,7,5,0,5,1,2,21,0,7,3,0,0,4,0,2,1,0,1,2,1,0,18,0,2,6,10,0,0,9,7,13,4,0,3,4,7,4,14,0,14,3,10,0,5,0,2,21,0,3,0
1,1,0,10,7,35,2,3,5,0,1,12,1,2,6,7,19,1,7,3,5,14,1,3,23,7,7,0,1,31,6,12,31,3,22,1,4,25,14,1,9,8,19,8,1,16,0,0,18,4,16,12,1,2,12,0,20,7,0,27,6,23,2,11,9,5,6,27,5,19,22,14,3,2,2,9,31,9,2,11,22,27,26,0,5,11,8,7,0,3,2,1,0,5,3,6,0,0,1,0,27,3,16,9,0,11,11,0,7,14,9,8,17,0,1,0,38,2,4,1,2,1,28,1,25,2,0,6,0,5,0
5,19,10,0,5,27,7,1,2,1,0,1,3,21,9,6,0,7,2,16,2,3,13,12,0,11,0,2,14,0,2,12,3,2,0,16,13,0,2,5,0,5,0,19,13,5,7,2,0,9,4,4,5,10,0,9,0,9,2,0,3,2,2,6,15,0,3,1,7,0,1,1,7,8,20,0,0,0,3,1,4,0,0,5,1,4,4,1,0,1,5,15,17,1,10,3,9,23,7,14,7,2,0,15,9,1,3,6,1,0,0,25,1,11,10,10,0,2,4,2,9,4,0,0,1,0,1,1,0,21,5
12,0,4,0,0,24,2,4,0,12,1,0,2,3,0,5,0,10,0,0,4,0,0,7,0,9,5,0,6,1,4,8,8,5,1,0,9,0,3,0,2,13,7,2,6,10,0,0,4,0,24,5,0,0,3,6,2,8,0,10,0,2,12,3,3,0,1,12,11,15,3,2,5,9,4,1,0,0,0,0,13,0,6,2,1,13,0,9,0,11,5,7,5,0,5,0,9,3,5,2,11,0,6,2,7,4,4,0,1,5,16,16,5,2,0,1,9,1,0,0,0,2,2,0,4,0,6,0,0,1,5
6,7,15,2,1,9,0,2,0,1,3,2,0,5,7,4,0,7,0,19,0,0,0,5,0,4,2,0,8,1,0,5,1,0,4,0,1,0,1,10,1,1,1,9,12,4,7,2,0,0,3,1,0,1,2,6,0,3,6,2,1,2,5,3,3,0,0,2,12,4,0,4,23,5,6,2,0,1,5,0,1,0,4,0,1,0,1,2,0,0,14,3,7,4,3,0,1,4,6,4,4,0,0,3,4,2,6,7,1,1,0,9,2,1,2,0,3,1,8,0,4,2,2,1,6,0,9,0,0,25,0
12,4,1,4,8,26,23,7,2,2,21,3,5,0,8,2,1,1,2,6,8,3,12,10,3,9,14,3,25,7,2,3,7,3,4,8,19,0,3,2,2,6,3,42,8,11,1,7,1,10,2,12,11,4,5,9,4,9,0,4,0,3,3,5,8,22,3,3,7,1,1,6,7,24,3,0,0,1,3,5,5,8,1,9,0,2,3,1,0,7,3,3,2,0,11,4,4,5,12,10,10,8,1,4,6,6,1,3,4,9,0,10,1,10,16,6,3,1,8,7,5,5,5,4,3,1,7,1,1,12,5
12,4,4,7,13,67,12,9,2,6,9,0,7,8,0,5,0,10,0,12,17,10,6,13,0,6,17,3,9,2,1,7,11,16,8,0,19,0,7,2,14,20,3,27,1,34,3,12,0,39,5,1,10,3,9,16,26,2,2,1,0,3,1,8,15,12,6,0,9,1,0,23,1,6,1,1,0,0,5,2,14,0,18,5,8,1,0,10,0,18,14,2,4,0,8,11,14,1,6,19,5,9,5,9,2,4,4,1,9,0,0,29,13,10,3,8,7,0,13,2,17,10,6,0,18,0,4,1,0,29,7
7,35,10,0,1,34,1,5,1,7,6,5,4,2,5,0,1,11,0,22,1,2,7,9,0,7,5,12,3,0,1,4,3,1,1,1,25,0,0,1,3,3,1,8,9,1,13,2,0,1,3,1,0,6,2,20,8,2,5,0,1,1,7,4,5,2,8,8,15,1,0,8,25,4,7,0,0,0,10,1,10,0,8,1,1,0,0,6,0,6,7,2,13,0,5,0,1,0,3,4,3,1,0,12,0,3,1,22,7,1,6,7,0,8,9,14,3,0,2,4,0,4,1,0,2,0,9,2,3,11,12
1,0,0,4,0,34,1,7,13,19,0,0,0,1,0,1,0,0,0,0,0,0,0,8,10,0,6,2,0,33,8,20,38,1,3,1,0,0,26,0,0,8,22,1,0,13,0,0,28,1,22,7,0,0,57,2,19,1,1,30,1,22,3,1,0,0,0,30,1,30,19,2,4,0,0,20,16,6,0,34,21,9,14,0,4,15,3,6,0,0,0,2,1,0,9,1,5,0,0,1,18,1,22,1,4,1,28,0,2,6,37,3,5,0,2,0,19,0,7,0,0,0,19,1,3,3,0,0,0,3,0
13,12,2,3,14,28,4,2,0,1,7,10,7,1,10,11,0,0,1,24,5,3,14,36,0,14,0,5,4,0,0,8,2,1,6,1,47,0,2,20,2,6,0,23,1,6,1,11,0,20,4,5,2,6,1,9,0,3,3,0,3,8,15,11,7,4,7,1,5,3,0,0,18,2,41,0,0,0,1,2,4,0,1,1,2,0,3,3,0,9,15,7,1,1,1,8,4,7,6,4,3,1,0,21,3,2,2,6,11,0,0,18,1,5,17,17,4,1,7,19,8,7,1,15,12,0,1,5,0,12,4
2,0,7,2,1,24,4,16,0,7,2,0,0,2,0,0,0,1,0,8,0,0,8,6,0,0,0,1,11,1,2,4,8,0,2,36,0,0,1,33,0,8,4,9,1,1,3,0,0,2,1,6,5,1,3,1,2,0,13,1,8,2,2,1,7,1,5,0,1,0,1,1,14,8,0,0,0,0,2,2,3,0,0,2,0,0,0,1,0,0,6,4,10,2,2,0,0,6,7,0,15,7,0,0,8,1,2,1,4,0,3,3,5,0,15,0,0,0,0,0,0,7,1,48,0,0,22,0,5,14,1
11,17,4,0,13,34,1,4,1,3,16,0,19,6,12,22,0,24,8,0,5,1,1,5,0,8,2,6,3,0,0,5,0,2,3,0,12,0,2,12,1,7,0,11,0,18,14,3,0,17,1,4,8,21,2,15,0,2,0,0,7,4,14,13,1,6,15,5,1,1,0,1,21,8,11,1,0,2,16,0,5,0,1,20,0,3,0,0,0,7,9,10,16,0,0,20,2,9,5,16,5,16,0,6,10,2,0,48,3,1,0,23,1,18,1,11,3,1,0,7,9,6,0,0,7,0,8,0,2,20,5
4,10,1,3,11,29,9,0,1,5,2,4,0,8,17,1,0,5,0,5,0,5,3,9,0,17,0,1,2,0,1,3,2,1,1,0,54,0,0,2,0,2,0,6,0,4,10,11,0,18,1,1,2,3,2,46,2,9,1,1,9,0,3,9,17,6,2,0,0,0,0,5,6,4,21,0,0,2,0,2,2,0,1,18,1,1,0,3,0,3,5,13,10,0,11,7,2,2,10,4,0,8,0,10,0,3,7,1,12,0,0,34,0,9,7,15,0,4,2,8,20,5,0,0,10,0,0,1,1,22,9
3,1,0,7,6,46,14,10,14,14,3,0,0,3,10,2,0,3,0,1,5,0,3,8,1,0,14,3,0,3,2,4,8,12,33,1,17,0,8,2,1,14,4,15,1,14,1,5,4,12,3,10,4,1,4,3,2,2,2,6,11,4,0,5,1,3,8,0,0,3,4,17,0,22,12,6,0,1,1,3,8,0,11,4,20,21,15,7,0,5,2,0,2,4,9,0,4,1,6,5,6,0,0,2,6,4,2,2,7,5,0,14,6,4,0,6,15,20,12,4,15,22,3,0,22,0,0,11,0,3,5
16,4,6,0,3,30,4,1,0,1,13,0,0,12,6,7,0,14,8,1,3,3,0,16,0,7,8,7,13,0,1,7,3,2,0,0,21,0,1,2,0,1,0,15,0,7,2,14,1,2,4,0,4,3,0,7,7,2,1,0,3,1,1,3,5,3,2,0,1,1,0,2,11,4,2,0,0,0,2,1,5,0,0,2,2,0,0,3,0,3,10,11,5,0,3,3,10,2,5,5,3,1,0,6,6,0,0,5,12,1,0,25,1,18,4,10,6,1,5,5,9,2,2,0,10,0,5,1,0,20,9
10,2,5,7,16,33,14,14,9,3,12,7,5,10,13,9,8,36,6,5,9,8,16,0,1,13,19,9,9,14,6,25,14,16,28,3,30,0,2,3,9,9,16,14,8,13,2,11,5,19,16,10,20,6,2,22,17,18,14,5,8,21,9,20,30,13,7,13,24,13,6,22,17,10,37,12,0,10,12,3,18,4,5,10,9,18,20,17,0,11,40,5,6,9,22,20,6,1,2,7,19,8,25,12,15,23,13,14,6,4,10,35,6,8,6,17,14,10,14,11,16,24,21,6,31,1,5,17,0,14,4
0,0,0,8,0,16,0,0,3,23,0,0,0,3,0,0,10,0,0,0,0,1,0,1,0,0,1,0,0,14,0,0,3,0,4,0,0,30,3,0,0,0,14,1,0,15,0,0,18,0,1,5,0,0,22,0,3,0,0,3,0,0,0,1,0,0,0,1,1,16,20,12,0,0,0,3,11,12,0,6,0,11,5,0,0,1,2,0,0,0,0,0,0,0,0,0,0,0,0,0,0,0,3,0,1,0,1,0,0,5,11,0,2,0,0,0,11,0,1,0,0,0,1,0,0,9,0,0,0,0,0
28,6,4,0,5,34,16,2,0,7,11,9,4,9,6,7,0,14,0,8,17,0,7,13,0,0,2,11,4,0,0,6,0,2,5,0,24,0,1,3,3,8,0,23,7,3,6,2,1,8,2,8,4,12,1,24,6,3,7,1,4,2,14,18,18,3,6,3,21,1,0,3,23,3,4,0,0,0,2,5,5,0,3,16,1,0,1,2,0,4,16,15,30,0,4,6,4,5,7,7,1,1,1,17,7,6,4,16,26,0,0,22,0,10,7,29,1,3,2,16,1,13,0,0,7,0,7,0,2,46,12
8,5,0,3,5,43,10,8,2,7,0,5,2,14,17,5,6,0,0,2,0,14,8,19,1,2,0,5,0,1,0,8,18,7,19,2,19,0,5,6,4,7,5,12,0,7,8,5,0,0,10,10,1,2,2,3,3,5,2,5,5,15,6,11,15,10,8,2,9,2,4,24,5,11,12,7,1,0,6,2,9,0,11,3,15,3,7,5,0,12,15,5,0,5,10,21,7,1,5,3,17,2,3,3,1,5,4,0,6,6,1,27,16,7,2,9,8,5,10,2,18,15,2,0,5,0,1,1,0,6,9
17,4,1,0,6,17,2,2,0,0,2,0,0,3,3,12,2,5,1,6,1,3,7,9,0,11,5,0,0,23,4,9,6,0,0,0,2,0,1,22,2,0,0,4,8,2,2,0,0,2,3,11,0,4,0,10,0,1,2,0,1,7,2,2,0,4,2,11,10,3,1,0,2,1,0,0,1,0,6,0,4,0,7,1,2,2,0,7,0,2,0,0,10,0,2,9,3,4,4,3,9,2,0,9,4,4,2,11,7,2,1,11,0,8,12,1,4,0,10,10,0,0,4,2,5,0,5,0,0,32,3
12,8,5,1,7,34,2,8,2,1,14,6,8,25,9,3,0,4,11,3,2,0,13,9,0,4,0,0,0,0,18,5,8,1,0,2,7,0,0,0,0,2,2,17,13,5,0,9,0,1,1,2,1,9,2,15,4,1,3,1,8,0,3,8,0,4,0,4,3,5,1,0,5,16,3,3,0,0,1,5,6,4,2,0,1,14,0,0,0,1,3,8,9,0,1,4,5,9,20,3,2,19,0,6,5,1,4,18,1,1,2,24,4,7,10,10,5,0,2,3,5,1,1,31,1,0,4,0,4,31,3
1,0,0,15,0,14,0,8,2,31,0,1,1,7,2,0,33,0,1,0,0,3,0,14,14,0,1,23,0,0,13,14,15,2,2,1,0,16,8,0,2,4,22,0,0,17,0,0,8,0,4,18,0,0,36,0,22,1,0,8,0,7,0,7,0,1,0,0,3,17,29,10,0,2,0,16,4,6,0,5,30,34,4,0,0,29,1,16,1,0,0,0,0,0,2,0,3,1,5,1,7,0,23,0,1,4,9,0,0,7,26,2,17,1,1,0,15,0,5,0,0,0,9,0,12,7,0,0,0,0,0
1,3,0,4,0,15,0,1,0,6,2,4,0,2,1,1,8,0,2,0,1,2,1,6,0,0,0,4,18,13,0,4,7,3,1,0,2,1,0,0,0,15,6,3,0,2,0,0,0,0,3,1,0,0,2,0,3,1,1,4,0,2,3,7,6,1,0,4,17,6,1,8,1,1,2,3,1,0,0,8,7,8,1,0,0,9,0,2,0,17,0,0,0,0,1,0,4,0,0,0,17,5,2,0,0,6,6,0,0,1,11,2,0,2,0,1,0,0,2,0,4,2,3,0,9,0,0,3,0,16,1
14,8,2,3,12,23,4,16,6,12,12,8,5,3,7,4,20,8,4,5,3,4,7,25,0,6,8,9,5,14,4,0,27,24,5,1,13,0,9,6,8,16,4,9,6,30,1,2,4,2,10,4,2,3,16,5,7,10,0,24,5,3,9,5,13,9,3,19,16,4,2,5,7,13,12,18,0,6,5,9,5,0,16,4,0,11,16,3,0,10,9,11,6,12,31,17,13,5,4,2,18,15,4,2,10,28,5,5,14,8,4,17,13,2,2,6,3,2,24,5,3,0,10,3,17,0,1,1,0,17,1
5,3,3,20,12,40,10,5,16,31,3,8,1,7,11,3,38,2,8,0,2,8,3,14,3,0,18,6,8,15,7,27,0,7,18,1,3,4,28,2,16,11,23,11,1,14,1,1,9,5,27,12,1,2,33,5,12,10,1,28,0,11,11,7,3,28,6,14,4,23,20,16,2,3,5,17,14,5,6,13,18,4,27,1,8,17,11,16,1,10,8,5,0,6,19,6,4,1,16,1,7,1,26,3,4,7,23,1,1,13,29,10,22,5,3,1,19,10,13,0,6,4,33,1,25,0,9,15,0,22,3
2,3,0,4,3,27,9,6,4,3,2,5,0,3,16,1,1,1,0,2,1,12,2,16,0,2,7,0,1,2,3,24,7,0,2,0,8,0,10,2,8,6,0,21,1,13,0,10,0,6,3,5,4,0,5,6,0,7,2,13,1,8,3,0,6,2,0,0,3,10,0,6,6,18,19,4,0,8,7,9,19,0,8,1,7,11,2,1,0,7,7,7,2,7,15,1,7,0,9,1,1,1,3,6,5,1,2,3,10,1,0,7,8,3,0,1,12,3,6,0,4,13,13,0,3,0,2,6,0,2,3
5,0,0,10,15,49,17,7,5,22,0,1,4,4,8,1,3,6,2,3,1,33,0,28,4,5,19,0,0,2,1,5,18,2,0,1,9,0,4,0,18,8,8,12,0,9,2,15,18,1,5,6,4,3,3,1,4,4,1,7,8,48,2,5,14,3,4,0,1,6,5,97,0,0,5,3,8,0,2,12,37,1,26,1,3,5,2,14,0,8,21,1,4,1,8,2,5,0,3,0,6,0,13,2,0,12,9,0,9,4,3,32,1,6,1,1,41,1,13,0,2,23,13,0,51,0,1,0,0,6,6
3,0,33,1,0,17,0,8,0,1,16,0,0,8,0,1,1,1,36,0,0,1,0,3,0,0,2,0,2,1,0,1,1,0,1,0,0,0,0,7,0,6,0,1,15,3,9,4,0,6,2,7,0,1,3,1,17,0,16,0,1,0,4,5,0,6,0,1,0,0,0,1,28,3,0,0,0,2,1,0,1,1,0,0,0,0,0,1,0,3,0,9,4,0,0,1,2,6,10,5,5,1,0,8,1,0,0,9,0,0,2,1,0,3,12,0,3,0,2,0,0,3,0,49,3,0,20,0,0,14,0
47,13,3,0,11,58,26,5,4,4,13,9,1,19,19,25,0,47,0,12,54,17,21,30,0,24,19,2,7,0,2,13,3,8,9,0,0,0,0,10,4,6,0,63,1,18,7,22,0,8,5,1,59,15,0,35,3,3,1,3,6,21,13,14,16,10,10,0,7,1,0,11,35,17,13,0,0,0,10,5,12,0,6,8,7,9,0,7,0,6,15,1,23,1,11,1,10,4,18,8,1,7,1,9,42,10,7,9,12,2,0,50,1,30,22,11,9,3,8,50,55,35,4,0,13,0,2,15,0,28,20
0,0,0,0,0,9,0,0,0,25,0,0,0,0,0,0,0,0,0,0,0,0,0,0,30,0,0,0,0,16,1,0,4,0,0,0,0,0,31,0,0,0,13,0,0,14,0,0,8,0,0,0,0,0,28,0,0,1,0,0,0,0,0,0,0,0,0,12,0,1,97,1,0,0,0,0,37,19,0,7,0,60,5,0,0,0,0,0,170,0,0,0,0,0,2,0,0,0,0,0,0,0,0,0,0,0,1,0,0,8,0,0,0,0,0,0,7,0,0,0,0,0,0,0,0,57,0,0,0,0,0
4,0,1,5,4,22,1,1,4,14,2,3,1,3,7,0,26,2,1,2,0,8,1,2,3,1,5,1,0,8,0,9,28,10,4,0,0,31,0,1,2,3,31,9,0,25,2,0,21,0,10,10,0,0,26,1,6,4,1,22,1,22,0,0,9,11,0,7,0,1,11,9,4,0,4,5,17,16,0,18,2,12,18,0,1,0,0,6,0,6,1,0,0,2,0,1,1,0,1,2,18,16,10,1,0,3,15,2,6,6,7,5,8,1,0,0,13,4,5,1,5,11,7,0,12,0,0,0,0,10,2
14,7,9,1,21,17,1,17,0,1,5,0,10,2,2,1,0,20,33,12,2,2,2,3,0,3,6,22,0,0,0,6,2,2,0,7,10,0,1,0,0,7,0,13,12,7,9,8,0,0,4,8,3,6,0,13,3,0,15,0,1,15,9,15,11,1,26,17,1,0,0,8,23,0,4,0,0,0,5,0,9,0,1,0,0,0,0,1,0,0,9,1,13,0,6,27,0,20,5,1,9,20,0,2,9,2,2,6,1,1,0,9,1,2,2,0,0,0,3,0,0,14,0,30,2,0,16,2,1,16,28
2,0,0,4,7,31,2,0,4,9,0,2,1,2,14,3,0,2,0,1,0,1,0,9,0,3,4,2,0,2,0,8,16,8,18,0,4,0,2,0,0,5,4,9,0,10,1,2,1,1,2,4,0,0,2,3,8,15,0,6,0,6,1,3,2,1,8,0,3,0,0,10,2,1,4,2,0,5,2,7,10,1,1,0,1,6,2,7,0,6,0,2,0,4,1,1,1,0,4,1,0,0,2,1,0,1,6,0,1,5,1,14,3,2,0,5,29,1,7,0,7,8,3,0,12,0,1,2,0,2,3
6,3,4,4,3,16,2,14,1,8,5,13,1,6,20,3,8,6,8,7,2,14,1,9,0,8,7,0,2,4,15,16,11,6,8,6,6,0,3,7,5,0,3,1,2,7,4,3,4,9,20,0,0,4,18,8,8,18,0,13,4,9,5,4,8,10,9,3,8,5,7,6,8,4,9,7,1,1,4,5,8,1,8,1,5,16,2,9,0,2,8,2,6,2,8,15,12,12,24,4,7,8,2,9,2,13,7,5,11,4,2,13,3,4,1,8,12,5,9,4,12,9,11,0,6,0,5,5,1,23,11
1,0,0,4,1,35,0,2,6,19,0,7,1,3,3,1,22,0,4,0,0,4,0,16,14,0,5,0,2,22,6,4,23,0,8,0,0,13,31,0,4,3,0,5,0,18,0,1,19,0,10,1,0,3,29,1,15,2,0,51,0,7,0,1,2,1,0,13,0,15,48,9,1,1,2,8,26,6,0,15,10,15,7,0,1,10,2,2,3,2,0,2,1,0,7,0,0,0,1,1,3,1,38,2,1,6,8,0,1,6,32,2,7,0,0,0,23,0,1,0,2,0,37,0,5,7,0,1,0,2,1
13,1,1,8,29,35,30,5,4,8,19,2,9,42,27,8,1,23,9,11,6,15,15,14,1,23,12,4,17,0,3,9,11,21,12,1,63,0,9,13,9,1,5,0,0,23,10,16,0,19,8,7,9,29,3,6,5,6,0,6,21,5,12,5,26,5,13,1,7,0,0,6,2,9,33,4,0,0,8,4,11,1,15,21,3,8,8,4,0,22,45,4,6,11,14,13,1,8,4,10,16,5,9,20,8,6,1,5,9,9,0,39,1,11,9,12,10,9,18,6,30,35,7,0,13,0,4,7,4,9,11
4,15,31,0,0,22,0,2,0,1,13,6,12,8,1,9,0,1,1,0,0,1,0,8,0,7,0,8,13,0,0,6,1,1,0,15,1,0,0,12,0,2,0,0,0,0,20,14,0,15,4,1,4,12,0,21,3,0,7,0,7,0,0,4,2,0,8,1,15,0,0,1,11,0,2,2,0,0,1,0,3,0,1,0,0,1,0,0,0,1,3,3,19,0,1,0,3,12,13,7,2,1,0,10,1,0,0,11,0,0,0,0,2,1,23,16,0,0,0,0,0,1,0,1,1,0,16,0,0,16,0
16,2,2,8,11,32,22,8,9,16,5,10,4,11,34,1,13,6,1,18,4,14,7,13,15,3,7,2,5,17,2,30,14,13,9,3,18,14,25,7,10,7,18,23,0,0,4,4,4,9,8,6,8,3,14,3,12,10,0,19,5,19,4,5,7,5,9,13,8,3,7,22,1,9,13,7,6,18,7,6,12,14,8,6,4,7,2,12,0,19,7,4,0,2,8,10,7,3,2,7,25,7,17,10,8,18,7,2,8,11,2,17,6,4,2,7,16,4,14,5,14,25,15,5,22,4,2,5,0,16,8
10,1,18,0,5,10,0,0,0,0,7,0,7,1,3,13,0,1,3,14,10,1,2,2,0,6,8,2,0,0,0,1,1,0,2,9,7,0,2,9,1,4,0,10,20,4,0,5,0,0,1,11,2,0,0,6,1,5,6,0,1,0,8,8,1,2,4,0,6,0,0,1,11,0,2,1,0,1,5,0,4,1,1,3,0,0,0,0,0,2,6,2,19,0,2,11,0,28,9,4,0,4,0,3,1,0,1,28,6,3,0,4,1,6,4,2,0,0,0,2,8,9,0,1,3,0,3,0,1,4,9
10,1,4,3,14,21,6,13,1,0,2,0,2,7,12,2,0,11,0,3,11,5,14,11,0,2,5,0,9,0,0,2,1,10,15,4,22,0,0,8,2,3,1,16,14,4,5,0,0,3,0,6,6,10,2,8,3,7,0,3,14,8,1,2,7,1,10,0,0,0,0,12,1,10,21,0,0,0,5,3,2,0,5,2,1,2,0,3,0,3,2,7,0,2,3,2,0,6,6,8,0,1,1,0,8,7,2,0,2,0,0,16,5,12,1,13,7,11,5,2,4,2,0,0,8,0,7,5,0,16,13
1,0,0,3,3,23,0,8,2,18,0,4,0,1,0,0,28,0,0,0,0,4,1,5,18,1,0,0,0,8,0,4,9,0,18,0,0,8,21,0,1,4,19,0,0,4,0,0,0,0,17,5,0,10,18,4,27,8,0,12,2,24,4,2,3,9,0,35,8,19,19,8,0,8,0,7,10,0,0,20,10,10,18,1,0,12,2,0,0,4,0,0,0,2,23,4,6,0,0,0,22,8,24,5,0,4,19,0,3,4,15,3,9,0,4,2,35,0,3,0,0,0,24,0,0,0,1,0,0,1,0
9,4,1,3,15,24,13,0,1,4,9,0,0,10,39,1,1,20,2,17,18,12,2,19,0,8,0,2,1,0,0,2,5,6,1,6,8,0,0,0,1,9,0,19,15,9,0,3,0,0,4,14,21,11,1,15,8,12,0,0,3,9,4,14,39,13,1,0,0,0,0,3,0,11,6,0,0,0,5,4,7,0,0,9,5,0,0,1,0,8,17,15,4,0,0,3,4,0,1,0,0,2,2,10,8,4,5,1,22,3,0,7,8,7,1,23,3,0,10,1,3,22,9,0,1,0,10,1,3,8,7
6,0,2,7,0,28,2,12,3,16,4,24,3,2,5,3,22,4,1,1,1,3,4,16,1,2,10,3,1,4,3,10,27,3,5,2,5,0,10,4,2,20,10,8,4,8,1,0,17,4,0,20,0,0,18,6,11,8,0,16,0,4,9,0,11,2,1,17,17,11,3,4,4,8,8,13,2,0,1,12,13,4,7,1,1,15,1,16,0,8,3,0,0,8,3,4,13,2,2,4,27,6,22,9,1,8,18,0,1,8,27,4,14,0,1,1,8,6,1,0,5,2,13,14,9,0,9,2,0,7,1
22,1,1,2,3,34,1,25,1,12,4,5,1,12,1,1,7,5,6,4,1,10,0,10,5,8,10,11,2,18,1,4,12,5,6,7,1,0,10,8,4,0,1,7,1,6,11,6,5,14,20,0,0,13,15,30,9,6,6,2,1,9,6,13,31,3,2,8,7,13,4,4,0,1,7,6,1,0,0,0,15,12,10,1,1,20,3,5,0,11,10,8,5,0,0,2,9,2,2,0,7,5,3,2,6,1,5,0,10,3,17,9,14,16,1,5,5,0,15,0,0,9,13,10,3,0,14,2,0,13,5
28,4,2,0,28,31,7,1,0,1,5,0,0,11,10,0,0,2,5,8,2,4,4,20,0,4,1,0,1,0,0,2,1,4,4,0,59,0,0,3,0,0,0,9,4,8,2,6,0,21,0,0,0,7,0,8,1,4,3,3,10,7,0,17,8,3,6,0,0,0,0,1,6,1,13,1,0,0,1,0,6,0,0,4,1,0,0,0,0,0,3,2,18,4,5,3,6,4,1,11,0,7,0,0,0,0,5,0,0,2,0,6,0,12,3,1,0,14,6,5,8,15,0,5,1,0,6,6,0,4,8
1,7,4,0,8,18,6,1,0,2,10,0,1,4,3,6,0,6,1,21,3,1,3,6,0,12,2,4,9,0,0,3,2,0,3,1,15,0,0,6,0,4,3,29,12,3,0,10,10,11,0,13,7,0,4,8,2,1,1,1,7,0,4,5,28,3,1,1,11,8,0,1,21,2,8,0,0,0,2,2,0,0,0,2,0,2,2,2,0,3,25,12,33,1,5,2,0,21,8,9,8,4,0,22,2,3,1,34,19,1,0,20,1,5,9,5,0,1,4,4,1,7,1,0,3,0,5,0,2,8,9
6,0,0,8,1,29,4,6,21,12,0,3,2,5,9,2,57,1,3,2,2,4,0,2,22,1,2,0,2,36,2,16,33,5,3,3,0,28,26,0,2,18,29,3,0,14,0,2,18,1,18,15,0,4,0,0,28,4,3,23,1,9,0,2,3,1,3,15,1,9,28,9,0,0,3,21,20,15,0,12,12,20,15,0,2,1,6,8,15,0,0,0,1,2,10,1,0,0,1,0,5,1,8,2,0,8,22,0,0,9,29,10,20,1,1,4,4,4,2,1,6,3,29,0,14,4,0,3,0,2,1
23,16,11,1,5,33,2,6,1,0,9,6,6,9,16,20,2,9,1,15,46,3,7,22,0,24,3,10,15,0,0,5,5,6,1,1,35,0,1,13,3,8,1,6,21,3,6,8,4,15,6,30,8,8,0,0,3,9,4,1,11,4,4,7,40,8,14,6,15,0,0,1,28,5,5,0,0,0,7,0,6,0,3,5,0,1,0,2,0,5,24,37,52,0,1,6,8,8,8,8,10,8,1,16,7,0,1,17,6,0,0,21,0,31,2,14,1,0,12,70,10,1,0,0,27,0,12,0,3,43,27
4,0,1,10,0,18,5,13,1,20,0,2,0,4,26,8,19,0,2,0,2,2,7,17,3,6,3,0,4,22,3,7,12,0,4,17,3,0,6,3,8,8,15,5,3,12,1,3,27,8,11,9,1,2,28,3,0,7,1,20,2,1,2,13,6,10,12,16,20,9,6,5,0,1,8,18,2,0,13,18,12,13,11,0,2,9,2,5,0,9,3,0,2,1,9,0,4,1,6,2,10,13,14,4,5,14,23,0,0,12,35,5,10,4,1,2,11,2,10,3,7,2,14,13,12,0,7,0,0,7,0
2,0,0,1,8,20,18,6,2,7,9,8,3,9,2,2,1,3,0,2,9,2,2,18,0,3,5,1,1,1,1,10,10,7,4,0,3,1,4,0,15,18,2,6,0,10,5,7,8,12,8,6,4,1,4,9,7,0,0,10,3,7,1,5,13,1,3,0,1,3,0,2,0,11,11,1,1,0,0,11,7,0,5,9,3,7,0,5,0,0,7,2,1,1,20,0,4,0,1,0,2,2,2,6,4,3,11,0,10,5,0,19,0,5,0,0,8,1,9,0,5,5,2,0,0,0,0,0,0,4,7
14,19,3,0,3,13,2,1,0,0,2,0,6,0,2,5,1,3,13,0,1,2,1,14,0,7,2,2,3,0,1,0,1,2,1,16,1,0,1,15,0,0,0,0,7,0,6,0,0,0,0,6,3,1,3,4,1,0,0,2,2,1,0,6,12,1,4,1,3,0,0,0,29,2,2,0,0,0,12,1,1,0,0,0,3,1,4,1,0,1,5,6,6,1,2,13,2,4,0,0,8,4,0,2,2,2,0,20,9,1,0,0,2,1,3,36,0,1,3,5,0,1,2,4,3,0,2,0,0,0,3
0,0,0,12,7,34,9,1,8,27,0,10,2,4,1,0,30,0,1,0,1,6,0,5,3,1,5,0,1,8,4,24,28,13,7,0,3,0,22,0,6,13,51,6,0,19,0,3,12,0,16,2,3,1,23,1,20,10,2,0,4,11,1,4,11,4,3,10,5,21,5,13,2,1,8,18,3,1,5,17,21,2,22,1,1,16,5,17,0,6,1,2,0,5,7,1,2,1,2,2,22,4,17,3,2,6,17,0,0,8,23,3,3,1,0,0,32,2,13,0,4,5,24,0,15,3,2,1,0,8,1
14,4,0,2,15,16,8,6,1,6,3,0,1,0,0,1,1,3,8,7,9,11,3,8,0,4,5,1,8,0,0,5,0,1,8,1,6,0,1,1,0,4,0,21,7,5,1,14,2,3,0,1,10,7,1,11,2,3,2,4,0,21,3,4,6,4,2,0,1,1,0,9,5,15,11,0,0,0,9,2,0,0,0,4,1,2,4,9,0,4,12,7,4,0,3,4,0,2,4,7,18,1,3,16,13,7,7,4,4,1,0,9,0,14,0,7,8,2,3,8,3,11,0,0,3,0,7,1,0,11,10
5,2,0,11,12,38,15,2,4,23,2,2,2,3,3,1,22,8,2,4,0,4,1,21,0,2,15,7,0,7,2,3,11,8,48,0,21,0,22,15,6,9,7,5,0,19,0,8,24,9,4,9,7,0,9,4,1,7,1,11,21,0,5,7,10,11,10,21,3,2,15,44,11,10,10,8,9,2,3,6,25,24,20,2,5,10,6,26,0,17,15,14,1,7,15,1,3,3,1,0,29,4,12,2,21,7,7,3,3,4,4,12,7,5,2,1,15,6,21,3,4,2,10,0,29,0,5,6,0,18,15
8,0,4,0,1,11,7,1,0,2,2,12,5,3,1,7,3,15,2,14,3,0,1,9,0,14,6,2,3,0,3,9,11,3,2,4,13,0,0,9,1,5,0,12,0,4,8,1,4,4,9,6,0,4,0,4,2,1,0,1,3,5,0,6,5,8,8,9,4,11,0,3,18,6,7,0,0,0,6,4,5,0,1,4,0,0,3,4,0,0,4,2,7,3,0,6,4,4,4,2,6,2,0,2,4,9,4,4,6,7,3,10,6,13,11,5,1,0,7,21,4,0,2,1,8,0,11,0,0,23,2
16,8,3,2,8,36,8,25,1,11,6,3,3,5,8,4,1,11,1,13,9,5,3,20,1,18,11,2,8,7,7,5,7,0,5,5,14,0,0,15,3,4,1,5,4,5,8,2,2,14,0,13,17,5,2,7,13,5,6,4,4,7,6,0,12,3,6,0,4,3,0,4,11,4,16,0,0,0,2,2,15,7,4,15,5,0,2,12,0,12,34,13,3,5,7,7,6,5,1,1,3,1,2,5,19,9,3,18,23,6,5,17,0,12,0,8,4,3,3,3,8,7,0,1,5,0,3,3,9,3,20
34,11,1,7,4,18,28,12,3,9,15,3,3,8,15,5,0,7,7,1,17,1,5,30,0,18,15,0,0,0,6,13,3,6,14,0,16,0,9,11,2,8,2,26,2,7,1,7,3,39,11,31,8,28,3,40,6,13,12,11,6,10,5,12,0,4,1,0,9,0,0,2,8,11,11,0,1,0,0,5,6,5,8,10,2,4,7,4,0,5,17,34,7,4,7,0,4,1,14,7,11,12,2,12,17,17,2,2,11,3,4,17,2,15,5,28,2,0,10,3,6,13,2,0,5,0,14,3,5,23,8
3,1,4,14,9,39,6,3,2,5,0,0,0,22,12,2,0,4,1,6,6,3,3,13,0,3,10,4,4,1,1,9,28,2,3,6,10,0,11,1,1,10,1,5,0,5,2,1,9,13,2,3,3,3,1,8,10,1,1,4,4,11,8,3,4,0,18,2,0,1,1,4,8,7,5,1,0,9,10,1,9,15,14,1,3,0,12,9,0,18,4,3,3,4,3,2,10,3,3,6,18,4,9,6,2,5,12,3,5,15,1,14,4,7,12,15,5,1,11,17,8,16,1,0,13,0,2,2,0,16,3
6,5,9,1,0,33,6,5,13,6,3,1,0,3,6,8,0,7,5,15,2,8,2,7,0,6,8,2,0,0,0,3,6,0,4,0,10,0,0,26,8,9,0,13,8,9,4,10,0,1,1,2,6,1,3,14,12,3,4,3,2,10,8,6,1,18,0,6,65,15,6,5,13,1,7,0,0,0,6,2,3,0,17,3,0,12,0,4,0,4,2,6,8,1,7,19,5,20,3,16,11,7,3,14,3,5,2,4,8,5,1,16,0,16,6,3,0,3,14,38,0,0,1,0,8,0,0,1,0,12,12
1,5,3,5,3,37,0,7,0,27,1,12,2,3,0,8,30,1,0,5,0,0,0,13,1,3,2,11,4,0,4,19,14,0,0,1,0,12,7,17,0,3,13,1,1,13,0,0,35,0,17,8,0,1,15,6,16,0,1,10,0,21,9,0,0,2,6,0,7,45,4,1,12,10,0,17,1,0,3,19,7,3,11,0,1,16,0,4,0,0,0,0,1,0,4,5,14,0,0,3,17,3,11,12,2,12,20,2,0,2,28,2,15,4,7,0,19,0,12,0,0,0,14,0,6,0,4,0,5,3,0
30,26,19,8,3,39,3,4,3,5,7,11,12,7,9,15,1,5,1,1,0,0,1,24,1,21,9,10,3,3,17,16,4,3,1,0,7,0,0,1,3,8,0,7,15,8,6,0,8,0,17,7,0,11,1,15,20,1,3,5,1,3,4,4,9,0,65,7,0,10,2,9,13,1,11,2,0,0,10,1,8,9,9,8,4,2,4,8,0,22,0,3,5,3,12,17,14,12,34,6,15,5,0,31,2,10,10,7,3,3,9,9,5,12,9,0,9,2,14,27,3,1,7,7,11,0,12,3,21,20,1
0,2,0,4,4,27,0,3,1,19,0,15,4,1,1,1,30,3,0,1,0,3,1,13,16,1,2,3,5,17,6,4,23,10,6,0,1,1,1,0,0,5,15,0,0,3,0,0,19,0,11,13,0,8,9,0,9,3,0,21,1,2,11,3,0,1,15,45,10,0,4,10,0,0,0,3,5,8,1,19,3,3,27,0,0,8,1,6,0,3,0,2,0,0,1,6,6,0,3,0,23,6,11,2,5,8,13,0,0,5,14,3,8,1,1,1,17,0,9,0,0,0,29,0,13,0,3,1,0,6,0
0,0,0,2,0,22,0,0,3,22,1,3,0,1,0,0,19,0,1,0,0,4,0,6,20,0,4,1,1,29,1,2,20,0,5,0,0,97,11,0,0,7,48,0,0,7,0,0,19,0,3,4,0,0,28,0,6,0,0,5,0,15,0,0,0,1,6,4,2,4,0,6,2,0,0,24,30,37,0,15,5,35,21,0,0,10,10,0,5,1,0,0,0,0,0,0,0,0,0,0,12,0,13,0,3,1,4,0,0,19,25,4,5,0,6,0,19,0,25,0,0,0,4,0,2,11,4,0,0,0,0
9,1,0,16,2,53,7,12,14,14,1,2,4,6,23,8,2,0,1,1,5,17,2,22,12,3,24,0,0,10,8,5,16,6,97,1,11,1,9,8,10,6,9,6,1,22,1,12,8,3,4,4,1,1,9,1,5,2,0,13,9,44,3,4,2,4,5,1,9,10,6,0,0,0,6,7,0,1,2,5,15,5,46,4,2,9,1,25,0,5,4,0,3,5,6,2,4,0,2,0,8,8,0,11,9,5,11,2,7,15,7,11,2,3,2,9,12,1,16,2,7,9,18,0,67,0,3,0,0,13,9
18,18,24,0,11,24,0,2,2,3,7,5,23,7,1,25,4,18,14,21,6,0,11,17,0,23,5,2,5,0,1,7,2,6,0,28,35,0,4,23,2,8,1,2,11,1,11,1,0,0,4,0,6,21,0,28,0,0,29,2,5,11,18,11,8,8,13,12,13,0,2,0,0,2,9,5,0,0,9,0,5,5,1,5,0,1,3,5,0,2,19,10,27,0,2,6,2,7,3,6,2,4,0,30,5,5,5,16,13,3,0,9,0,21,7,9,1,1,1,29,2,0,0,1,5,0,15,1,1,33,7
8,2,4,9,2,29,5,7,13,2,8,9,5,24,6,4,0,2,8,8,4,22,4,10,0,3,11,1,16,2,1,13,3,18,0,3,17,0,0,0,1,4,1,9,0,9,0,10,8,11,8,1,1,2,0,5,1,11,2,1,15,10,6,4,11,7,1,10,1,0,0,0,2,0,8,0,0,1,4,1,8,0,6,11,4,5,3,4,0,1,4,6,1,4,10,0,9,3,9,6,5,3,12,3,7,6,18,1,6,2,12,10,3,3,2,0,1,11,14,3,9,3,11,0,7,0,0,20,0,15,1
15,9,5,7,12,45,26,12,3,2,20,4,6,3,1,7,0,41,0,11,21,12,2,37,0,4,12,0,3,0,2,12,5,19,5,0,13,0,4,4,4,9,2,33,2,13,2,21,0,6,8,7,13,8,3,5,8,11,2,8,11,10,7,16,11,5,7,0,11,0,0,6,9,8,0,0,0,0,7,7,5,0,6,18,4,9,3,8,0,6,17,19,0,11,15,0,6,2,11,2,2,3,4,9,7,7,3,5,17,1,0,38,5,4,5,18,6,5,9,0,22,24,5,0,7,0,0,4,0,9,6
1,0,0,1,3,10,0,6,10,9,0,1,2,0,1,0,20,0,0,1,0,6,0,12,3,0,7,0,3,16,3,18,17,4,3,0,0,0,5,0,2,7,8,4,2,7,1,0,7,0,13,6,1,0,21,0,18,1,0,18,0,8,0,0,0,1,0,17,2,3,24,7,5,0,0,0,0,2,0,17,9,21,12,0,0,16,1,7,0,1,0,0,2,0,1,8,0,0,0,1,14,2,10,0,1,1,19,0,0,0,21,3,6,1,0,0,19,1,1,0,0,0,17,0,0,0,0,0,0,4,0
2,0,0,0,1,7,0,0,2,31,0,0,0,0,0,0,16,0,0,0,0,0,0,0,11,0,1,1,0,4,1,0,14,0,8,0,0,37,17,0,0,1,26,0,0,6,0,0,10,0,2,1,0,0,20,0,2,1,0,3,0,9,0,0,1,0,0,1,0,5,30,0,0,0,0,0,0,0,1,3,0,13,1,1,1,0,0,0,0,0,0,0,1,1,0,0,0,0,0,0,2,0,4,0,0,3,12,0,0,6,3,0,1,0,0,0,3,0,1,0,0,0,0,0,0,3,0,0,0,0,1
0,0,0,0,0,1,0,0,9,9,0,0,1,1,0,0,6,0,0,2,2,1,0,10,12,0,0,0,0,6,0,6,5,8,0,2,0,19,16,0,5,1,6,0,0,18,1,0,0,0,0,0,0,0,15,0,0,0,0,1,0,2,0,0,0,9,0,0,0,8,37,1,0,1,0,2,0,0,0,6,6,10,0,0,0,3,0,4,5,0,0,0,0,1,2,0,0,0,0,0,1,0,6,0,1,0,4,0,0,3,14,0,0,0,1,0,11,0,1,0,0,0,4,0,0,3,0,0,0,0,0
6,11,4,2,4,29,1,9,1,2,3,0,5,3,5,10,0,1,2,16,0,1,2,12,0,2,6,6,1,0,0,5,6,7,2,1,10,0,0,5,2,4,0,8,1,7,5,5,0,5,1,0,1,2,0,7,13,0,12,5,9,3,6,2,0,10,6,3,10,1,0,2,9,4,7,0,1,0,0,3,1,0,3,1,0,0,0,2,0,2,6,2,10,0,21,4,4,6,1,7,0,3,0,9,1,6,0,24,4,2,0,5,5,9,8,6,2,0,3,28,0,5,0,0,4,0,3,0,0,8,4
5,0,1,7,12,13,3,6,0,11,1,0,0,5,2,1,34,2,2,0,2,3,1,3,6,5,2,0,5,5,8,9,13,9,12,0,5,7,18,0,7,5,15,4,0,6,0,3,20,4,12,0,0,2,12,0,18,11,1,17,2,6,4,2,5,1,2,19,1,19,15,5,0,1,7,17,3,6,3,0,39,6,18,2,1,9,4,5,1,0,4,2,0,2,2,2,6,1,0,4,10,2,24,0,6,5,23,0,4,2,10,2,2,0,0,1,17,3,3,1,3,9,9,2,4,21,1,0,0,5,3
7,2,0,3,1,43,0,2,1,22,4,13,1,5,14,10,21,4,3,5,2,8,5,18,0,5,9,4,6,30,7,5,18,19,37,1,12,0,2,9,10,8,10,11,3,12,4,2,10,7,13,15,6,0,12,6,12,7,1,21,0,25,5,15,6,9,3,7,8,3,5,15,5,8,5,9,0,6,1,39,0,1,4,0,5,10,10,19,0,5,3,1,3,5,0,1,7,5,4,3,16,6,30,5,2,12,19,2,7,2,1,6,2,2,1,11,24,18,11,6,6,7,20,1,19,0,0,15,0,13,3
3,0,1,1,1,21,0,14,7,27,0,0,0,8,0,0,9,0,0,0,0,0,0,4,11,0,0,0,4,34,8,0,4,0,1,1,0,60,12,0,1,1,15,1,0,14,1,0,10,0,4,12,0,0,20,0,13,0,0,2,0,24,0,7,5,15,0,3,9,3,35,5,5,0,0,21,13,10,0,6,1,0,4,0,0,6,2,4,12,0,0,0,1,0,0,0,0,0,2,0,5,0,1,0,5,0,4,0,0,3,15,5,3,0,0,0,16,0,5,0,0,0,6,0,5,8,3,0,0,0,0
5,1,1,7,8,43,1,17,5,26,0,6,4,1,18,8,14,1,0,1,1,11,0,5,5,3,11,7,2,4,1,16,27,8,26,0,6,5,18,1,1,8,7,15,1,8,1,5,18,0,7,10,0,0,15,3,11,5,0,22,0,20,1,4,8,14,17,11,9,27,21,46,1,6,6,12,1,0,3,18,4,4,0,1,1,8,4,14,0,0,0,0,2,7,8,7,4,1,5,9,32,3,21,4,9,5,24,0,1,25,30,8,23,4,5,2,15,1,33,1,0,5,23,1,14,0,1,7,0,7,0
5,15,0,0,7,23,6,1,0,0,5,2,0,9,5,1,0,1,2,20,18,4,2,10,0,16,3,1,0,0,0,4,1,1,1,0,8,0,0,0,0,1,0,21,0,6,3,2,1,9,1,1,4,2,0,5,0,9,0,1,4,2,4,15,10,1,3,0,8,0,0,4,5,11,18,0,1,0,1,2,0,0,1,0,5,0,0,3,0,1,3,8,13,3,5,2,3,5,6,8,0,1,0,16,13,1,0,5,6,1,0,14,3,12,1,7,5,5,0,5,13,0,0,0,1,0,7,4,12,9,1
4,0,1,2,4,30,5,0,5,5,1,1,1,0,8,1,4,2,0,0,1,20,2,9,0,1,15,2,1,0,0,0,8,7,3,0,7,0,1,0,1,5,1,3,0,4,0,1,0,5,1,1,1,0,2,0,2,3,3,1,1,5,0,5,2,3,0,1,4,0,0,2,0,4,4,0,1,0,0,1,5,0,1,5,0,4,8,11,0,0,3,3,2,9,4,0,1,0,4,2,5,1,6,1,2,1,8,1,2,1,3,13,4,4,0,2,4,9,6,1,15,3,1,0,7,0,0,2,0,3,3
7,4,0,4,2,20,12,12,1,11,4,13,0,2,1,0,15,0,0,3,1,21,0,18,1,0,3,2,14,29,9,11,17,11,5,0,9,0,0,0,6,16,10,8,1,7,0,2,12,0,15,20,0,2,1,1,9,7,1,16,2,10,0,0,4,0,12,16,2,8,10,9,1,5,9,16,0,3,0,9,10,6,8,0,4,0,2,8,0,6,2,4,1,0,23,1,1,0,3,3,15,0,13,2,0,3,4,0,0,7,12,11,6,2,12,1,31,6,23,0,5,7,9,0,1,2,1,1,0,7,4
3,0,0,11,5,21,0,1,2,8,4,0,1,3,0,0,3,3,0,0,0,15,0,20,2,1,7,0,0,1,0,16,11,2,2,0,0,0,0,0,2,2,2,8,0,2,0,0,2,0,1,3,0,2,6,0,2,0,4,5,4,6,3,2,7,12,0,0,4,1,10,1,3,3,3,1,0,0,0,4,10,2,4,0,8,2,0,9,0,2,1,0,1,1,2,2,0,0,0,0,5,1,2,6,6,0,1,0,0,10,0,7,1,0,4,0,5,0,2,0,1,0,0,0,13,0,0,10,0,3,0
2,2,3,20,7,51,3,7,21,7,1,9,2,1,10,6,6,3,1,0,3,7,3,17,0,2,5,7,0,16,2,3,16,1,14,1,7,0,6,1,7,9,2,4,0,12,0,3,0,1,16,5,0,2,8,2,5,5,1,17,9,26,4,12,4,9,4,4,8,6,0,25,5,4,8,7,0,4,2,5,19,4,14,3,11,8,9,0,0,4,5,0,4,7,5,1,7,1,13,2,4,3,10,1,3,8,10,0,11,3,3,6,5,4,1,13,8,14,6,4,10,3,24,16,13,0,2,16,0,2,2
0,0,0,0,0,0,0,0,0,0,0,0,0,0,0,0,0,0,0,0,0,0,0,0,0,0,0,0,0,1,0,0,1,0,0,0,0,170,0,0,0,0,3,0,0,0,0,0,0,0,0,0,0,0,15,0,0,0,0,0,0,0,0,0,0,0,0,0,0,0,5,0,0,0,0,0,0,5,0,1,0,12,0,0,0,0,0,0,0,0,0,0,0,0,0,0,0,0,0,0,0,0,0,0,0,0,0,0,0,0,0,0,0,0,0,0,0,0,0,0,0,0,0,0,0,46,0,0,0,0,0
14,1,1,2,4,21,0,1,7,3,1,11,0,7,18,6,0,9,0,7,3,5,3,11,0,4,12,2,1,0,17,10,10,7,8,3,6,0,6,0,6,2,2,22,1,19,2,3,4,8,8,11,0,3,0,5,9,0,1,6,4,17,0,12,5,18,4,0,22,3,1,5,2,1,6,1,0,0,2,0,5,0,0,1,0,6,2,4,0,0,19,8,1,2,6,7,3,0,18,0,5,8,1,10,3,7,2,2,0,2,1,21,4,2,2,15,5,4,24,1,13,0,2,0,10,0,2,1,3,6,3
27,5,9,2,24,18,16,12,3,2,5,5,14,3,14,7,0,15,6,9,5,2,10,40,0,16,15,0,3,0,0,9,8,7,21,0,15,0,1,9,0,8,0,45,3,7,6,2,0,17,3,10,3,25,0,24,3,7,5,1,12,15,4,34,17,4,2,0,0,0,0,4,19,4,17,0,0,0,6,4,3,0,0,3,3,2,1,5,0,19,0,13,10,0,22,7,2,7,3,1,2,6,0,11,14,1,1,26,15,2,0,20,2,9,4,26,0,5,3,6,1,3,6,0,7,0,2,7,5,31,34
14,2,3,1,5,17,2,11,0,1,15,7,3,3,2,2,2,7,4,10,13,0,11,5,0,15,5,0,8,0,0,11,5,7,1,9,1,0,0,1,2,2,2,4,3,4,2,7,0,15,0,8,2,12,0,37,0,2,6,2,7,14,2,13,34,3,6,0,3,2,0,0,10,6,19,0,0,0,2,2,1,0,0,8,3,4,0,0,0,8,13,0,7,0,2,6,0,8,6,0,5,3,1,10,9,0,0,6,13,5,0,9,0,11,5,8,0,0,3,10,0,0,0,14,5,0,15,1,8,27,18
6,19,4,0,1,16,0,2,0,0,17,5,7,2,4,13,1,1,10,16,10,2,5,6,0,30,0,10,9,0,0,6,0,2,4,4,23,0,0,13,0,6,1,6,19,0,19,0,0,4,0,5,18,33,1,52,2,1,6,0,4,1,7,3,7,3,8,1,5,0,0,3,27,1,0,2,1,0,10,0,3,1,2,13,2,1,1,4,0,1,10,7,0,0,4,10,0,51,8,6,6,0,0,13,6,3,1,33,15,0,0,8,2,20,9,25,1,0,3,23,4,6,0,5,7,0,20,0,1,10,4
6,0,0,4,2,26,2,7,4,5,1,0,4,0,0,0,0,1,2,0,0,4,0,9,0,0,5,0,0,0,0,12,6,7,1,0,1,0,2,0,4,2,0,11,0,2,0,2,2,0,8,0,4,1,2,0,1,1,1,5,0,7,3,5,4,4,1,0,3,0,0,5,0,4,11,0,1,1,0,2,5,0,7,3,9,0,1,7,0,2,0,0,0,0,1,0,0,0,0,0,1,0,0,1,0,2,3,0,1,4,0,4,2,1,0,4,2,10,5,0,7,3,1,0,2,0,1,5,0,4,1
5,7,6,10,2,30,11,2,0,3,10,5,3,11,8,5,9,1,2,0,11,9,3,22,0,4,10,2,1,2,1,31,19,15,8,0,11,2,0,6,1,8,7,14,1,8,2,3,23,0,3,0,5,5,10,1,9,20,2,7,3,15,0,7,7,3,7,4,12,1,0,6,2,10,15,1,0,2,21,2,0,0,8,5,4,23,2,5,0,6,22,2,4,1,0,0,23,7,5,3,16,2,6,3,28,12,7,0,20,4,3,19,4,2,3,4,4,10,4,12,1,2,5,0,10,0,5,6,0,8,9
15,1,2,1,1,25,3,5,2,6,3,0,0,4,11,0,1,8,0,20,7,0,3,20,0,6,21,9,4,0,0,17,6,1,2,1,1,0,1,27,1,15,0,13,0,10,11,2,4,3,4,2,3,2,1,6,0,0,13,1,4,1,6,7,0,2,19,5,17,6,0,2,6,0,0,8,0,0,4,2,1,0,7,2,0,1,2,1,0,7,7,6,10,0,0,0,1,3,0,6,14,10,0,8,9,1,2,10,4,1,0,7,0,24,7,1,0,0,1,4,0,5,0,0,5,0,3,2,5,12,13
10,10,1,6,1,14,0,3,1,0,9,9,1,4,14,1,5,4,0,2,2,4,10,6,0,4,7,3,5,3,4,13,4,7,5,2,10,0,1,0,1,12,0,1,3,7,0,0,6,4,13,9,6,0,0,8,4,4,2,2,0,3,4,6,4,10,5,14,14,6,0,4,2,9,6,0,0,0,4,6,7,0,4,3,1,1,0,7,0,3,2,0,0,0,23,1,0,1,2,3,37,13,5,6,13,16,7,3,2,0,1,13,2,2,2,1,4,3,2,6,9,5,6,0,10,0,1,5,0,14,3
2,2,15,0,0,24,0,14,0,0,23,3,4,5,1,0,0,7,6,9,2,1,2,1,0,5,1,4,9,1,0,5,1,0,0,6,4,0,0,20,0,12,0,8,12,3,28,6,0,0,2,2,4,21,0,8,1,0,4,1,2,3,4,5,1,3,20,0,12,0,0,0,7,3,2,0,0,0,6,1,5,0,1,5,0,0,0,1,0,0,7,8,51,0,7,3,1,0,5,3,1,1,0,2,3,10,0,11,0,0,0,1,2,7,17,6,0,0,0,1,2,2,0,0,0,0,16,0,2,15,12
6,5,11,1,26,30,4,5,1,1,7,5,6,12,6,3,0,6,7,5,10,6,5,2,0,7,5,4,20,5,0,4,16,9,3,10,18,0,1,5,4,24,1,4,13,2,9,6,0,1,2,2,1,8,1,8,6,1,0,2,4,1,4,1,14,3,3,0,34,3,0,2,3,9,11,0,0,0,1,0,4,2,5,6,4,3,0,13,0,18,3,6,8,0,5,0,2,5,0,8,0,4,1,8,2,0,2,3,17,0,3,24,5,13,2,2,1,8,5,2,8,9,0,3,10,0,10,2,1,14,4
8,0,4,0,8,27,6,2,2,0,14,2,4,10,19,4,1,4,0,16,4,5,5,7,0,7,3,3,3,1,0,2,1,1,0,5,8,0,2,1,1,4,1,10,7,7,4,8,0,0,4,0,11,9,0,8,2,0,0,2,7,0,2,1,7,6,16,3,6,0,0,0,6,6,2,1,0,0,7,4,3,0,9,8,2,3,0,2,0,0,1,0,6,0,3,6,3,3,8,0,3,8,0,1,8,1,1,13,11,0,0,0,2,16,13,4,3,4,4,8,5,0,1,0,1,0,18,0,1,18,4
7,4,2,4,15,49,1,5,1,27,7,11,4,10,5,3,18,3,15,5,0,6,3,19,0,1,17,9,2,7,17,18,7,1,6,5,1,0,18,9,0,7,3,16,2,25,0,0,22,0,27,7,0,8,5,10,10,2,8,22,18,29,6,3,11,18,11,17,15,23,12,8,2,5,2,14,2,1,0,10,16,5,32,0,5,15,5,4,0,5,2,5,6,1,16,14,37,1,0,3,0,16,15,5,2,14,21,0,8,12,20,8,5,3,0,2,8,0,6,2,28,0,16,0,9,0,0,0,2,24,3
21,4,2,3,10,18,0,2,0,3,2,0,0,8,9,1,1,1,7,16,8,0,1,8,0,1,2,2,19,0,5,15,1,1,0,1,7,0,16,20,0,8,1,5,1,7,4,1,8,2,6,5,7,4,1,8,13,2,4,4,1,4,2,1,12,4,7,3,5,6,0,8,4,3,3,2,0,0,3,2,6,0,3,1,1,0,1,3,0,8,6,3,0,0,2,10,13,1,4,8,16,0,4,5,3,7,5,5,0,3,0,6,3,7,3,0,1,4,6,0,2,3,13,0,18,0,2,1,4,13,3
0,0,0,14,0,26,0,1,18,16,0,6,0,1,5,0,22,0,0,0,0,0,0,25,3,1,3,0,0,23,2,4,26,3,13,0,1,0,10,0,2,2,38,9,0,17,0,1,24,2,22,3,0,0,8,1,14,2,0,17,3,12,0,2,2,9,3,11,0,11,13,0,0,12,4,10,4,6,0,24,30,1,21,0,6,13,2,10,0,1,0,1,0,0,6,0,5,0,1,0,15,4,0,5,0,5,15,0,1,3,20,3,5,1,0,0,10,3,9,0,4,0,28,0,3,2,1,3,0,0,0
24,13,1,2,3,29,12,0,0,9,15,2,3,4,9,12,1,21,0,6,10,2,6,12,0,17,3,9,6,0,0,2,3,6,2,8,9,0,1,2,1,9,2,20,10,10,3,0,5,10,9,2,0,22,2,16,4,6,2,3,16,2,2,5,12,6,14,12,31,2,0,11,30,3,9,0,0,0,9,0,5,0,4,16,1,2,6,1,0,10,11,10,13,1,3,8,6,2,8,1,5,5,5,0,1,4,6,8,5,5,0,21,3,22,8,10,5,3,4,15,12,7,3,0,9,0,2,1,2,14,5
10,8,3,1,7,27,5,8,2,0,9,7,4,6,2,0,4,3,8,10,0,6,6,15,1,7,1,4,5,1,0,10,4,5,0,1,42,0,0,9,0,2,1,8,1,8,1,8,0,8,1,6,0,2,0,7,5,4,2,2,13,21,4,19,17,2,3,2,2,5,3,9,5,7,7,1,0,1,1,6,2,5,9,13,2,0,6,3,0,3,14,9,6,0,28,9,13,3,2,8,2,3,0,1,0,9,3,1,6,0,1,9,0,1,4,0,1,3,1,0,10,9,0,4,1,0,2,0,0,38,7
6,5,2,4,13,26,8,10,6,11,1,4,2,6,4,3,1,2,1,2,3,4,0,23,0,6,5,4,1,4,6,28,7,1,12,0,10,0,3,2,1,13,6,6,0,18,0,7,4,4,8,1,0,3,8,0,14,3,2,6,7,7,9,9,17,5,5,12,10,8,1,5,5,6,7,1,3,0,6,5,12,0,5,1,1,3,0,8,0,7,1,0,3,2,12,1,16,10,0,1,14,7,5,4,9,0,7,0,5,9,0,17,9,6,5,2,7,0,10,4,5,7,2,0,3,0,6,0,0,5,3
6,2,1,9,1,30,5,8,10,11,3,4,6,1,4,1,28,2,2,0,7,2,0,13,1,4,4,2,4,9,6,5,23,2,9,0,7,1,15,2,6,7,8,1,0,7,1,2,19,5,18,5,5,1,22,1,23,11,0,17,7,7,4,3,2,12,2,20,10,13,4,11,5,18,3,19,12,4,0,23,19,4,24,0,8,4,1,10,0,2,1,0,1,3,7,2,7,0,2,1,21,5,15,6,3,7,0,1,3,6,43,0,11,0,1,3,7,2,3,3,9,4,15,3,9,1,0,8,0,6,1
11,6,15,0,3,32,1,0,0,0,6,0,7,3,1,22,0,6,1,48,1,2,5,14,0,16,0,11,18,0,0,5,1,3,0,9,9,0,2,6,0,5,0,5,11,2,28,0,0,1,0,0,0,34,0,17,0,0,20,0,4,3,4,18,2,3,4,2,7,0,0,2,16,1,5,0,0,0,24,0,2,0,0,5,1,0,0,0,0,2,26,6,33,0,0,10,3,11,3,13,0,5,0,8,1,0,1,0,5,1,0,23,0,11,13,39,0,1,0,16,4,0,0,1,0,0,3,0,0,12,7
22,0,2,0,8,28,3,0,0,7,1,1,1,4,9,7,2,11,4,3,12,7,12,6,0,26,6,7,1,0,0,14,1,10,9,0,12,0,6,1,1,11,1,9,0,8,6,2,3,22,1,10,0,19,0,6,0,10,9,0,4,3,6,23,11,5,8,0,3,0,0,7,13,6,17,0,0,0,4,4,7,0,1,6,2,0,0,11,0,0,15,13,15,1,20,4,2,0,17,11,8,0,1,5,6,5,3,5,0,8,0,32,0,11,1,15,3,0,10,6,6,6,0,0,1,0,2,0,3,15,6
4,0,0,5,1,13,1,3,9,14,0,5,1,9,0,1,6,0,0,1,0,5,1,4,5,0,6,2,1,7,1,8,13,1,4,0,2,8,6,1,5,4,6,9,0,11,3,0,4,3,8,3,2,1,9,0,12,5,1,8,1,4,7,6,3,15,5,2,3,5,19,15,3,2,1,0,6,3,2,2,2,3,25,1,1,7,10,3,0,2,2,5,0,4,4,1,0,0,0,0,12,3,3,5,0,9,6,1,8,0,4,4,1,1,1,2,12,3,3,0,4,1,4,0,2,3,1,0,0,2,6
4,1,0,2,0,30,0,10,7,9,0,16,0,0,0,6,37,0,3,0,0,0,0,10,11,0,1,1,2,26,11,4,29,0,3,2,0,0,7,0,1,2,32,0,0,2,0,0,15,0,27,17,0,0,29,0,35,0,0,23,0,4,3,5,4,1,1,28,9,14,25,7,0,12,0,21,3,14,0,10,1,15,30,0,3,12,0,3,0,1,0,0,0,0,3,0,1,0,3,0,20,0,20,0,1,0,43,0,0,4,0,2,13,1,1,0,31,0,2,0,0,0,15,0,0,0,1,0,0,2,0
22,16,7,13,43,64,32,9,13,8,25,16,9,10,29,7,3,18,3,23,34,14,25,35,0,22,27,11,24,2,2,17,10,7,32,1,50,0,5,9,14,13,2,39,0,17,4,16,3,7,4,9,6,20,10,21,5,19,0,3,9,12,10,17,17,14,16,2,9,3,4,11,9,10,38,3,0,0,5,2,6,5,8,14,13,11,7,6,0,21,20,9,8,4,19,7,13,1,24,0,8,6,3,21,9,17,0,23,32,4,2,0,3,28,3,27,24,14,7,40,16,9,7,1,25,0,3,3,0,18,14
5,3,0,0,2,24,6,11,4,17,1,5,2,1,13,0,5,1,5,1,0,6,1,6,2,0,16,0,4,17,0,13,22,8,1,0,1,0,8,1,3,3,7,1,2,6,1,5,9,8,14,14,0,1,20,0,10,0,2,3,0,7,6,0,2,4,0,15,5,8,5,2,0,3,5,6,1,0,5,2,2,3,23,3,4,6,1,5,0,4,2,0,2,2,4,0,2,2,5,2,5,3,5,3,0,9,11,0,0,1,13,3,0,5,4,2,4,3,8,2,0,8,5,0,7,0,8,1,0,14,1
21,17,0,1,3,31,6,5,0,0,11,2,1,10,10,8,0,5,0,18,9,4,18,8,0,10,7,8,7,1,2,2,5,3,6,3,30,0,1,2,2,4,0,11,1,4,6,12,0,7,0,16,12,5,1,31,4,5,1,1,14,5,13,12,15,7,16,4,12,1,0,3,21,3,4,1,0,0,9,0,2,0,4,12,4,2,0,4,0,2,9,11,20,1,2,24,2,7,13,16,3,7,1,22,1,6,0,11,11,1,1,28,5,0,7,14,1,4,7,151,12,6,0,0,14,0,3,0,0,35,20
13,15,7,0,0,18,0,20,3,1,10,0,2,16,3,9,2,17,15,1,7,0,4,6,0,7,2,12,10,1,0,2,3,0,1,12,22,0,0,2,0,1,0,9,23,2,4,1,4,1,1,1,3,9,1,2,1,0,3,0,0,2,11,0,5,12,6,7,9,1,6,2,7,2,5,0,0,1,8,0,1,0,5,1,0,12,4,1,0,2,4,5,9,0,3,7,2,17,2,13,0,3,0,8,4,5,1,13,1,1,1,3,4,7,0,2,0,2,6,9,0,0,0,5,3,0,15,0,5,13,2
16,12,5,1,5,27,7,3,4,0,10,1,0,6,8,14,0,17,0,11,15,6,10,17,0,29,9,1,10,0,1,6,1,1,1,0,11,0,0,0,5,8,0,12,16,7,2,13,2,23,1,5,1,5,4,14,2,0,36,0,7,1,5,8,28,15,3,0,0,1,0,9,9,0,18,0,0,0,6,1,11,0,2,7,2,1,0,13,0,15,26,8,25,4,4,1,1,6,2,4,2,0,0,10,0,2,3,39,15,2,0,27,2,14,2,0,0,4,2,14,14,6,0,0,4,0,5,0,0,11,11
3,0,0,5,13,43,10,0,7,38,0,9,3,3,7,3,19,4,0,3,0,15,6,14,11,1,8,4,5,15,0,3,19,12,41,3,9,7,13,0,29,12,23,10,0,16,0,7,35,3,8,5,0,0,4,1,11,8,0,32,8,15,1,4,2,5,0,19,9,17,19,12,1,1,6,19,3,11,2,17,24,16,15,5,4,31,5,8,0,5,0,0,1,2,4,0,4,0,1,3,8,1,10,5,1,7,7,0,3,12,31,24,4,1,0,0,0,1,14,2,7,0,50,0,23,11,5,1,0,9,2
11,1,0,1,3,28,1,2,4,2,2,1,1,1,0,0,0,1,0,1,4,20,1,10,0,3,5,0,0,0,0,2,10,3,1,0,3,0,4,0,1,5,0,9,0,4,0,11,0,0,6,0,14,1,4,0,2,1,1,2,2,6,0,3,0,1,3,0,2,0,0,1,1,11,5,1,0,0,0,3,18,0,1,5,9,6,0,14,0,4,5,0,0,10,10,0,3,0,8,4,0,4,3,3,3,0,2,1,0,3,0,14,3,4,2,4,1,0,9,0,8,2,5,0,3,0,1,6,0,3,3
2,3,1,1,3,25,7,4,14,4,4,0,8,8,13,2,7,7,0,0,2,12,5,14,1,2,10,10,2,5,2,24,13,6,13,2,8,0,5,3,7,9,1,18,0,14,0,5,3,10,1,15,6,4,2,12,10,9,3,13,3,21,7,3,10,11,14,12,14,9,25,16,1,14,9,1,1,1,3,3,11,5,33,0,6,23,2,6,0,24,3,3,3,5,4,1,2,0,5,4,6,6,9,4,1,10,3,0,10,3,2,7,8,7,6,2,14,9,0,3,27,16,5,0,32,0,0,2,0,11,0
9,15,2,2,2,55,3,4,0,1,2,0,0,7,2,4,0,19,0,7,8,4,5,11,0,16,2,10,3,0,0,5,0,0,0,0,50,0,1,0,0,4,0,6,0,5,2,2,0,1,0,0,5,4,1,70,3,0,5,0,8,3,21,3,3,17,38,0,27,0,0,2,29,3,0,0,0,0,28,1,6,0,1,5,1,0,0,4,0,1,6,10,23,0,12,4,6,1,2,8,2,0,0,15,0,4,3,16,6,0,0,40,2,151,9,14,2,0,3,0,3,0,1,0,20,0,9,2,0,56,3
26,4,0,6,4,62,6,0,14,2,9,0,4,5,17,0,0,8,0,9,20,15,9,16,0,1,18,0,5,0,4,3,6,4,2,0,55,0,5,0,7,12,2,30,0,14,8,4,0,3,5,0,8,1,6,10,7,5,0,4,3,4,4,8,6,8,0,0,3,0,0,7,2,9,22,0,0,0,0,3,6,0,0,13,15,5,1,10,0,13,1,0,4,7,1,0,9,2,8,5,28,2,4,12,10,5,9,4,6,4,0,16,0,12,0,14,7,8,27,3,0,12,12,0,7,0,0,9,1,27,1
16,4,1,3,11,30,5,10,3,1,4,2,2,5,10,4,0,7,7,6,5,22,2,24,0,13,15,0,1,0,2,0,4,13,23,3,35,0,11,14,8,9,0,35,1,25,9,2,0,22,2,9,15,7,3,1,2,5,1,5,11,2,0,7,13,16,0,0,1,0,0,9,0,3,24,0,0,0,5,9,7,0,5,0,3,7,0,3,0,0,3,0,6,3,2,5,5,2,9,0,0,3,0,7,9,7,4,0,6,1,0,9,8,6,0,6,0,2,16,0,12,0,11,0,0,0,2,4,0,8,7
3,0,1,6,3,35,4,4,10,28,0,2,2,5,6,1,19,1,1,0,0,3,2,21,1,0,2,4,1,9,3,10,33,13,13,0,4,0,7,0,3,11,37,7,0,15,0,0,24,9,13,13,0,1,29,0,14,2,2,24,0,10,2,0,2,1,1,14,7,29,4,18,0,11,5,17,0,4,0,9,20,6,23,0,1,9,0,24,0,2,6,0,0,1,5,0,6,0,0,1,16,13,28,3,0,2,15,0,0,4,15,7,5,0,0,0,50,5,5,1,12,11,0,0,8,0,1,3,0,8,0
0,9,10,0,0,27,0,0,0,1,0,0,1,4,0,0,1,15,48,0,0,0,0,6,0,0,0,2,31,0,0,3,1,0,0,49,0,0,0,30,0,0,0,0,1,5,1,0,0,0,14,10,5,0,0,0,13,0,4,0,0,0,1,1,0,0,0,0,7,0,0,0,1,0,0,0,0,0,0,2,1,0,1,0,0,0,0,16,0,0,0,14,5,0,0,0,0,0,3,0,0,0,0,0,4,0,3,1,0,0,0,1,0,0,5,0,0,0,0,0,0,0,0,0,0,0,15,0,0,2,0
21,13,0,11,2,61,3,6,5,25,1,4,6,3,18,2,3,12,0,7,10,22,10,31,0,7,5,5,1,12,9,17,25,3,51,3,13,0,12,2,12,6,5,13,1,22,3,8,0,1,9,3,1,3,14,27,12,0,3,15,3,29,8,5,5,13,8,6,11,13,2,67,5,7,7,0,0,0,4,4,19,5,14,1,7,1,13,13,0,10,7,5,7,2,10,5,10,0,10,1,9,18,3,9,1,3,9,0,1,2,0,25,7,14,3,4,23,3,32,20,7,0,8,0,0,0,2,7,0,31,3
0,0,0,0,0,2,0,0,0,2,0,0,0,1,0,0,3,0,0,0,0,0,0,1,9,0,0,0,0,7,0,0,0,0,0,0,0,57,0,0,0,0,7,0,0,4,0,0,0,0,0,0,0,0,4,0,0,0,0,3,0,0,0,0,0,0,0,0,0,0,11,0,0,0,0,0,3,3,0,21,0,8,0,0,0,2,0,0,46,0,0,0,0,0,0,0,0,0,0,0,0,0,2,0,0,0,1,0,0,3,0,0,0,0,0,0,11,0,0,0,0,0,0,0,0,0,0,0,0,0,0
8,18,22,0,9,17,4,31,2,0,1,6,9,7,4,9,0,1,22,8,0,0,5,5,0,7,1,5,4,0,0,1,9,2,1,20,2,0,0,16,1,5,0,4,16,2,3,7,1,10,9,14,6,5,0,12,7,0,2,2,7,5,11,3,14,2,0,4,12,3,4,3,15,0,0,0,0,0,3,1,0,3,1,7,0,1,0,2,0,2,2,15,20,1,5,3,1,16,10,18,0,2,1,2,2,6,0,3,2,1,1,3,8,3,15,5,5,1,0,9,0,2,1,15,2,0,0,1,2,18,4
6,0,0,11,2,35,2,0,21,6,1,0,0,1,1,2,0,5,0,0,1,11,1,17,0,0,1,0,0,0,3,1,15,6,0,0,15,0,0,2,2,5,1,7,0,5,0,5,0,1,2,2,6,0,3,0,0,0,0,1,1,6,0,3,3,2,1,0,3,1,0,0,1,20,4,0,0,0,0,0,15,0,7,4,2,1,10,16,0,1,7,1,0,5,6,2,5,0,2,0,0,1,3,1,0,0,8,0,0,0,0,3,1,0,0,0,1,6,2,2,9,4,3,0,7,0,1,0,0,4,1
8,3,0,0,1,3,0,1,0,0,0,0,0,1,0,3,0,0,5,2,1,0,0,0,0,2,0,0,4,0,0,0,0,0,0,0,0,0,0,1,0,1,0,4,0,0,1,0,0,3,0,0,0,2,0,3,0,0,0,0,0,0,0,9,5,0,0,5,21,0,0,0,1,0,0,0,0,0,0,0,0,0,0,12,0,0,0,0,0,3,5,8,1,0,0,5,0,2,1,1,2,4,0,2,0,0,0,0,3,0,0,0,0,0,5,0,0,0,0,0,1,0,0,0,0,0,2,0,0,3,0
37,12,4,4,9,82,10,5,3,5,21,1,25,12,29,11,3,12,14,20,22,3,20,14,0,46,6,32,31,0,16,17,22,2,6,14,28,0,10,16,2,23,2,9,16,16,4,16,1,8,7,13,4,8,2,43,7,4,0,8,11,18,23,3,23,16,12,3,20,6,0,13,33,15,9,4,0,0,8,5,13,0,7,9,3,7,3,2,0,6,31,27,10,4,8,12,14,15,14,18,24,13,0,14,38,5,6,12,15,2,2,18,14,35,13,11,9,3,11,56,27,8,8,2,31,0,18,4,3,0,20
13,11,2,0,1,30,1,3,0,0,5,5,0,5,7,12,0,4,1,5,9,5,9,4,0,12,9,3,3,0,1,1,3,3,6,0,20,0,2,28,3,11,1,11,0,8,9,13,0,7,1,5,8,9,1,27,0,7,3,1,10,15,2,20,8,3,12,0,1,0,0,9,7,1,6,0,1,0,4,3,3,0,0,1,3,4,0,2,0,3,34,18,4,1,9,13,3,12,4,4,3,3,0,5,7,3,1,7,6,6,0,14,1,20,2,11,2,3,0,3,1,7,0,0,3,0,4,1,0,20,0
