Ant4,Ant57,Ant260,Ant5,Ant52,Ant59,Ant65,Ant244,Ant540,Ant929,Ant2,Ant6,Ant25,Ant26,Ant30,Ant38,Ant74,Ant99,Ant102,Ant148,Ant158,Ant191,Ant196,Ant202,Ant209,Ant245,Ant268,Ant278,Ant308,Ant604,Ant620,Ant646,Ant673,Ant838,Ant12,Ant13,Ant20,Ant27,Ant28,Ant29,Ant32,Ant40,Ant42,Ant43,Ant50,Ant55,Ant62,Ant66,Ant68,Ant70,Ant71,Ant80,Ant81,Ant82,Ant91,Ant97,Ant100,Ant105,Ant111,Ant112,Ant113,Ant114,Ant117,Ant126,Ant135,Ant137,Ant139,Ant142,Ant149,Ant156,Ant159,Ant169,Ant170,Ant173,Ant174,Ant195,Ant198,Ant207,Ant212,Ant217,Ant218,Ant219,Ant226,Ant229,Ant242,Ant243,Ant250,Ant255,Ant256,Ant257,Ant261,Ant263,Ant265,Ant294,Ant299,Ant301,Ant305,Ant318,Ant320,Ant332,Ant334,Ant342,Ant347,Ant353,Ant356,Ant376,Ant387,Ant390,Ant391,Ant394,Ant395,Ant437,Ant475,Ant492,Ant501,Ant527,Ant549,Ant552,Ant556,Ant575,Ant580,Ant592,Ant600,Ant607,Ant610,Ant614,Ant621,Ant632,Ant635,Ant638,Ant650,Ant663,Ant665
0,0,0,3,3,2,10,19,14,0,2,0,17,0,1,0,0,0,0,3,0,2,0,0,3,1,0,6,0,1,0,6,4,0,0,0,1,10,0,10,6,1,3,0,4,0,14,2,30,0,9,0,0,0,46,0,3,1,1,0,0,0,1,5,0,0,0,1,0,0,0,0,0,0,5,0,0,0,0,0,0,0,7,2,4,3,5,0,0,0,25,16,0,0,0,0,0,0,0,0,6,0,0,30,1,5,16,0,16,0,0,0,0,0,1,1,0,0,0,0,0,0,0,2,11,0,1,0,6,0,0,0,1
0,0,1,0,2,3,1,0,0,44,1,60,4,0,3,13,0,28,6,0,1,2,0,34,3,1,6,0,7,54,17,21,1,4,6,4,3,2,2,0,3,4,29,0,2,6,2,0,0,8,3,7,3,4,0,9,1,2,41,9,1,3,12,1,0,24,8,0,20,0,0,0,7,42,0,9,5,0,1,0,7,26,0,3,1,0,50,7,0,0,0,2,3,8,3,27,0,0,11,2,0,14,19,1,7,1,0,12,0,0,0,0,21,5,7,15,0,1,11,0,2,2,2,9,2,11,2,1,0,3,17,0,0
0,1,0,0,4,3,4,16,1,0,17,1,3,0,4,4,16,23,2,6,1,0,18,0,24,19,13,6,4,1,1,15,1,1,3,9,1,0,1,18,0,8,2,0,4,2,2,3,19,0,2,1,25,0,1,0,13,11,0,1,0,3,33,24,0,3,0,5,3,0,9,5,7,2,0,0,0,2,11,0,1,2,4,0,8,21,4,4,0,0,2,9,0,3,0,0,15,0,1,0,0,3,1,1,8,7,8,3,1,0,0,0,0,9,0,12,0,2,0,1,10,1,1,6,6,0,14,0,4,14,1,2,0
3,0,0,0,1,4,5,6,22,1,0,0,6,0,1,0,7,0,0,4,0,10,1,0,2,2,0,4,1,1,0,2,19,0,0,1,1,1,0,2,6,8,2,0,2,0,7,2,4,0,0,0,13,0,9,0,4,0,0,0,0,1,2,11,0,0,0,3,0,0,1,1,0,1,15,0,0,0,23,0,0,0,7,6,1,16,5,14,0,0,4,10,0,0,0,0,6,0,1,1,9,1,0,11,6,1,7,0,2,0,0,0,0,1,0,0,0,0,1,0,0,0,0,0,7,3,0,1,20,3,0,0,3
3,2,4,1,0,0,0,9,2,1,7,1,11,0,5,1,1,2,0,3,0,1,2,0,4,11,0,2,17,1,0,6,3,0,3,9,1,3,1,1,2,3,8,3,7,0,12,2,12,0,2,0,2,0,0,0,12,5,5,0,4,4,2,0,0,1,0,0,3,0,0,1,7,6,0,11,0,0,2,0,7,2,2,1,6,1,0,5,0,0,5,0,0,3,0,0,8,0,0,1,0,0,0,1,2,1,3,0,0,0,0,2,1,0,1,1,0,0,0,0,0,0,0,12,4,3,0,0,7,21,0,1,2
2,3,3,4,0,0,5,21,16,5,2,0,0,0,14,0,15,0,0,3,6,8,2,0,3,0,4,10,2,0,1,9,24,0,1,5,4,1,2,1,15,5,6,0,2,0,0,15,2,0,9,0,5,1,16,0,1,4,0,0,0,2,7,15,0,0,1,19,1,0,1,3,6,0,16,10,0,0,9,0,16,0,13,2,1,8,0,16,0,0,2,25,0,9,0,0,2,0,0,0,3,1,0,33,4,16,24,2,0,0,0,0,2,3,0,2,0,0,2,0,5,0,0,5,3,2,0,5,1,5,2,0,7
10,1,4,5,0,5,0,33,32,3,2,8,6,0,9,2,10,0,0,0,0,6,1,1,2,4,16,2,0,5,0,7,0,11,1,19,5,0,2,10,5,6,12,0,2,5,5,3,6,0,22,0,4,5,15,2,15,4,2,0,0,0,6,9,1,6,0,1,1,0,0,8,2,10,7,0,2,0,2,1,3,0,21,3,4,0,5,23,0,0,5,5,1,2,1,7,11,0,1,1,1,2,0,20,2,2,10,0,5,0,0,0,1,12,0,8,2,0,0,0,4,0,3,0,5,3,1,0,2,0,3,1,16
19,0,16,6,9,21,33,0,22,8,6,1,9,0,20,0,19,4,0,1,0,7,3,1,3,8,2,7,5,0,0,12,5,4,0,13,1,2,1,3,23,6,6,1,3,0,3,7,9,0,22,0,7,1,42,6,11,0,1,1,2,10,10,8,0,3,0,8,3,0,0,2,3,1,11,4,1,0,4,0,3,0,26,3,3,5,3,17,0,0,0,23,0,7,0,0,11,0,0,0,4,3,0,3,6,0,5,0,1,0,0,0,2,0,2,12,0,0,0,0,11,1,0,3,9,2,1,2,3,3,0,2,1
14,0,1,22,2,16,32,22,0,5,9,0,0,0,12,0,13,0,0,0,0,7,1,0,0,1,1,2,1,1,0,22,6,0,0,2,2,1,0,10,9,7,6,0,1,0,9,0,3,0,8,0,6,0,20,3,6,0,3,0,0,2,17,3,0,0,1,6,1,0,1,1,4,0,11,3,0,0,13,0,2,0,48,3,6,5,1,7,0,0,4,5,0,4,0,0,7,0,0,1,2,1,0,7,2,1,2,0,3,0,0,0,2,2,0,2,0,0,1,0,6,0,1,0,6,11,4,0,0,14,0,0,2
0,44,0,1,1,5,3,8,5,0,4,13,7,0,5,11,6,7,14,2,3,4,7,14,7,7,30,6,6,20,2,28,4,2,8,22,9,3,4,0,0,8,31,6,3,4,21,2,2,1,1,4,3,5,0,16,9,5,28,5,2,21,12,4,8,11,1,22,8,0,5,2,13,3,0,11,3,16,0,2,21,1,6,10,7,1,8,2,6,0,0,4,6,11,3,5,2,0,32,2,2,26,3,3,10,3,7,2,1,0,0,5,7,4,5,24,23,0,10,1,12,4,9,11,1,19,1,23,1,1,2,7,7
2,1,17,0,7,2,2,6,9,4,0,2,2,0,4,1,9,2,1,5,0,5,10,1,0,23,14,5,8,3,3,2,13,0,2,5,3,7,2,0,1,9,10,9,0,0,11,3,3,0,0,0,10,0,0,7,9,7,1,0,1,12,2,2,0,4,0,0,0,0,6,11,5,3,1,6,0,3,7,2,9,1,3,3,13,5,1,0,1,0,6,7,1,3,0,0,7,0,6,10,3,11,0,7,8,5,0,0,0,0,0,2,5,6,0,8,5,0,1,0,22,7,2,4,1,5,2,8,1,0,6,5,3
0,60,1,0,1,0,8,1,0,13,2,0,2,5,7,6,5,12,6,0,8,1,3,31,4,1,4,0,2,17,17,15,1,20,16,3,4,0,13,0,0,0,15,0,12,27,2,0,6,5,0,13,1,13,2,3,3,1,29,33,2,32,7,0,5,10,42,3,8,9,2,1,4,29,0,4,15,0,3,9,9,7,2,3,2,1,7,0,9,26,2,0,10,6,10,17,1,5,3,9,4,12,22,2,3,0,0,43,3,7,8,11,15,5,10,10,2,8,14,0,2,15,13,4,1,35,5,11,0,1,15,2,1
17,4,3,6,11,0,6,9,0,7,2,2,0,0,0,0,0,1,0,0,2,14,0,9,12,3,5,3,1,4,0,7,2,0,0,0,0,0,0,23,10,2,3,2,2,0,38,4,35,0,29,0,4,7,50,10,11,14,1,4,0,9,4,12,0,10,0,0,0,0,3,0,6,0,11,0,0,0,2,0,0,0,1,1,4,0,15,0,0,0,17,12,5,0,0,0,27,0,3,0,0,2,1,3,4,23,0,5,50,0,0,0,0,0,0,11,0,0,4,0,1,1,0,5,21,27,0,0,6,6,0,8,1
0,0,0,0,0,0,0,0,0,0,0,5,0,0,0,0,0,5,5,0,6,0,0,33,0,0,3,0,0,8,9,0,0,28,5,0,10,0,2,0,0,0,0,0,5,47,0,0,0,16,0,8,0,8,0,0,0,0,10,31,21,0,0,0,0,13,78,0,11,4,0,0,0,16,0,0,5,0,0,14,0,24,0,0,0,0,0,0,15,6,0,0,25,0,20,10,0,26,0,4,0,0,17,0,0,0,0,45,0,19,18,10,5,0,10,2,0,4,12,0,0,3,14,0,0,0,10,0,0,0,9,0,0
1,3,4,1,5,14,9,20,12,5,4,7,0,0,0,3,22,6,1,17,1,2,7,1,13,7,3,8,11,1,0,26,4,6,6,5,9,9,3,0,5,6,10,5,4,3,18,6,16,1,4,0,6,0,0,3,11,4,3,1,1,4,12,2,0,1,1,7,6,0,6,4,18,6,8,18,1,1,13,0,14,0,5,1,3,5,3,10,0,0,9,4,0,14,1,2,0,0,4,1,2,6,0,2,5,1,8,0,0,0,0,0,1,2,0,11,2,0,1,0,10,0,1,8,2,4,0,2,5,3,1,10,4
0,13,4,0,1,0,2,0,0,11,1,6,0,0,3,0,2,3,6,2,0,0,6,4,1,4,4,3,14,11,4,3,3,3,19,4,2,6,6,0,1,1,6,3,4,1,1,1,0,3,0,3,1,8,0,11,3,1,15,0,0,13,5,0,29,17,0,4,1,0,2,0,2,8,1,12,4,21,0,4,13,5,0,6,4,1,4,1,0,0,0,0,7,9,0,2,0,0,9,2,0,16,2,5,13,0,0,0,1,0,0,4,15,5,7,6,37,0,6,0,7,5,0,0,0,27,30,6,0,0,2,7,1
0,0,16,7,1,15,10,19,13,6,9,5,0,0,22,2,0,7,0,1,3,22,9,0,4,15,13,5,7,0,0,6,7,3,3,0,1,0,6,3,11,11,6,0,2,0,11,11,13,0,24,0,1,1,2,1,12,1,9,0,0,3,13,1,0,3,0,12,2,0,0,19,6,0,6,6,0,0,13,0,16,0,15,1,11,9,9,26,0,0,1,16,1,17,0,0,0,0,1,3,4,1,0,10,2,8,18,0,0,0,0,1,1,11,0,10,0,0,1,0,2,0,2,9,7,1,3,6,8,0,7,4,4
0,28,23,0,2,0,0,4,0,7,2,12,1,5,6,3,7,0,3,0,11,1,0,26,11,8,5,3,5,44,14,32,0,55,15,20,11,6,11,0,0,2,21,2,19,45,3,1,1,8,0,10,4,39,0,1,6,6,11,68,13,0,14,0,1,15,70,2,41,25,2,1,0,38,3,4,18,2,2,16,1,27,0,8,9,6,7,3,25,25,0,3,10,5,33,28,1,10,21,13,0,26,27,0,11,0,4,61,0,43,28,12,4,6,18,9,0,12,21,0,1,11,25,8,0,51,8,7,5,1,11,9,3
0,6,2,0,0,0,0,0,0,14,1,6,0,5,1,6,0,3,0,4,5,0,2,3,0,0,2,1,3,12,22,1,0,2,3,1,7,1,0,0,0,2,3,7,16,1,2,0,0,6,0,2,0,11,0,9,26,1,5,4,2,2,1,0,14,6,9,1,20,2,2,4,4,9,0,4,11,2,0,2,6,5,1,1,1,7,3,1,1,14,0,1,7,1,6,4,0,0,4,7,1,1,3,0,5,0,0,18,0,3,17,4,8,3,0,2,10,4,0,1,2,7,7,6,1,1,10,1,4,0,8,7,0
3,0,6,4,3,3,0,1,0,2,5,0,0,0,17,2,1,0,4,0,0,2,1,3,0,4,6,22,1,9,0,3,0,0,5,3,1,8,1,0,5,41,8,3,0,2,7,4,10,0,3,0,11,1,0,5,2,1,1,0,0,6,1,2,1,1,1,5,0,0,13,0,35,7,1,10,1,5,0,0,13,0,0,2,36,0,9,0,0,0,0,1,1,8,1,0,0,0,2,0,1,3,1,1,23,2,5,0,0,0,0,0,3,7,0,10,5,1,2,57,31,0,0,0,1,3,1,3,1,1,3,1,7
0,1,1,0,0,6,0,0,0,3,0,8,2,6,1,0,3,11,5,0,0,0,1,4,0,0,1,1,0,11,27,43,0,25,1,0,12,2,0,0,0,0,16,2,11,35,5,0,0,11,5,5,0,7,0,5,1,0,13,22,6,1,10,0,0,15,43,5,12,9,0,5,9,8,0,0,10,0,2,14,10,32,5,5,2,1,1,0,12,6,0,1,11,0,16,19,0,12,9,2,4,6,10,1,4,0,0,8,0,10,2,5,2,5,3,4,1,12,3,0,0,15,4,8,1,0,11,2,0,0,21,0,0
2,2,0,10,1,8,6,7,7,4,5,1,14,0,2,0,22,1,0,2,0,0,7,0,6,16,0,7,2,0,2,8,2,0,0,2,3,4,4,4,4,4,4,2,2,0,12,3,15,0,12,0,8,0,18,0,14,5,1,1,0,1,3,16,1,1,4,1,2,0,2,25,1,0,3,1,0,2,14,0,2,0,10,1,4,3,2,28,0,0,5,2,0,3,0,0,11,0,0,1,12,2,1,5,1,0,22,0,0,0,0,0,5,9,0,1,0,1,0,0,2,1,1,19,4,3,0,6,13,8,0,1,5
0,0,18,1,2,2,1,3,1,7,10,3,0,0,7,6,9,0,2,1,1,7,0,0,6,18,2,24,6,0,0,4,5,0,2,6,0,2,1,0,7,9,5,3,6,0,9,7,2,0,0,0,4,0,0,6,6,2,0,0,5,6,0,5,2,2,0,3,0,0,4,5,6,1,0,9,0,2,4,0,5,0,10,0,5,3,0,5,0,0,8,1,3,2,0,0,6,0,0,7,1,1,2,0,7,0,2,0,3,0,0,1,0,6,0,2,2,0,1,0,13,0,0,1,3,4,2,3,1,11,2,13,1
0,34,0,0,0,0,1,1,0,14,1,31,9,33,1,4,0,26,3,3,4,0,0,0,0,2,0,0,0,24,2,10,2,29,18,1,2,0,21,0,0,1,7,1,1,45,0,0,1,2,0,7,0,22,0,4,0,0,24,23,3,3,7,0,0,23,85,3,9,5,1,0,1,12,1,0,8,0,0,2,0,11,0,8,3,2,5,3,2,15,1,0,17,3,24,4,0,5,8,0,0,12,18,0,1,0,1,44,0,10,13,1,15,2,5,7,1,4,14,0,7,17,6,2,0,38,8,0,0,0,6,2,3
3,3,24,2,4,3,2,3,0,7,0,4,12,0,13,1,4,11,0,0,0,6,6,0,0,3,4,6,2,4,0,10,4,6,9,4,3,4,0,6,1,5,3,0,0,4,4,0,29,0,4,4,3,1,5,3,10,14,2,2,2,2,3,32,0,2,1,0,3,0,0,2,5,0,7,2,0,1,8,0,7,0,0,0,11,0,3,1,0,0,6,13,0,3,0,0,11,0,6,0,2,4,2,1,12,9,10,1,6,0,0,0,0,1,0,9,1,0,1,0,0,0,2,15,0,0,3,8,3,21,3,1,6
1,1,19,2,11,0,4,8,1,7,23,1,3,0,7,4,15,8,0,4,0,16,18,2,3,0,5,21,12,2,0,10,4,2,8,6,1,2,2,1,14,12,8,4,9,4,5,18,6,0,0,0,7,2,3,13,6,13,4,0,0,11,24,10,3,6,2,4,0,0,4,9,16,2,6,7,0,7,1,0,13,0,7,8,14,17,7,6,1,0,1,4,3,6,0,0,7,0,1,8,3,6,2,12,12,1,5,2,3,0,0,3,3,17,0,4,2,0,3,0,9,3,2,9,2,14,2,6,4,11,1,13,10
0,6,13,0,0,4,16,2,1,30,14,4,5,3,3,4,13,5,2,6,1,0,2,0,4,5,0,4,3,13,0,21,2,6,8,2,6,0,9,1,1,2,3,4,6,1,0,2,2,2,4,2,12,4,1,6,10,7,9,0,1,12,8,3,1,7,2,10,0,0,10,5,7,11,1,6,3,1,2,4,2,12,5,4,4,2,1,2,4,7,1,5,3,12,1,20,0,0,12,6,2,6,3,2,8,2,2,11,1,3,5,1,5,9,2,14,2,1,13,2,14,7,7,6,0,4,6,3,1,6,7,5,8
6,0,6,4,2,10,2,7,2,6,5,0,3,0,8,3,5,3,1,22,1,7,24,0,6,21,4,0,19,4,0,3,7,1,0,7,3,5,1,4,7,4,5,8,6,0,8,8,7,1,3,0,16,1,4,6,9,7,5,0,2,7,9,3,2,2,0,3,0,0,9,1,20,3,4,20,0,5,3,2,9,0,13,5,20,6,9,5,1,0,8,5,0,7,1,0,6,0,2,3,3,2,1,2,2,6,9,0,1,0,0,3,2,4,0,4,8,0,3,4,34,4,2,12,2,1,3,6,1,15,2,5,1
0,7,4,1,17,2,0,5,1,6,8,2,1,0,11,14,7,5,3,1,0,2,6,0,2,12,3,19,0,8,1,7,1,1,0,3,4,8,0,0,0,6,11,8,1,0,8,4,4,0,0,0,17,3,0,3,18,10,13,0,1,5,31,0,2,2,0,11,3,0,1,1,1,4,5,6,1,3,1,0,14,5,1,7,13,6,3,8,0,0,1,3,3,4,3,0,0,0,1,12,3,10,4,4,1,0,10,0,0,0,0,4,0,1,1,3,13,2,0,0,7,1,2,12,15,7,4,7,4,7,0,1,4
1,54,1,1,1,0,5,0,1,20,3,17,4,8,1,11,0,44,12,9,11,0,0,24,4,2,13,4,8,0,16,10,3,19,6,2,14,8,11,0,2,0,18,7,26,20,2,2,0,18,0,9,3,19,0,17,12,8,36,28,2,12,11,2,19,11,25,3,24,7,4,0,7,31,1,9,12,31,0,10,12,20,3,6,1,1,10,4,23,39,0,2,15,3,11,25,0,4,6,19,1,11,37,1,8,0,1,24,0,51,12,10,48,7,4,7,7,13,18,0,5,28,10,1,1,19,23,14,0,5,33,8,4
0,17,1,0,0,1,0,0,0,2,3,17,0,9,0,4,0,14,22,0,27,2,0,2,0,0,0,0,1,16,0,20,2,9,5,3,12,1,0,0,1,1,17,0,21,18,0,1,0,3,0,5,0,13,0,7,1,0,8,20,4,5,7,0,8,4,28,4,15,5,0,5,0,9,0,11,17,7,4,3,18,4,3,3,0,0,3,0,36,16,0,1,3,0,6,10,0,7,4,6,3,1,6,1,5,0,0,15,0,3,13,5,10,2,0,15,10,5,9,0,0,16,9,0,6,1,16,0,0,0,9,1,1
6,21,15,2,6,9,7,12,22,28,2,15,7,0,26,3,6,32,1,3,43,8,4,10,10,10,21,3,7,10,20,0,1,8,10,37,3,4,3,2,5,2,55,2,13,0,25,0,11,2,3,2,7,2,0,2,20,8,11,19,8,15,88,29,1,18,31,4,26,0,0,22,1,10,1,12,0,1,8,0,35,2,29,9,6,5,7,12,1,0,1,4,0,16,7,34,3,0,30,3,3,24,16,15,26,2,20,4,2,0,0,3,2,13,2,12,0,0,10,0,4,2,3,25,19,16,3,2,1,8,5,3,7
4,1,1,19,3,24,0,5,6,4,13,1,2,0,4,3,7,0,0,0,0,2,5,2,4,4,2,7,1,3,2,1,0,0,1,5,4,6,0,0,15,10,8,2,4,0,4,10,4,0,16,0,10,0,7,6,13,7,3,0,0,10,8,9,0,0,0,11,1,0,3,16,1,1,33,2,0,0,7,0,25,0,0,0,5,10,7,7,0,0,6,12,0,5,0,0,17,0,1,0,5,3,0,6,7,2,11,1,6,0,0,0,0,7,0,9,0,0,0,0,12,0,4,14,2,2,0,4,38,9,0,1,2
0,4,1,0,0,0,11,4,0,2,0,20,0,28,6,3,3,55,2,0,25,0,0,29,6,2,6,1,1,19,9,8,0,0,2,1,9,0,11,0,0,6,7,2,5,50,3,0,1,10,0,15,1,23,0,3,6,0,32,52,16,1,0,2,0,20,79,10,25,18,2,0,3,44,0,2,8,0,0,13,3,14,0,3,2,2,5,3,15,17,0,2,2,12,31,14,0,2,7,6,1,3,16,0,15,0,2,51,0,42,28,4,19,0,5,6,1,7,6,0,2,26,7,4,5,10,15,11,0,0,8,4,1
0,6,3,0,3,1,1,0,0,8,2,16,0,5,6,19,3,15,3,5,1,0,2,18,9,8,8,0,0,6,5,10,1,2,0,3,2,4,9,0,2,1,7,5,2,18,0,2,3,8,0,4,1,8,0,15,8,2,22,18,0,36,5,0,10,15,2,4,16,0,1,1,2,10,6,6,12,29,3,1,10,0,1,7,2,2,7,0,5,10,0,3,7,9,1,10,0,1,42,3,0,36,8,3,16,3,1,4,0,6,1,1,9,1,3,11,27,1,12,0,4,10,2,0,1,9,8,16,3,1,7,19,2
0,4,9,1,9,5,19,13,2,22,5,3,0,0,5,4,0,20,1,3,0,2,6,1,4,6,2,7,3,2,3,37,5,1,3,0,3,2,6,0,0,6,8,3,5,7,24,5,1,0,11,0,11,3,0,5,13,13,7,0,5,4,18,0,5,11,1,3,8,0,1,3,13,0,0,13,1,6,1,0,12,1,11,2,16,2,5,11,1,0,7,1,1,2,5,0,1,0,4,7,7,12,6,1,1,0,1,0,1,0,0,1,3,7,0,11,23,1,2,7,7,4,4,4,1,1,0,10,0,2,2,0,4
1,3,1,1,1,4,5,1,2,9,3,4,0,10,9,2,1,11,7,1,12,3,0,2,3,1,6,3,4,14,12,3,4,9,2,3,0,0,2,0,3,5,6,8,5,8,6,3,0,8,0,0,1,0,8,1,0,3,5,2,0,3,7,0,1,10,6,2,16,1,2,9,3,10,0,4,6,2,7,1,4,5,1,4,2,2,1,1,13,8,0,3,4,5,0,2,0,1,1,11,0,3,4,1,13,2,0,8,0,0,6,9,5,4,0,5,1,3,3,0,7,7,9,3,2,9,2,4,0,0,3,6,1
10,2,0,1,3,1,0,2,1,3,7,0,0,0,9,6,0,6,1,8,2,4,2,0,4,2,0,5,8,8,1,4,6,0,4,2,0,0,1,7,2,11,3,0,3,0,1,2,0,1,1,0,1,0,24,1,0,8,2,0,0,1,7,3,3,2,2,8,1,0,2,4,7,5,9,7,0,0,10,0,3,0,16,2,8,1,8,4,0,0,3,2,0,2,1,5,4,0,1,0,3,3,0,5,4,0,5,1,6,0,0,3,1,4,0,3,0,0,1,0,7,1,3,7,11,5,1,0,13,17,0,5,7
0,2,1,0,1,2,2,1,0,4,2,13,0,2,3,6,6,11,0,1,0,4,1,21,0,2,9,1,0,11,0,3,0,11,9,6,2,1,0,0,2,1,6,5,2,16,3,0,3,2,0,2,0,10,0,5,2,0,14,5,1,2,1,0,10,3,32,0,9,3,6,0,0,6,0,5,3,2,1,1,0,15,4,0,2,6,5,0,4,1,0,1,2,3,0,3,0,0,4,0,0,2,0,0,0,0,0,1,0,3,7,3,4,6,2,2,3,2,1,0,0,0,8,1,1,7,3,1,0,0,0,1,0
10,0,18,2,1,1,10,3,10,0,0,0,23,0,0,0,3,0,0,0,0,4,0,0,6,1,1,4,0,0,0,2,0,0,0,0,0,7,0,0,5,3,0,0,9,0,3,0,4,0,2,0,5,0,89,0,1,5,0,0,0,0,0,2,0,3,0,0,0,0,0,1,0,0,4,0,0,0,0,0,0,0,12,0,0,0,3,2,0,0,22,32,0,0,0,0,16,0,0,0,3,0,0,6,0,1,1,1,22,0,0,0,0,0,0,6,0,0,0,0,0,0,0,0,1,0,0,0,16,20,0,0,10
6,3,0,6,2,15,5,23,9,0,1,0,10,0,5,1,11,0,0,5,0,4,7,0,1,14,1,7,0,2,1,5,15,0,2,0,3,2,2,5,0,6,17,0,3,0,14,7,9,0,12,0,11,0,4,3,12,1,5,0,0,13,3,6,0,0,0,15,0,0,4,2,4,0,6,3,0,2,13,0,4,0,4,2,5,2,2,3,0,0,19,12,1,1,0,9,16,0,1,0,3,0,0,6,4,3,1,1,5,0,0,1,1,0,4,2,0,0,2,1,5,0,0,5,7,2,0,0,4,0,3,7,7
1,4,8,8,3,5,6,6,7,8,9,0,2,0,6,1,11,2,2,41,0,4,9,1,5,12,2,4,6,0,1,2,10,6,1,6,5,11,1,3,6,0,4,4,2,0,7,4,9,1,11,0,7,0,0,3,26,7,2,1,0,4,13,0,3,3,1,4,2,0,6,5,21,8,4,20,1,1,8,0,16,0,4,0,10,5,4,7,0,0,0,2,5,11,0,7,7,0,2,0,21,6,0,5,9,1,2,3,2,0,0,2,1,11,0,3,3,0,0,5,15,0,2,8,21,7,1,6,7,8,6,8,7
3,29,2,2,8,6,12,6,6,31,10,15,3,0,10,6,6,21,3,8,16,4,5,7,3,8,3,5,11,18,17,55,8,7,7,8,6,3,6,0,17,4,0,8,11,5,45,2,0,3,7,0,3,2,0,7,23,1,15,6,8,1,19,1,4,7,11,11,7,2,7,18,9,14,4,15,5,0,18,0,30,4,10,4,12,2,9,10,1,13,6,4,9,19,5,9,1,1,23,1,7,10,8,3,13,0,3,9,1,2,2,8,7,25,0,19,0,12,3,0,2,10,12,11,11,5,6,1,0,2,10,8,16
0,0,0,0,3,0,0,1,0,6,9,0,2,0,5,3,0,2,7,3,2,2,3,1,0,4,4,8,8,7,0,2,2,2,5,3,8,0,5,0,0,4,8,0,0,0,4,0,0,2,1,0,2,1,0,20,20,2,8,0,4,2,4,2,3,4,0,0,0,0,11,3,15,11,0,9,0,5,0,0,25,0,2,6,4,1,7,4,0,0,0,0,4,2,0,2,0,0,3,10,0,3,3,0,6,0,0,0,0,0,0,0,6,3,0,3,3,0,4,0,4,2,1,0,2,10,4,15,0,0,6,0,4
4,2,4,2,7,2,2,3,1,3,0,12,2,5,4,4,2,19,16,0,11,2,6,1,0,9,6,6,1,26,21,13,4,5,2,5,5,3,2,9,3,2,11,0,0,3,3,0,0,22,0,1,4,10,3,4,5,6,10,1,1,5,4,0,0,3,19,1,15,4,6,0,2,2,3,3,6,0,1,0,1,13,4,2,4,3,6,5,8,32,2,2,3,3,0,1,1,8,6,2,0,5,9,3,1,3,1,11,1,21,22,9,8,0,0,3,3,10,4,0,10,3,5,0,0,5,28,0,0,5,21,7,2
0,6,2,0,0,0,5,0,0,4,0,27,0,47,3,1,0,45,1,2,35,0,0,45,4,4,1,0,0,20,18,0,0,50,18,7,8,0,16,0,0,0,5,0,3,0,0,0,1,16,0,31,0,31,0,2,6,9,15,58,16,0,4,0,2,17,192,0,32,24,3,0,3,80,0,1,8,0,0,8,2,42,0,0,1,1,6,0,13,53,0,0,12,0,96,28,0,16,8,3,0,12,43,0,2,0,0,169,0,43,48,9,18,4,15,3,0,14,29,0,0,13,10,0,0,2,7,0,2,0,14,0,0
14,2,2,7,12,0,5,3,9,21,11,2,38,0,18,1,11,3,2,7,5,12,9,0,4,5,0,8,8,2,0,25,4,3,0,24,6,1,3,3,14,7,45,4,3,0,0,2,24,2,6,0,5,0,3,4,18,2,2,6,0,5,6,18,0,3,0,13,4,0,3,7,2,0,0,4,0,0,7,0,18,1,13,5,7,10,1,5,2,0,15,10,0,10,0,1,5,0,2,0,0,5,5,4,6,12,1,0,8,0,0,2,1,3,0,1,1,0,0,3,10,1,3,10,4,8,0,7,0,1,0,1,8
2,0,3,2,2,15,3,7,0,2,3,0,4,0,6,1,11,1,0,4,0,3,7,0,0,18,2,8,4,2,1,0,10,0,2,5,3,2,0,0,7,4,2,0,0,0,2,0,8,0,0,0,9,0,12,7,6,7,0,0,0,7,3,2,0,1,0,2,0,0,3,4,6,0,35,6,0,6,14,0,2,0,1,5,4,2,1,10,1,0,2,1,0,6,0,0,10,0,1,0,16,0,0,1,1,6,5,0,1,0,0,0,0,5,2,4,1,0,0,0,15,0,0,9,2,3,1,2,1,2,1,1,7
30,0,19,4,12,2,6,9,3,2,3,6,35,0,16,0,13,1,0,10,0,15,2,1,29,6,2,7,4,0,0,11,4,1,3,1,0,0,3,4,9,9,0,0,0,1,24,8,0,0,19,0,2,0,43,0,36,22,0,0,0,9,1,13,0,4,0,5,0,0,1,2,4,0,16,1,0,0,22,0,4,0,0,1,2,10,1,5,0,0,13,4,0,7,0,3,12,0,1,1,23,10,0,3,4,17,13,3,7,0,0,2,1,3,1,3,0,0,0,2,8,1,1,10,10,2,2,6,19,12,0,1,0
0,8,0,0,0,0,0,0,0,1,0,5,0,16,1,3,0,8,6,0,11,0,0,2,0,0,2,1,0,18,3,2,0,10,8,0,8,1,2,0,0,1,3,2,22,16,2,0,0,0,0,8,0,11,0,3,0,5,0,2,1,0,1,0,20,16,24,1,16,2,1,0,10,16,0,0,8,5,0,4,0,7,0,1,4,0,2,0,10,21,0,0,9,2,11,9,0,3,6,6,0,3,9,0,3,0,0,14,0,6,18,16,10,2,0,4,4,5,9,0,0,12,9,0,0,2,6,0,0,0,11,5,1
9,3,2,0,2,9,22,22,8,1,0,0,29,0,4,0,24,0,0,3,5,12,0,0,4,0,4,3,0,0,0,3,16,0,0,11,0,1,0,2,12,11,7,1,0,0,6,0,19,0,0,0,0,0,29,0,4,0,0,0,0,0,3,26,0,0,0,2,0,0,0,1,0,0,6,2,0,0,5,0,1,0,13,0,15,34,0,13,0,0,26,1,0,0,0,2,0,0,0,0,3,0,0,11,2,5,0,1,13,0,0,0,0,1,0,0,0,0,0,0,0,0,0,9,0,0,0,1,8,4,1,0,9
0,7,1,0,0,0,0,0,0,4,0,13,0,8,0,3,0,10,2,0,5,0,0,7,4,0,2,0,0,9,5,2,0,15,4,0,0,0,2,0,0,0,0,0,1,31,0,0,0,8,0,0,1,18,0,0,0,1,14,37,2,0,5,0,0,7,39,0,3,7,0,0,0,9,0,3,8,0,0,4,0,1,0,0,0,0,4,2,4,22,0,0,4,0,7,4,0,1,3,3,0,3,10,0,1,0,0,39,0,9,3,4,5,0,2,1,0,12,7,0,0,2,3,1,0,5,4,0,0,0,3,0,0
0,3,25,13,2,5,4,7,6,3,10,1,4,0,6,1,1,4,0,11,0,8,4,0,3,7,12,16,17,3,0,7,10,1,1,11,1,1,0,5,11,7,3,2,4,0,5,9,2,0,0,1,0,0,0,2,15,12,0,1,0,4,8,3,1,11,1,4,1,0,0,10,6,0,1,2,0,1,3,0,4,4,0,0,3,3,3,20,0,0,12,11,0,5,0,0,5,0,0,0,1,9,1,2,9,6,3,3,0,0,0,1,0,3,0,5,1,0,1,0,7,1,1,19,10,2,2,2,0,23,1,13,4
0,4,0,0,0,1,5,1,0,5,0,13,7,8,0,8,1,39,11,1,7,0,0,22,1,2,4,1,3,19,13,2,0,23,8,3,0,0,10,0,0,0,2,1,10,31,0,0,0,11,0,18,0,0,1,3,2,1,4,33,7,8,2,0,16,21,28,3,11,17,3,0,0,26,0,1,26,4,0,16,0,11,0,1,5,0,3,0,13,42,0,0,10,0,8,12,0,6,6,8,0,4,11,0,10,0,0,16,0,49,19,8,8,0,2,2,6,1,20,0,0,23,8,1,0,24,16,0,0,0,25,0,0
46,0,1,9,0,16,15,42,20,0,0,2,50,0,0,0,2,0,0,0,0,18,0,0,5,3,1,4,0,0,0,0,7,0,0,0,8,24,0,89,4,0,0,0,3,0,3,12,43,0,29,0,0,1,0,0,6,2,1,0,0,0,0,57,0,3,0,2,0,0,0,0,0,0,22,0,0,0,4,0,0,0,37,0,3,7,2,4,0,0,42,32,0,0,0,0,19,0,0,3,13,0,0,32,4,19,5,0,22,0,0,0,1,0,2,8,0,0,0,0,1,0,0,6,18,0,0,0,28,5,0,0,17
0,9,0,0,0,0,2,6,3,16,7,3,10,0,3,11,1,1,9,5,5,0,6,4,3,13,6,6,3,17,7,2,6,3,15,5,1,1,5,0,3,3,7,20,4,2,4,7,0,3,0,0,2,3,0,0,5,0,15,1,6,40,19,0,4,11,0,0,0,0,5,2,8,62,0,23,2,16,4,2,11,0,2,4,2,4,9,0,2,0,1,0,13,1,0,9,0,0,8,8,0,2,1,0,6,0,3,0,0,0,0,3,9,3,0,7,6,2,1,0,3,12,7,0,2,14,8,74,0,2,12,7,1
3,1,13,4,12,1,15,11,6,9,9,3,11,0,11,3,12,6,26,2,1,14,6,0,10,6,10,9,18,12,1,20,13,6,8,13,0,0,2,1,12,26,23,20,5,6,18,6,36,0,4,0,15,2,6,5,0,15,6,0,0,1,40,3,0,8,11,7,13,0,2,11,6,13,4,5,1,3,15,0,22,1,6,5,5,21,10,13,1,0,10,1,2,10,0,6,2,0,4,5,1,4,0,1,2,0,0,4,3,0,0,0,3,24,12,8,2,0,0,3,11,0,3,29,6,9,2,4,7,16,5,11,15
1,2,11,0,5,4,4,0,0,5,7,1,14,0,4,1,1,6,1,1,0,5,2,0,14,13,7,7,10,8,0,8,7,0,2,13,3,8,0,5,1,7,1,2,6,9,2,7,22,5,0,1,12,1,2,0,15,0,1,1,0,2,8,12,1,6,0,1,4,0,1,11,4,2,3,0,0,3,5,1,10,2,3,1,4,1,9,4,0,0,1,1,1,14,2,0,5,0,1,5,6,3,3,5,4,2,17,1,12,0,0,5,2,1,0,2,1,0,1,0,13,0,0,2,11,3,1,9,1,3,0,16,2
1,41,0,0,5,0,2,1,3,28,1,29,1,10,3,15,9,11,5,1,13,1,0,24,2,4,9,5,13,36,8,11,3,32,22,7,5,2,14,0,5,2,15,8,10,15,2,0,0,0,0,14,0,4,1,15,6,1,0,19,5,18,7,0,13,18,15,8,11,0,7,1,3,42,0,6,15,26,1,32,12,31,5,23,3,1,20,4,15,6,5,2,15,6,11,16,2,0,3,21,1,12,6,6,9,0,4,24,0,7,12,16,15,9,3,14,17,10,34,0,2,24,13,11,9,45,18,12,1,0,10,17,6
0,9,1,0,0,0,0,1,0,5,0,33,4,31,1,0,0,68,4,0,22,1,0,23,2,0,0,0,0,28,20,19,0,52,18,0,2,0,5,0,0,1,6,0,1,58,6,0,0,2,0,37,1,33,0,1,0,1,19,0,2,1,6,0,0,46,89,1,23,11,0,3,3,32,0,0,9,0,1,40,3,21,0,3,0,1,11,0,13,42,0,1,10,0,23,28,0,10,7,6,0,2,34,0,2,0,0,80,0,31,18,8,9,2,9,2,0,9,13,0,0,29,24,0,4,13,18,0,0,0,13,3,0
0,1,0,0,4,0,0,2,0,2,1,2,0,21,1,0,0,13,2,0,6,0,5,3,2,0,1,2,1,2,4,8,0,16,0,5,0,0,1,0,0,0,8,4,1,16,0,0,0,1,0,2,0,7,0,6,0,0,5,2,0,1,5,0,5,2,33,0,6,1,0,0,2,5,0,3,6,2,0,3,0,6,0,5,0,5,1,0,5,10,0,0,0,6,6,9,2,0,6,0,0,0,4,0,1,0,0,25,0,1,4,1,1,0,4,8,4,3,18,0,0,0,1,0,1,8,2,3,0,1,11,0,0
0,3,3,1,4,2,0,10,2,21,12,32,9,0,4,13,3,0,2,6,1,1,6,3,2,11,12,7,5,12,5,15,10,1,36,4,3,1,2,0,13,4,1,2,5,0,5,7,9,0,0,0,4,8,0,40,1,2,18,1,1,0,15,0,11,18,0,13,3,0,32,3,13,60,1,10,0,5,4,0,19,2,4,9,4,0,4,3,0,0,2,4,25,4,0,3,0,0,18,6,0,5,1,0,7,2,2,8,0,0,0,3,7,3,2,22,9,2,11,0,14,19,3,4,1,17,3,12,1,10,8,9,11
1,12,33,2,2,7,6,10,17,12,2,7,4,0,12,5,13,14,1,1,10,3,0,7,3,24,8,9,31,11,7,88,8,0,5,18,7,7,1,0,3,13,19,4,4,4,6,3,1,1,3,5,8,2,0,19,40,8,7,6,5,15,0,8,0,14,4,4,7,0,2,19,14,5,17,9,0,0,11,0,10,0,14,6,4,10,8,7,0,0,4,8,10,7,0,8,0,0,6,2,11,21,3,4,12,0,6,6,0,0,0,3,5,7,3,23,0,0,4,0,5,2,4,31,11,19,2,6,2,5,7,7,6
5,1,24,11,0,15,9,8,3,4,2,0,12,0,2,0,1,0,0,2,0,16,5,0,32,10,3,3,0,2,0,29,9,2,0,0,0,3,0,2,6,0,1,2,0,0,18,2,13,0,26,0,3,0,57,0,3,12,0,0,0,0,8,0,0,2,0,5,2,0,1,0,2,1,14,0,0,0,4,0,4,0,11,2,4,21,0,10,0,0,5,1,0,0,0,0,7,0,1,0,0,0,0,1,1,21,9,0,5,0,0,2,2,1,0,3,0,0,0,0,9,0,1,6,4,1,0,0,14,8,0,1,2
0,0,0,0,0,0,1,0,0,8,0,5,0,0,0,29,0,1,14,1,0,1,2,0,0,3,1,2,2,19,8,1,0,0,10,5,1,3,10,0,0,3,4,3,0,2,0,0,0,20,0,0,1,16,0,4,0,1,13,0,5,11,0,0,0,10,0,0,0,0,0,0,3,5,0,10,1,87,0,3,4,0,0,10,11,0,3,0,0,0,0,0,23,2,0,2,0,0,7,2,0,21,3,0,2,0,0,1,1,0,0,7,13,1,0,5,105,1,6,0,4,18,0,0,0,3,11,3,0,1,12,0,3
0,24,3,0,1,0,6,3,0,11,4,10,10,13,1,17,3,15,6,1,15,1,2,23,2,6,7,2,2,11,4,18,0,20,15,11,10,2,3,3,0,3,7,4,3,17,3,1,4,16,0,7,11,21,3,11,8,6,18,46,2,18,14,2,10,0,13,3,9,9,2,2,1,7,3,6,11,5,6,1,5,9,0,10,1,0,14,1,4,29,4,4,12,3,4,13,0,4,16,6,0,18,8,0,2,4,1,11,0,5,12,5,4,1,3,12,6,2,15,0,9,11,11,2,0,14,8,4,2,2,15,0,3
0,8,0,0,0,1,0,0,1,1,0,42,0,78,1,0,0,70,9,1,43,4,0,85,1,2,2,0,0,25,28,31,0,79,2,1,6,2,32,0,0,1,11,0,19,192,0,0,0,24,0,39,1,28,0,0,11,0,15,89,33,0,4,0,0,13,0,0,40,30,0,2,2,93,1,3,22,0,5,34,0,40,2,1,2,0,6,2,20,70,0,0,10,0,121,38,0,18,1,5,0,4,38,0,6,0,1,207,0,37,38,10,14,0,20,20,0,20,31,0,0,40,28,0,8,6,24,0,0,3,28,4,6
1,0,5,3,0,19,1,8,6,22,0,3,0,0,7,4,12,2,1,5,5,1,3,3,0,4,10,3,11,3,4,4,11,10,4,3,2,8,0,0,15,4,11,0,1,0,13,2,5,1,2,0,4,3,2,0,7,1,8,1,0,13,4,5,0,3,0,0,4,0,0,5,4,5,3,6,10,0,6,0,25,2,2,5,5,3,3,5,3,0,0,1,0,10,0,0,3,0,5,0,2,0,11,2,11,0,14,4,0,0,0,0,4,1,1,1,0,0,5,0,17,3,6,5,4,0,12,1,9,4,5,14,6
0,20,3,0,3,1,1,3,1,8,0,8,0,11,6,1,2,41,20,0,12,2,0,9,3,0,0,0,3,24,15,26,1,25,16,8,16,1,9,0,0,2,7,0,15,32,4,0,0,16,0,3,1,11,0,0,13,4,11,23,6,3,7,2,0,9,40,4,0,4,1,0,12,23,0,10,21,0,1,9,10,16,5,0,2,0,6,2,15,24,0,0,19,2,20,7,3,15,7,6,0,1,18,3,4,1,1,28,0,7,17,11,9,1,1,1,0,4,24,0,1,6,26,6,2,0,5,3,2,0,21,5,2
0,0,0,0,0,0,0,0,0,0,0,9,0,4,0,0,0,25,2,0,9,0,0,5,0,0,0,0,0,7,5,0,0,18,0,0,1,0,3,0,0,0,2,0,4,24,0,0,0,2,0,7,0,17,0,0,0,0,0,11,1,0,0,0,0,9,30,0,4,0,0,0,0,30,0,0,2,0,0,13,0,7,0,0,0,0,0,0,4,20,0,0,6,0,5,4,0,6,3,1,0,0,3,0,0,0,0,9,0,24,6,2,16,0,2,0,0,3,3,0,0,17,1,0,0,0,3,0,0,0,5,0,0
0,0,9,1,0,1,0,0,1,5,6,2,3,0,6,2,0,2,2,13,0,2,4,1,0,4,10,9,1,4,0,0,3,2,1,1,2,2,6,0,4,6,7,11,6,3,3,3,1,1,0,0,0,3,0,5,2,1,7,0,0,32,2,1,0,2,0,0,1,0,0,11,24,8,0,15,1,2,5,0,6,0,0,5,16,0,7,4,2,0,1,1,1,2,0,0,1,0,1,4,0,2,0,0,7,1,0,1,0,0,0,4,0,14,0,17,6,0,3,0,26,2,6,1,1,13,6,27,0,3,2,4,1
0,0,5,1,1,3,8,2,1,2,11,1,0,0,4,0,19,1,4,0,5,25,5,0,2,9,5,1,1,0,5,22,16,0,1,3,9,4,0,1,2,5,18,3,0,0,7,4,2,0,1,0,10,0,0,2,11,11,1,3,0,3,19,0,0,2,2,5,0,0,11,0,1,5,8,3,0,0,39,0,11,0,8,5,1,6,3,20,0,0,5,10,0,7,0,3,0,0,3,0,16,1,0,4,1,1,6,1,0,0,0,2,4,4,0,13,0,4,3,0,8,3,1,15,19,11,0,1,17,8,1,6,12
0,7,7,0,7,6,2,3,4,13,5,4,6,0,18,2,6,0,4,35,9,1,6,1,5,16,7,20,1,7,0,1,1,3,2,13,3,7,0,0,4,21,9,15,2,3,2,6,4,10,0,0,6,0,0,8,6,4,3,3,2,13,14,2,3,1,2,4,12,0,24,1,0,5,5,16,0,5,7,0,21,0,5,12,9,11,6,2,2,0,0,1,3,11,0,0,0,0,2,9,0,2,5,0,11,3,0,0,2,0,0,5,6,18,0,22,10,0,3,7,11,4,6,4,10,2,1,17,0,0,11,8,9
0,42,2,1,6,0,10,1,0,3,3,29,0,16,6,8,0,38,9,7,8,0,1,12,0,2,11,3,4,31,9,10,1,44,10,0,10,5,6,0,0,8,14,11,2,80,0,0,0,16,0,9,0,26,0,62,13,2,42,32,5,60,5,1,5,7,93,5,23,30,8,5,5,0,0,15,35,9,1,26,13,38,0,15,5,1,12,1,9,33,0,1,9,2,28,34,0,13,28,1,0,10,30,0,2,0,2,49,0,47,8,8,25,5,2,14,6,12,15,0,5,19,9,1,13,49,13,47,0,2,17,19,4
5,0,0,15,0,16,7,11,11,0,1,0,11,0,8,1,6,3,0,1,0,3,0,1,7,6,1,4,5,1,0,1,33,0,6,0,0,9,0,4,6,4,4,0,3,0,0,35,16,0,6,0,1,0,22,0,4,3,0,0,0,1,17,14,0,3,1,3,0,0,0,8,5,0,0,10,0,0,16,0,2,0,1,0,1,2,3,10,0,0,9,15,0,0,0,0,14,0,0,0,13,5,0,1,3,3,22,0,24,0,0,0,0,0,1,3,0,0,0,0,2,0,0,3,1,11,0,0,13,28,5,1,12
0,9,0,0,11,10,0,4,3,11,6,4,0,0,18,12,6,4,4,10,0,1,9,0,2,7,6,20,6,9,11,12,2,2,6,13,4,7,5,0,3,20,15,9,3,1,4,6,1,0,2,3,2,1,0,23,5,0,6,0,3,10,9,0,10,6,3,6,10,0,15,3,16,15,10,0,0,16,1,2,24,4,3,9,7,2,28,1,0,0,0,1,7,13,0,2,0,0,5,8,0,10,10,1,6,0,0,0,0,0,0,9,7,11,0,11,26,6,2,1,26,7,5,2,5,6,12,14,3,3,2,3,6
0,5,0,0,0,0,2,1,0,3,0,15,0,5,1,4,0,18,11,1,10,0,0,8,0,0,3,0,1,12,17,0,0,8,12,1,6,0,3,0,0,1,5,0,6,8,0,0,0,8,0,8,0,26,0,2,1,0,15,9,6,0,0,0,1,11,22,10,21,2,1,0,0,35,0,0,0,5,0,8,0,7,0,0,1,0,0,0,21,44,0,0,13,2,8,2,0,3,5,5,0,0,7,0,4,0,0,17,0,15,11,2,7,0,5,4,2,5,15,0,0,18,7,0,0,0,17,1,0,0,33,0,0
0,0,2,0,0,0,0,0,0,16,3,0,0,0,1,21,0,2,2,5,0,2,2,0,1,7,1,5,3,31,7,1,0,0,29,6,2,0,2,0,2,1,0,5,0,0,0,6,0,5,0,0,1,4,0,16,3,3,26,0,2,5,0,0,87,5,0,0,0,0,2,0,5,9,0,16,5,0,2,4,10,0,0,3,10,0,13,1,11,0,7,0,25,0,0,1,0,0,5,6,0,16,7,0,2,2,0,0,0,0,0,2,7,5,0,8,77,2,4,0,0,25,1,0,0,3,8,13,0,0,19,0,0
0,1,11,23,2,9,2,4,13,0,7,3,2,0,13,0,13,2,0,0,2,14,4,0,8,1,2,3,1,0,4,8,7,0,3,1,7,10,1,0,13,8,18,0,1,0,7,14,22,0,5,0,3,0,4,4,15,5,1,1,0,4,11,4,0,6,5,6,1,0,5,39,7,1,16,1,0,2,0,0,5,0,0,3,0,12,7,10,0,0,15,3,0,1,0,2,5,0,0,0,26,0,0,3,8,12,1,4,1,0,0,1,1,2,0,15,0,5,0,0,5,0,0,12,11,6,0,0,43,1,0,1,14
0,0,0,0,0,0,1,0,0,2,2,9,0,14,0,4,0,16,2,0,14,0,0,2,0,0,4,2,0,10,3,0,0,13,1,0,1,0,1,0,0,0,0,0,0,8,0,0,0,4,0,4,0,16,0,2,0,1,32,40,3,0,0,0,3,1,34,0,9,13,0,0,0,26,0,2,8,4,0,0,3,5,0,0,0,0,0,0,0,11,0,0,15,0,2,7,0,1,0,4,0,1,7,0,3,0,0,12,0,6,3,7,30,0,5,8,0,0,10,0,1,34,6,0,0,0,3,0,0,0,9,0,0
0,7,1,0,7,16,3,3,2,21,9,9,0,0,14,13,16,1,6,13,10,2,5,0,7,13,2,9,14,12,18,35,25,3,10,12,4,3,0,0,4,16,30,25,1,2,18,2,4,0,1,0,4,0,0,11,22,10,12,3,0,19,10,4,4,5,0,25,10,0,6,11,21,13,2,24,0,10,5,3,0,5,17,18,13,3,2,3,2,0,0,9,3,6,0,2,0,0,18,9,3,2,8,5,2,1,0,0,1,0,0,3,5,14,2,18,9,0,13,1,8,2,8,7,6,9,9,17,3,9,9,4,7
0,26,2,0,2,0,0,0,0,1,1,7,0,24,0,5,0,27,5,0,32,0,0,11,0,0,12,0,5,20,4,2,0,14,0,1,5,0,15,0,0,0,4,0,13,42,1,0,0,7,0,1,4,11,0,0,1,2,31,21,6,2,0,0,0,9,40,2,16,7,0,0,0,38,0,4,7,0,0,5,5,0,0,0,2,0,1,0,10,7,0,0,4,4,16,11,0,16,1,10,0,3,14,0,6,0,2,37,0,23,39,4,12,0,3,5,0,5,11,0,0,5,2,3,0,0,10,0,0,0,18,2,2
7,0,4,7,2,13,21,26,48,6,3,2,1,0,5,0,15,0,1,0,5,10,10,0,0,7,5,13,1,3,3,29,0,0,1,11,1,16,4,12,4,4,10,2,4,0,13,1,0,0,13,0,0,0,37,2,6,3,5,0,0,4,14,11,0,0,2,2,5,0,0,8,5,0,1,3,0,0,0,0,17,0,0,7,3,2,2,11,0,0,12,1,0,5,0,0,0,0,1,1,7,4,1,11,5,0,0,3,10,0,0,0,2,3,1,3,0,0,2,0,6,0,0,0,14,1,2,0,0,17,1,0,7
2,3,0,6,1,2,3,3,3,10,3,3,1,0,1,6,1,8,1,2,5,1,0,8,0,8,4,5,7,6,3,9,0,3,7,2,4,2,0,0,2,0,4,6,2,0,5,5,1,1,0,0,0,1,0,4,5,1,23,3,5,9,6,2,10,10,1,5,0,0,5,5,12,15,0,9,0,3,3,0,18,0,7,0,2,0,1,2,0,0,0,0,6,2,0,7,0,0,2,2,3,18,4,0,11,0,1,9,0,0,0,0,5,2,0,10,12,5,4,0,2,0,1,4,15,3,5,2,1,1,3,9,6
4,1,8,1,6,1,4,3,6,7,13,2,4,0,3,4,11,9,1,36,2,4,5,3,11,14,4,20,13,1,0,6,5,2,2,16,2,8,2,0,5,10,12,4,4,1,7,4,2,4,15,0,3,5,3,2,5,4,3,0,0,4,4,4,11,1,2,5,2,0,16,1,9,5,1,7,1,10,0,0,13,2,3,2,0,3,5,7,1,0,3,2,2,10,0,1,15,0,1,4,0,2,2,4,3,1,3,2,1,0,0,2,3,3,1,8,10,1,2,7,30,2,0,3,3,5,0,14,0,2,0,7,3
3,0,21,16,1,8,0,5,5,1,5,1,0,0,5,1,9,6,7,0,1,3,3,2,0,17,2,6,6,1,0,5,10,2,2,2,2,1,6,0,2,5,2,1,3,1,10,2,10,0,34,0,3,0,7,4,21,1,1,1,5,0,10,21,0,0,0,3,0,0,0,6,11,1,2,2,0,0,12,0,3,0,2,0,3,0,0,9,0,0,8,4,0,2,0,0,2,0,1,2,1,1,0,15,3,5,4,3,0,0,0,0,0,2,0,1,4,0,0,0,1,0,1,16,2,4,1,2,8,1,1,3,0
5,50,4,5,0,0,5,3,1,8,1,7,15,0,3,4,9,7,3,9,1,2,0,5,3,7,1,9,3,10,3,7,7,5,7,5,1,8,5,3,2,4,9,7,6,6,1,1,1,2,0,4,3,3,2,9,10,9,20,11,1,4,8,0,3,14,6,3,6,0,7,3,6,12,3,28,0,13,7,0,2,1,2,1,5,0,0,1,0,0,5,4,5,10,6,9,0,0,1,5,0,8,4,1,5,1,1,4,8,0,0,1,3,4,1,16,5,2,5,0,3,2,2,1,0,5,7,4,0,1,6,2,1
0,7,4,14,5,16,23,17,7,2,0,0,0,0,10,1,26,3,1,0,0,28,5,3,1,6,2,5,8,4,0,12,7,3,0,11,1,4,0,2,3,7,10,4,5,0,5,10,5,0,13,2,20,0,4,0,13,4,4,0,0,3,7,10,0,1,2,5,2,0,4,20,2,1,10,1,0,1,10,0,3,0,11,2,7,9,1,0,1,0,11,0,2,2,1,1,16,0,0,0,8,1,1,14,5,0,14,2,0,0,0,1,2,4,0,2,0,0,0,0,7,0,0,10,3,8,1,0,0,3,0,4,5
0,0,0,0,0,0,0,0,0,6,1,9,0,15,0,0,0,25,1,0,12,0,0,2,0,1,4,1,0,23,36,1,0,15,5,1,13,0,4,0,0,0,1,0,8,13,2,1,0,10,0,4,0,13,0,2,1,0,15,13,5,0,0,0,0,4,20,3,15,4,2,0,2,9,0,0,21,11,0,0,2,10,0,0,1,0,0,1,0,35,0,0,8,0,2,1,0,6,7,2,0,0,6,0,2,0,0,11,0,27,9,10,4,0,2,0,5,8,8,0,0,8,6,0,0,0,22,3,0,0,24,1,0
0,0,0,0,0,0,0,0,0,0,0,26,0,6,0,0,0,25,14,0,6,0,0,15,0,0,7,0,0,39,16,0,0,17,10,0,8,0,1,0,0,0,13,0,32,53,0,0,0,21,0,22,0,42,0,0,0,0,6,42,10,0,0,0,0,29,70,0,24,20,0,0,0,33,0,0,44,0,0,11,0,7,0,0,0,0,0,0,35,0,0,0,13,0,10,7,0,20,8,17,0,0,25,0,8,0,0,60,0,54,33,12,10,0,1,8,0,16,29,0,0,16,19,0,0,0,9,0,0,0,31,0,0
25,0,2,4,5,2,5,0,4,0,6,2,17,0,9,0,1,0,0,0,0,5,8,1,6,1,1,8,1,0,0,1,6,0,0,7,0,3,0,22,19,0,6,0,2,0,15,2,13,0,26,0,12,0,42,1,10,1,5,0,0,2,4,5,0,4,0,0,0,0,1,5,0,0,9,0,0,7,15,0,0,0,12,0,3,8,5,11,0,0,0,0,0,0,0,0,12,0,0,0,0,2,0,6,0,22,1,4,20,0,0,2,0,1,0,6,0,0,0,0,2,1,0,9,2,2,0,0,9,6,0,0,8
16,2,9,10,0,25,5,23,5,4,7,0,12,0,4,0,16,3,1,1,1,2,1,0,13,4,5,5,3,2,1,4,12,2,3,1,3,2,1,32,12,2,4,0,2,0,10,1,4,0,1,0,11,0,32,0,1,1,2,1,0,4,8,1,0,4,0,1,0,0,1,10,1,1,15,1,0,0,3,0,9,0,1,0,2,4,4,0,0,0,0,0,0,4,0,2,0,0,5,0,2,1,0,8,3,7,61,0,6,0,0,0,0,1,1,0,0,0,0,0,4,3,0,2,4,2,1,1,13,3,1,0,2
0,3,0,0,0,0,1,0,0,6,1,10,5,25,0,7,1,10,7,1,11,0,3,17,0,3,3,0,3,15,3,0,0,2,7,1,4,0,2,0,1,5,9,4,3,12,0,0,0,9,0,4,0,10,0,13,2,1,15,10,0,25,10,0,23,12,10,0,19,6,1,0,3,9,0,7,13,25,0,15,3,4,0,6,2,0,5,2,8,13,0,0,0,2,10,5,0,12,6,6,1,7,8,0,5,0,2,14,0,2,2,7,2,1,1,6,7,3,15,0,3,9,3,1,0,27,9,15,0,2,10,3,3
0,8,3,0,3,9,2,7,4,11,3,6,0,0,14,9,17,5,1,8,0,3,2,3,3,6,12,7,4,3,0,16,5,12,9,2,5,2,3,0,1,11,19,2,3,0,10,6,7,2,0,0,5,0,0,1,10,14,6,0,6,4,7,0,2,3,0,10,2,0,2,7,11,2,0,13,2,0,1,0,6,4,5,2,10,2,10,2,0,0,0,4,2,0,1,1,3,0,1,0,1,6,2,1,8,1,6,0,0,0,0,5,5,3,2,13,0,2,0,0,7,3,7,13,6,5,7,6,1,1,3,8,7
0,3,0,0,0,0,1,0,0,3,0,10,0,20,1,0,0,33,6,1,16,0,0,24,0,0,1,1,3,11,6,7,0,31,1,5,0,1,0,0,0,0,5,0,0,96,0,0,0,11,0,7,0,8,0,0,0,2,11,23,6,0,0,0,0,4,121,0,20,5,0,0,0,28,0,0,8,0,0,2,0,16,0,0,0,0,6,1,2,10,0,0,10,1,0,15,0,3,0,1,0,1,19,0,1,0,1,68,0,25,4,3,3,0,7,5,0,5,8,0,1,5,16,8,0,1,11,0,0,0,1,0,0
0,27,0,0,0,0,7,0,0,5,0,17,0,10,2,2,0,28,4,0,19,0,0,4,0,0,20,0,0,25,10,34,0,14,10,0,2,5,3,0,9,7,9,2,1,28,1,0,3,9,2,4,0,12,0,9,6,0,16,28,9,3,8,0,2,13,38,0,7,4,0,3,0,34,0,2,2,1,2,7,2,11,0,7,1,0,9,1,1,7,0,2,5,1,15,0,0,12,6,4,2,10,12,0,4,0,1,31,0,5,43,20,12,0,4,13,1,4,7,0,2,10,8,8,2,5,6,1,0,0,8,2,2
0,0,15,6,8,2,11,11,7,2,7,1,27,0,0,0,0,1,0,0,0,11,6,0,11,7,0,6,0,0,0,3,17,0,0,1,0,4,0,16,16,7,1,0,1,0,5,10,12,0,0,0,5,0,19,0,2,5,2,0,2,0,0,7,0,0,0,3,3,0,1,0,0,0,14,0,0,0,5,0,0,0,0,0,15,2,0,16,0,0,12,0,0,3,0,0,0,0,0,0,2,0,1,2,3,1,10,0,5,0,0,0,0,0,1,2,0,0,3,0,4,0,2,1,0,0,0,1,9,3,0,3,6
0,0,0,0,0,0,0,0,0,0,0,5,0,26,0,0,0,10,0,0,12,0,0,5,0,0,0,0,0,4,7,0,0,2,1,0,1,0,0,0,0,0,1,0,8,16,0,0,0,3,0,1,0,6,0,0,0,0,0,10,0,0,0,0,0,4,18,0,15,6,0,0,0,13,0,0,3,0,0,1,0,16,0,0,0,0,0,0,6,20,0,0,12,0,3,12,0,0,0,3,0,0,4,0,1,0,0,8,0,2,9,6,4,0,1,1,0,3,7,0,0,6,7,0,0,0,19,0,0,0,8,0,0
0,11,1,1,0,0,1,0,0,32,6,3,3,0,4,9,1,21,4,2,9,0,0,8,6,1,12,2,1,6,4,30,1,7,42,4,1,1,4,0,1,2,23,3,6,8,2,1,1,6,0,3,0,6,0,8,4,1,3,7,6,18,6,1,7,16,1,5,7,3,1,3,2,28,0,5,5,5,0,0,18,1,1,2,1,1,1,0,7,8,0,5,6,1,0,6,0,0,0,2,1,23,7,1,5,1,0,0,0,2,3,14,1,5,2,8,15,5,9,2,7,6,1,2,0,3,8,4,0,1,12,0,3
0,2,0,1,1,0,1,0,1,2,10,9,0,4,1,2,3,13,7,0,2,1,7,0,0,8,6,3,12,19,6,3,0,6,3,7,11,0,0,0,0,0,1,10,2,3,0,0,1,6,0,3,0,8,3,8,5,5,21,6,0,6,2,0,2,6,5,0,6,1,4,0,9,1,0,8,5,6,0,4,9,10,1,2,4,2,5,0,2,17,0,0,6,0,1,4,0,3,2,0,0,3,5,0,2,0,0,2,0,12,11,8,13,0,2,8,9,4,13,0,3,14,9,0,0,6,6,5,0,6,7,0,0
6,0,0,9,0,3,1,4,2,2,3,4,0,0,2,0,4,0,1,1,4,12,1,0,2,3,2,3,3,1,3,3,5,1,0,7,0,3,0,3,3,21,7,0,0,0,0,16,23,0,3,0,1,0,13,0,1,6,1,0,0,0,11,0,0,0,0,2,0,0,0,16,0,0,13,0,0,0,26,0,3,0,7,3,0,1,0,8,0,0,0,2,1,1,0,2,2,0,1,0,0,2,0,6,0,0,9,1,0,0,0,0,1,11,0,8,0,0,1,0,1,0,0,8,7,6,0,0,27,0,0,5,7
0,14,3,1,0,1,2,3,1,26,11,12,2,0,6,16,1,26,1,3,6,2,1,12,4,6,6,2,10,11,1,24,3,3,36,12,3,3,2,0,0,6,10,3,5,12,5,0,10,3,0,3,9,4,0,2,4,3,12,2,0,5,21,0,21,18,4,0,1,0,2,1,2,10,5,10,0,16,0,1,2,3,4,18,2,1,8,1,0,0,2,1,7,6,1,10,0,0,23,3,2,0,6,2,10,0,12,5,1,0,0,1,4,4,4,3,13,0,2,0,11,4,2,11,1,28,11,3,0,0,5,0,3
0,19,1,0,0,0,0,0,0,3,0,22,1,17,0,2,0,27,3,1,10,1,2,18,2,2,3,1,4,37,6,16,0,16,8,6,4,0,0,0,0,0,8,3,9,43,5,0,0,9,0,10,1,11,0,1,0,3,6,34,4,1,3,0,3,8,38,11,18,3,0,0,5,30,0,10,7,7,0,7,8,14,1,4,2,0,4,1,6,25,0,0,8,2,19,12,1,4,7,5,0,6,0,0,3,0,0,36,0,37,12,11,15,10,3,14,5,2,11,0,3,13,10,3,4,2,7,2,0,1,15,2,0
30,1,1,11,1,33,20,3,7,3,7,2,3,0,2,5,10,0,0,1,1,5,0,0,1,12,2,2,4,1,1,15,6,0,3,1,1,5,0,6,6,5,3,0,3,0,4,1,3,0,11,0,2,0,32,0,1,5,6,0,0,0,4,1,0,0,0,2,3,0,0,4,0,0,1,1,0,0,3,0,5,0,11,0,4,15,1,14,0,0,6,8,0,1,0,0,2,0,1,0,6,2,0,0,1,1,6,2,2,0,0,0,3,7,0,14,0,0,0,0,4,0,1,10,11,0,0,0,9,1,0,0,4
1,7,8,6,2,4,2,6,2,10,8,3,4,0,5,13,2,11,5,23,4,1,7,1,12,12,8,2,1,8,5,26,7,15,16,1,13,4,0,0,4,9,13,6,1,2,6,1,4,3,2,1,9,10,4,6,2,4,9,2,1,7,12,1,2,2,6,11,4,0,7,1,11,2,3,6,4,2,8,3,2,6,5,11,3,3,5,5,2,8,0,3,5,8,1,4,3,1,5,2,0,10,3,1,0,2,9,3,0,0,0,8,5,2,1,9,8,0,11,0,5,4,2,5,6,19,9,5,1,5,0,12,5
5,1,7,1,1,16,2,0,1,3,5,0,23,0,1,0,8,0,0,2,0,0,0,0,9,1,2,6,0,0,0,2,2,0,3,0,2,0,0,1,3,1,0,0,3,0,12,6,17,0,5,0,6,0,19,0,0,2,0,0,0,2,0,21,0,4,0,0,1,0,1,1,3,0,3,0,0,2,12,0,1,0,0,0,1,5,1,0,0,0,22,7,0,1,0,0,1,0,1,0,0,0,0,1,2,0,2,3,6,0,0,0,2,0,0,6,2,0,0,0,1,0,0,0,0,1,0,0,38,15,0,0,1
16,0,8,7,3,24,10,5,2,7,0,0,0,0,8,0,18,4,0,5,0,22,2,1,10,5,2,9,10,1,0,20,11,2,1,1,0,5,0,1,1,2,3,0,1,0,1,5,13,0,0,0,3,0,5,3,0,17,4,0,0,2,6,9,0,1,1,14,1,0,0,6,0,2,22,0,0,0,1,0,0,2,0,1,3,4,1,14,0,0,1,61,2,6,1,1,10,0,0,0,9,12,0,6,9,2,0,0,3,0,0,0,1,1,0,1,0,0,0,0,5,0,0,7,3,0,0,0,15,7,0,5,5
0,12,3,0,0,2,0,0,0,2,0,43,5,45,0,0,0,61,18,0,8,0,0,44,1,2,11,0,0,24,15,4,1,51,4,0,8,1,1,1,1,3,9,0,11,169,0,0,3,14,1,39,3,16,0,0,4,1,24,80,25,8,6,0,1,11,207,4,28,9,1,1,0,49,0,0,17,0,4,12,0,37,3,9,2,3,4,2,11,60,4,0,14,0,68,31,0,8,0,2,1,5,36,2,3,3,0,0,1,41,35,10,3,1,21,6,0,11,37,0,1,17,18,2,2,24,9,0,1,1,5,2,2
16,0,1,2,0,0,5,1,3,1,0,3,50,0,0,1,0,0,0,0,0,0,3,0,6,3,1,1,0,0,0,2,6,0,0,1,0,6,0,22,5,2,1,0,1,0,8,1,7,0,13,0,0,0,22,0,3,12,0,0,0,0,0,5,1,0,0,0,0,0,0,0,2,0,24,0,0,0,1,0,1,0,10,0,1,0,8,0,0,0,20,6,0,0,0,0,5,0,0,0,0,1,0,2,0,6,3,1,0,0,0,0,0,0,0,1,0,0,0,0,3,0,2,6,14,0,0,1,1,3,0,1,5
0,0,0,0,0,0,0,0,0,0,0,7,0,19,0,0,0,43,3,0,10,0,0,10,0,0,3,0,0,51,3,0,0,42,6,0,0,0,3,0,0,0,2,0,21,43,0,0,0,6,0,9,0,49,0,0,0,0,7,31,1,0,0,0,0,5,37,0,7,24,0,0,0,47,0,0,15,0,0,6,0,23,0,0,0,0,0,0,27,54,0,0,2,0,25,5,0,2,2,12,0,0,37,0,0,0,0,41,0,0,6,10,19,0,4,3,0,13,23,0,0,15,25,0,0,0,13,0,0,0,9,0,0
0,0,0,0,0,0,0,0,0,0,0,8,0,18,0,0,0,28,17,0,2,0,0,13,0,0,5,0,0,12,13,0,0,28,1,0,6,0,7,0,0,0,2,0,22,48,0,0,0,18,0,3,0,19,0,0,0,0,12,18,4,0,0,0,0,12,38,0,17,6,0,0,0,8,0,0,11,0,0,3,0,39,0,0,0,0,0,0,9,33,0,0,2,0,4,43,0,9,3,11,0,0,12,0,0,0,0,35,0,6,0,2,14,0,2,5,0,12,19,0,0,9,7,0,0,0,16,0,0,0,8,0,0
0,0,0,0,2,0,0,0,0,5,2,11,0,10,0,4,1,12,4,0,5,0,1,1,0,3,1,3,4,10,5,3,0,4,1,1,9,3,3,0,1,2,8,0,9,9,2,0,2,16,0,4,1,8,0,3,0,5,16,8,1,3,3,2,7,5,10,0,11,2,4,2,5,8,0,9,2,2,1,7,3,4,0,0,2,0,1,1,10,12,2,0,7,5,3,20,0,6,14,8,0,1,11,0,8,0,0,10,0,10,2,0,11,1,2,6,9,5,13,0,5,17,13,0,2,7,9,7,0,0,6,0,3
0,21,0,0,1,2,1,2,2,7,5,15,0,5,1,15,1,4,8,3,2,5,0,15,0,3,5,2,0,48,10,2,0,19,9,3,5,1,4,0,1,1,7,6,8,18,1,0,1,10,0,5,0,8,1,9,3,2,15,9,1,7,5,2,13,4,14,4,9,16,0,4,6,25,0,7,7,7,1,30,5,12,2,5,3,0,3,2,4,10,0,0,2,5,3,12,0,4,1,13,1,4,15,3,5,2,1,3,0,19,14,11,0,5,0,10,22,13,6,0,1,22,6,1,3,11,4,9,0,0,17,8,4
0,5,9,1,0,3,12,0,2,4,6,5,0,0,2,5,11,6,3,7,5,9,6,2,1,17,9,4,1,7,2,13,7,0,1,7,4,4,6,0,0,11,25,3,0,4,3,5,3,2,1,0,3,0,0,3,24,1,9,2,0,3,7,1,1,1,0,1,1,0,14,4,18,5,0,11,0,5,2,0,14,0,3,2,3,2,4,4,0,0,1,1,1,3,0,0,0,0,5,0,11,4,10,7,2,0,1,1,0,0,0,1,5,0,0,27,4,1,3,0,8,2,3,1,9,3,1,3,0,1,2,3,4
1,7,0,0,1,0,0,2,0,5,0,10,0,10,0,7,0,18,0,0,3,0,0,5,0,0,2,0,1,4,0,2,0,5,3,0,0,0,2,0,4,0,0,0,0,15,0,2,1,0,0,2,0,2,2,0,12,0,3,9,4,2,3,0,0,3,20,1,1,2,0,0,0,2,1,0,5,0,0,5,2,3,1,0,1,0,1,0,2,1,0,1,1,2,7,4,1,1,2,2,0,4,3,0,1,0,0,21,0,4,2,2,0,0,0,0,0,3,2,0,2,4,1,1,2,0,0,0,0,0,4,0,1
1,15,12,0,1,2,8,12,2,24,8,10,11,2,11,6,10,9,2,10,4,1,2,7,9,4,14,4,3,7,15,12,9,6,11,11,5,3,2,6,2,3,19,3,3,3,1,4,3,4,0,1,5,2,8,7,8,2,14,2,8,22,23,3,5,12,20,1,1,0,17,13,22,14,3,11,4,8,15,8,18,5,3,10,8,1,16,2,0,8,6,0,6,13,5,13,2,1,8,8,8,3,14,14,9,6,1,6,1,3,5,6,10,27,0,0,7,8,8,0,8,6,13,10,17,19,0,4,1,7,4,5,4
0,0,0,0,0,0,2,0,0,23,5,2,0,0,2,37,0,0,10,5,1,0,2,1,1,2,2,8,13,7,10,0,0,1,27,23,1,0,3,0,0,3,0,3,3,0,1,1,0,4,0,0,1,6,0,6,2,1,17,0,4,9,0,0,105,6,0,0,0,0,6,0,10,6,0,26,2,77,0,0,9,0,0,12,10,4,5,0,5,0,0,0,7,0,0,1,0,0,15,9,0,13,5,0,8,2,0,0,0,0,0,9,22,4,0,7,0,2,6,3,10,14,0,0,0,11,12,13,0,0,8,0,7
0,1,2,0,0,0,0,0,0,0,0,8,0,4,0,0,0,12,4,1,12,1,0,4,0,0,1,0,2,13,5,0,0,7,1,1,3,0,2,0,0,0,12,0,10,14,0,0,0,5,0,12,0,1,0,2,0,0,10,9,3,2,0,0,1,2,20,0,4,3,0,4,0,12,0,6,5,2,5,0,0,5,0,5,1,0,2,0,8,16,0,0,3,2,5,4,0,3,5,4,0,0,2,0,0,0,0,11,0,13,12,5,13,1,3,8,2,0,7,0,2,7,5,0,4,0,5,4,0,0,19,0,3
0,11,0,1,0,2,0,0,1,10,1,14,4,12,1,6,1,21,0,2,3,0,1,14,1,3,13,3,0,18,9,10,0,6,12,2,3,1,1,0,2,0,3,4,4,29,0,0,0,9,0,7,1,20,0,1,0,1,34,13,18,11,4,0,6,15,31,5,24,3,3,3,3,15,0,2,15,4,0,10,13,11,2,4,2,0,5,0,8,29,0,0,15,0,8,7,3,7,9,13,1,2,11,0,11,0,0,37,0,23,19,13,6,3,2,8,6,7,0,0,5,9,21,1,1,5,18,4,0,0,14,2,2
0,0,1,0,0,0,0,0,0,1,0,0,0,0,0,0,0,0,1,57,0,0,0,0,0,0,2,4,0,0,0,0,0,0,0,7,0,0,0,0,1,5,0,0,0,0,3,0,2,0,0,0,0,0,0,0,3,0,0,0,0,0,0,0,0,0,0,0,0,0,0,0,7,0,0,1,0,0,0,0,1,0,0,0,7,0,0,0,0,0,0,0,0,0,0,0,0,0,2,0,0,0,0,0,0,0,0,0,0,0,0,0,0,0,0,0,3,0,0,0,12,0,0,0,0,0,0,0,0,0,0,0,3
0,2,10,0,0,5,4,11,6,12,22,2,1,0,10,7,2,1,2,31,0,2,13,7,0,9,14,34,7,5,0,4,12,2,4,7,7,7,0,0,5,15,2,4,10,0,10,15,8,0,0,0,7,0,1,3,11,13,2,0,0,14,5,9,4,9,0,17,1,0,26,8,11,5,2,26,0,0,5,1,8,0,6,2,30,1,3,7,0,0,2,4,3,7,1,2,4,0,7,3,1,11,3,4,5,1,5,1,3,0,0,5,1,8,2,8,10,2,5,12,0,4,4,5,6,11,2,9,6,3,3,7,6
0,2,1,0,0,0,0,1,0,4,7,15,1,3,0,5,0,11,7,0,15,1,0,17,0,3,7,4,1,28,16,2,0,26,10,4,7,1,0,0,0,0,10,2,3,13,1,0,1,12,0,2,1,23,0,12,0,0,24,29,0,19,2,0,18,11,40,3,6,17,2,3,4,19,0,7,18,25,0,34,2,5,0,0,2,0,2,0,8,16,1,3,9,3,5,10,0,6,6,14,0,4,13,0,4,0,0,17,0,15,9,17,22,2,4,6,14,7,9,0,4,0,17,1,4,7,14,0,0,1,11,1,0
0,2,1,0,0,0,3,0,1,9,2,13,0,14,1,0,2,25,7,0,4,1,0,6,2,2,7,2,2,10,9,3,4,7,2,4,9,3,8,0,0,2,12,1,5,10,3,0,1,9,0,3,1,8,0,7,3,0,13,24,1,3,4,1,0,11,28,6,26,1,6,1,6,9,0,5,7,1,0,6,8,2,0,1,0,1,2,0,6,19,0,0,3,7,16,8,2,7,1,9,0,2,10,1,2,0,0,18,2,25,7,13,6,3,1,13,0,5,21,0,4,17,0,0,2,5,21,9,0,0,4,25,1
2,9,6,0,12,5,0,3,0,11,4,4,5,0,8,0,9,8,6,0,8,19,1,2,15,9,6,12,12,1,0,25,14,4,0,4,3,7,1,0,5,8,11,0,0,0,10,9,10,0,9,1,19,1,6,0,29,2,11,0,0,4,31,6,0,2,0,5,6,0,1,15,4,1,3,2,0,0,12,0,7,3,0,4,3,16,1,10,0,0,9,2,1,13,8,8,1,0,2,0,8,11,3,10,5,0,7,2,6,0,0,0,1,1,1,10,0,0,1,0,5,1,0,0,1,4,0,1,19,14,0,8,3
11,2,6,7,4,3,5,9,6,1,1,1,21,0,2,0,7,0,1,1,1,4,3,0,0,2,0,2,15,1,6,19,2,5,1,1,2,11,1,1,7,21,11,2,0,0,4,2,10,0,0,0,10,0,18,2,6,11,9,4,1,1,11,4,0,0,8,4,2,0,1,19,10,13,1,5,0,0,11,0,6,0,14,15,3,2,0,3,0,0,2,4,0,6,0,2,0,0,0,0,7,1,4,11,6,0,3,2,14,0,0,2,3,9,2,17,0,4,1,0,6,4,2,1,0,3,1,7,0,4,12,5,2
0,11,0,3,3,2,3,2,11,19,5,35,27,0,4,27,1,51,1,3,0,3,4,38,0,14,4,1,7,19,1,16,2,10,9,1,9,5,7,0,2,7,5,10,5,2,8,3,2,2,0,5,2,24,0,14,9,3,45,13,8,17,19,1,3,14,6,0,0,0,13,11,2,49,11,6,0,3,6,0,9,0,1,3,5,4,5,8,0,0,2,2,27,5,1,5,0,0,3,6,6,28,2,0,19,1,0,24,0,0,0,7,11,3,0,19,11,0,5,0,11,7,5,4,3,0,20,18,1,5,1,0,9
1,2,14,0,0,0,1,1,4,1,2,5,0,10,0,30,3,8,10,1,11,0,2,8,3,2,6,3,4,23,16,3,0,15,8,0,2,1,3,0,0,1,6,4,28,7,0,1,2,6,0,4,2,16,0,8,2,1,18,18,2,3,2,0,11,8,24,12,5,3,6,0,1,13,0,12,17,8,0,3,9,10,2,5,0,1,7,1,22,9,0,1,9,7,11,6,0,19,8,6,0,11,7,0,9,0,0,9,0,13,16,9,4,1,0,0,12,5,18,0,2,14,21,0,1,20,0,11,0,1,14,10,5
0,1,0,1,0,5,0,2,0,23,8,11,0,0,2,6,6,7,1,3,2,6,3,0,8,6,3,6,7,14,0,2,4,11,16,10,4,0,1,0,0,6,1,15,0,0,7,2,6,0,1,0,2,0,0,74,4,9,12,0,3,12,6,0,3,4,0,1,3,0,27,1,17,47,0,14,1,13,0,0,17,0,0,2,14,2,4,0,3,0,0,1,15,6,0,1,1,0,4,5,0,3,2,0,5,0,0,0,1,0,0,7,9,3,0,4,13,4,4,0,9,0,9,1,7,18,11,0,0,0,6,13,2
6,0,4,20,7,1,2,3,0,1,1,0,6,0,5,0,8,5,4,1,0,13,1,0,3,4,1,1,4,0,0,1,38,0,3,0,0,13,0,16,4,7,0,0,0,2,0,1,19,0,8,0,0,0,28,0,7,1,1,0,0,1,2,14,0,2,0,9,2,0,0,17,0,0,13,3,0,0,43,0,3,0,0,1,0,8,0,0,0,0,9,13,0,1,0,0,9,0,0,0,27,0,0,9,1,38,15,1,1,0,0,0,0,0,0,1,0,0,0,0,6,0,0,19,0,1,0,0,0,2,0,0,3
0,3,14,3,21,5,0,3,14,1,0,1,6,0,3,0,0,1,0,1,0,8,11,0,21,11,6,15,7,5,0,8,9,0,1,2,0,17,0,20,0,8,2,0,5,0,1,2,12,0,4,0,23,0,5,2,16,3,0,0,1,10,5,8,1,2,3,4,0,0,3,8,0,2,28,3,0,0,1,0,9,0,17,1,2,1,1,3,0,0,6,3,2,1,0,0,3,0,1,6,0,0,1,1,5,15,7,1,3,0,0,0,0,1,0,7,0,0,0,0,3,1,0,14,4,5,1,0,2,0,2,0,0
0,17,1,0,0,2,3,0,0,2,6,15,0,9,1,2,7,11,8,3,21,0,2,6,3,1,7,2,0,33,9,5,0,8,7,2,3,0,0,0,3,6,10,6,21,14,0,1,0,11,1,3,1,25,0,12,5,0,10,13,11,8,7,0,12,15,28,5,21,5,2,1,11,17,5,2,33,19,0,9,9,18,1,3,0,1,6,0,24,31,0,1,10,3,1,8,0,8,12,7,0,5,15,0,0,0,0,5,0,9,8,6,17,2,4,4,8,19,14,0,3,11,4,0,12,1,14,6,0,2,0,5,1
0,0,2,0,1,0,1,2,0,7,5,2,8,0,10,7,4,9,7,1,0,1,13,2,1,13,5,5,1,8,1,3,1,4,19,0,6,5,1,0,7,8,8,0,7,0,1,1,1,5,0,0,13,0,0,7,11,16,17,3,0,9,7,1,0,0,4,14,5,0,4,6,8,19,1,3,0,0,1,0,4,2,0,9,7,3,2,4,1,0,0,0,3,8,0,2,3,0,0,0,5,0,2,0,12,0,5,2,1,0,0,0,8,3,0,5,0,0,2,0,7,1,25,8,5,0,10,13,0,0,5,0,9
1,0,0,3,2,7,16,1,2,7,3,1,1,0,4,1,4,3,0,7,0,5,1,3,6,10,8,1,4,4,1,7,2,1,2,4,1,7,0,10,7,7,16,4,2,0,8,7,0,1,9,0,4,0,17,1,15,2,6,0,0,11,6,2,3,3,6,6,2,0,1,12,9,4,12,6,0,0,14,0,7,2,7,6,3,0,1,5,0,0,8,2,3,7,0,2,6,0,3,0,7,3,0,4,5,1,5,2,5,0,0,3,4,4,1,4,7,3,2,3,6,0,1,3,2,9,5,2,3,0,1,9,0
