Ant57,Ant260,Ant52,Ant397,Ant929,Ant2,Ant6,Ant7,Ant9,Ant14,Ant19,Ant24,Ant26,Ant30,Ant38,Ant60,Ant64,Ant72,Ant74,Ant102,Ant158,Ant161,Ant196,Ant202,Ant209,Ant227,Ant245,Ant252,Ant268,Ant308,Ant311,Ant534,Ant604,Ant620,Ant646,Ant673,Ant740,Ant838,Ant954,Ant0,Ant1,Ant12,Ant13,Ant20,Ant23,Ant27,Ant29,Ant42,Ant43,Ant48,Ant49,Ant51,Ant54,Ant55,Ant62,Ant63,Ant66,Ant68,Ant70,Ant80,Ant91,Ant96,Ant97,Ant98,Ant109,Ant113,Ant118,Ant120,Ant124,Ant126,Ant127,Ant131,Ant135,Ant137,Ant140,Ant144,Ant147,Ant149,Ant156,Ant159,Ant169,Ant170,Ant172,Ant174,Ant175,Ant176,Ant190,Ant195,Ant206,Ant207,Ant210,Ant212,Ant215,Ant229,Ant232,Ant242,Ant250,Ant257,Ant261,Ant262,Ant263,Ant264,Ant289,Ant296,Ant299,Ant301,Ant313,Ant324,Ant326,Ant331,Ant332,Ant334,Ant353,Ant356,Ant376,Ant380,Ant387,Ant391,Ant395,Ant433,Ant437,Ant458,Ant462,Ant482,Ant492,Ant501,Ant507,Ant509,Ant530,Ant549,Ant560,Ant576,Ant592,Ant593,Ant607,Ant610,Ant614,Ant621,Ant635,Ant638,Ant647,Ant650,Ant665
0,2,13,4,6,4,4,2,11,1,0,1,2,0,8,1,6,40,4,18,15,8,4,3,4,7,30,10,10,10,5,12,24,11,0,7,1,13,3,11,4,3,19,14,0,8,18,2,0,1,3,27,4,0,6,13,1,11,15,5,12,8,15,9,4,4,0,3,7,5,1,0,3,15,12,3,0,3,24,11,1,26,0,24,0,1,1,0,11,0,6,0,4,1,7,6,2,0,4,11,4,6,10,6,15,3,4,0,1,0,7,3,0,4,0,0,10,32,2,0,0,8,2,1,0,0,2,1,3,1,0,11,4,3,0,9,3,3,4,8,0,9,8
2,0,0,13,0,1,10,17,0,11,0,4,0,2,11,23,0,4,0,0,3,0,20,11,0,0,0,0,2,2,1,3,2,0,18,0,6,0,11,2,31,1,11,3,23,2,14,74,28,36,7,0,4,19,1,5,3,1,7,0,5,4,0,0,0,17,25,0,3,0,4,0,14,21,0,6,55,30,1,16,15,2,1,4,25,0,0,7,18,12,4,7,0,1,0,0,0,30,3,5,0,6,1,5,0,5,10,3,2,13,11,6,10,0,21,1,1,1,0,4,15,0,6,5,33,6,0,0,0,13,25,0,5,1,23,12,20,35,5,3,12,4,2
13,0,0,0,4,2,0,0,6,0,0,0,0,0,0,0,0,4,21,23,4,39,3,0,17,0,8,3,0,4,4,3,3,11,0,13,3,11,0,0,4,5,5,7,0,0,1,0,0,0,3,0,11,0,3,0,3,0,0,0,1,12,16,3,1,0,0,0,4,0,0,4,0,10,4,0,0,2,42,3,0,19,2,5,0,10,3,0,1,0,6,13,12,2,6,0,1,0,9,5,13,3,0,0,1,2,0,0,0,0,1,0,0,11,0,0,1,2,22,1,0,22,1,9,0,0,4,14,8,0,0,31,0,6,0,1,0,3,0,13,0,1,4
4,13,0,0,1,2,17,7,0,5,1,14,1,24,12,12,0,0,2,0,1,0,15,12,2,13,0,1,2,4,3,1,1,0,20,0,3,3,24,0,33,1,4,12,3,4,5,37,8,7,6,0,7,10,0,4,6,0,5,0,2,0,3,0,0,4,13,0,2,3,0,4,7,5,0,6,14,23,0,13,32,3,0,0,6,0,0,8,12,3,4,2,0,0,0,0,2,3,0,0,0,4,0,15,0,38,15,10,17,8,9,8,14,1,10,0,12,1,0,0,17,0,23,5,4,0,0,1,0,11,3,0,12,4,15,8,12,39,0,0,17,30,4
6,0,4,1,0,3,2,0,0,5,0,0,7,0,0,1,0,4,0,0,29,2,23,0,5,0,20,1,8,5,19,4,27,25,0,6,2,4,4,0,13,0,15,2,0,2,11,9,8,0,1,0,12,0,0,1,8,3,1,9,10,11,33,3,0,0,0,0,7,3,19,1,2,7,2,2,5,5,18,5,1,26,1,4,0,2,4,0,5,16,7,1,4,0,5,0,11,0,11,6,9,3,9,1,0,4,12,0,1,0,4,2,0,7,1,0,1,3,37,3,0,2,5,3,1,2,0,1,8,1,0,13,0,11,0,7,0,6,1,7,0,11,14
4,1,2,2,3,0,0,0,1,8,4,0,11,0,5,0,3,3,3,1,4,8,15,0,31,0,4,1,1,1,37,7,9,8,0,2,14,8,16,2,11,4,14,0,0,3,7,2,6,3,12,4,22,0,0,2,1,6,9,4,25,5,42,3,0,17,0,6,11,6,14,5,3,12,0,0,6,5,5,59,0,9,0,24,0,3,0,0,2,10,20,2,8,2,3,8,1,5,6,18,1,5,6,12,10,5,9,1,0,1,2,1,0,9,1,0,6,10,2,2,0,5,7,8,0,0,0,11,12,3,0,52,0,16,0,18,5,7,7,17,0,11,13
4,10,0,17,2,0,0,6,0,7,2,25,0,0,14,12,0,1,0,0,0,0,13,6,0,8,0,0,0,10,1,1,3,2,9,0,18,3,24,0,61,2,0,10,1,7,10,20,16,5,3,1,0,6,1,4,13,0,6,0,13,0,0,1,0,16,27,0,4,0,1,0,7,0,0,15,35,4,4,0,6,4,0,0,1,0,0,19,1,11,0,2,0,0,0,0,1,1,0,0,0,2,3,7,0,7,8,0,3,9,19,20,1,0,21,0,7,0,0,7,2,1,1,13,0,0,0,0,1,6,0,8,22,0,3,10,3,11,3,1,5,7,1
2,17,0,7,0,0,6,0,0,4,0,4,0,1,14,38,0,0,0,0,0,0,10,11,0,1,0,0,2,3,0,0,1,0,26,1,0,1,11,0,44,1,0,0,12,3,0,16,20,29,5,0,1,14,0,3,2,0,3,0,4,0,0,1,0,16,9,0,4,2,12,0,13,4,0,8,32,16,0,2,17,5,0,0,18,1,0,39,1,1,1,18,0,0,0,0,0,13,1,0,0,1,1,16,0,1,3,6,8,7,4,13,10,1,11,0,1,0,0,3,34,1,14,5,5,0,0,0,0,6,26,0,1,2,46,4,9,12,0,0,13,1,5
11,0,6,0,0,1,0,0,0,0,18,1,7,0,0,0,3,1,92,11,7,2,4,0,0,0,1,4,0,3,2,1,0,16,0,13,0,9,0,1,2,0,10,2,0,0,9,0,0,0,3,15,6,0,1,0,0,9,0,2,1,7,11,19,4,0,0,0,0,1,0,0,0,3,4,0,1,1,15,11,0,0,0,1,0,4,0,0,3,0,11,1,28,3,24,10,8,0,6,1,9,2,0,0,6,3,0,0,0,0,1,0,0,13,1,0,0,1,17,1,0,3,0,0,0,1,2,41,9,0,0,2,0,14,0,0,0,3,3,3,0,1,10
1,11,0,5,5,8,7,4,0,0,6,10,1,0,3,2,0,1,2,0,3,0,16,4,0,10,2,1,0,6,1,4,1,2,1,0,1,0,11,1,10,3,0,4,0,9,2,8,2,4,4,0,4,0,1,5,1,0,3,0,11,6,4,0,0,15,8,0,6,0,13,3,7,5,0,32,4,6,1,21,4,7,0,0,0,1,1,4,7,12,5,4,0,1,0,0,1,6,2,3,0,1,4,8,2,13,4,1,0,1,7,2,3,5,2,0,13,3,0,4,3,1,23,9,5,0,0,0,0,0,0,0,12,3,0,21,11,4,4,0,0,20,3
0,0,0,1,0,4,2,0,18,6,0,1,1,0,1,1,1,5,47,0,2,0,3,1,5,4,4,0,19,0,14,3,4,0,3,15,0,5,2,0,4,19,6,0,3,4,1,3,2,0,1,6,6,0,0,1,1,11,4,0,6,4,6,8,0,0,3,3,4,1,11,3,0,15,1,1,0,0,4,2,0,5,0,33,1,3,2,0,1,1,17,0,7,23,13,1,1,0,0,0,10,0,12,1,1,2,4,0,0,1,2,1,0,4,0,0,2,5,5,1,0,0,2,13,0,0,0,21,2,0,0,1,0,15,0,3,1,1,21,1,0,7,3
1,4,0,14,0,0,25,4,1,10,1,0,6,0,5,4,0,0,0,0,0,0,2,1,0,7,0,0,7,9,0,0,2,0,3,0,7,2,11,0,6,1,2,6,0,8,1,8,4,2,0,1,0,0,0,6,9,1,5,1,5,1,0,0,0,3,11,0,7,0,0,2,3,1,0,5,6,3,0,0,1,3,0,0,0,0,0,5,1,3,0,0,0,6,1,0,0,0,0,0,0,6,13,10,0,4,8,0,2,7,1,6,0,1,7,0,8,0,0,1,3,0,8,1,1,0,0,0,0,5,0,0,15,1,11,12,2,10,2,0,4,8,3
2,0,0,1,7,11,0,0,7,1,1,6,0,0,0,0,3,1,16,0,13,0,11,0,4,1,6,42,4,2,8,0,14,1,7,0,5,2,2,24,12,2,8,0,0,4,17,0,3,0,0,4,21,0,0,4,7,3,2,9,1,4,23,7,44,1,0,3,4,1,16,5,0,7,0,1,0,1,24,2,0,6,0,1,0,4,1,0,4,20,3,0,1,9,8,3,19,2,35,4,28,0,3,3,11,4,6,0,1,0,1,2,0,14,1,0,5,4,0,3,0,5,0,1,0,0,0,46,0,1,0,11,0,6,0,0,6,8,0,2,0,4,1
0,2,0,24,0,0,0,1,0,0,0,0,0,0,1,17,0,0,0,0,0,0,3,0,0,0,0,0,0,0,0,0,0,0,6,0,0,0,0,0,11,0,0,0,3,0,0,4,1,4,0,0,0,0,0,0,0,0,0,0,0,0,0,0,0,0,1,0,0,0,0,0,0,0,0,0,10,7,0,0,0,0,1,0,2,0,0,0,0,0,0,6,0,0,0,0,0,2,0,0,0,0,0,1,0,2,0,0,6,1,0,0,0,0,0,0,0,0,0,0,0,0,0,0,1,2,0,0,0,9,6,0,0,0,0,0,0,0,0,0,0,0,0
8,11,0,12,0,5,14,14,0,3,1,5,0,1,0,13,0,7,0,1,0,0,16,5,0,7,2,6,6,13,1,4,3,0,10,0,13,6,10,0,20,0,2,6,7,3,7,17,19,6,11,1,1,4,0,3,8,1,13,0,4,2,1,2,0,9,14,0,8,0,4,8,9,1,0,18,5,16,16,7,13,4,1,0,15,0,0,6,11,2,2,10,1,0,0,0,0,3,0,0,3,4,3,7,0,2,10,0,3,5,7,3,5,1,1,0,5,5,0,6,7,1,13,10,3,2,2,0,1,19,4,0,6,0,3,14,13,25,5,1,6,3,1
1,23,0,12,1,0,12,38,0,2,1,4,0,17,13,0,0,1,0,0,0,0,6,12,0,3,1,0,2,3,0,1,0,0,11,0,4,0,3,0,77,0,1,4,6,4,0,21,35,19,8,0,1,7,0,0,6,1,1,1,7,0,0,0,0,9,15,0,2,0,13,0,10,1,0,3,33,25,0,4,7,0,0,1,61,0,0,9,2,2,1,13,0,1,1,0,0,34,0,0,0,0,1,13,0,2,2,0,5,6,3,1,8,0,16,1,4,0,1,0,20,0,5,0,13,7,0,0,0,9,27,1,4,0,9,13,7,4,3,0,13,7,0
6,0,0,0,0,3,0,0,3,0,1,0,3,0,0,0,0,1,6,3,4,0,3,0,26,1,2,4,1,1,0,9,17,3,1,15,0,5,1,8,0,25,8,0,0,1,19,0,3,0,0,14,9,0,0,0,0,12,2,10,21,9,34,13,5,0,1,1,1,21,1,1,0,4,2,1,0,1,10,5,0,6,0,11,0,1,23,0,1,0,2,0,12,1,4,22,13,0,7,8,19,0,8,3,4,3,1,1,0,0,3,0,0,4,0,0,4,12,12,1,0,1,0,1,0,0,10,27,10,0,0,23,0,1,0,1,0,0,4,0,0,6,0
40,4,4,0,4,3,1,0,1,1,5,0,1,0,7,1,1,0,1,7,3,0,4,3,0,6,4,16,5,10,3,2,11,4,1,19,2,3,7,13,5,3,2,2,0,36,4,2,0,0,1,14,6,1,4,13,4,8,6,4,6,8,1,10,6,0,4,2,3,3,0,9,1,12,4,4,4,6,9,6,3,13,0,7,0,2,5,2,9,15,0,1,1,3,0,1,1,0,0,6,7,3,6,2,3,2,3,0,0,0,0,0,0,6,2,0,4,6,0,1,0,0,0,4,0,0,1,0,14,0,0,2,7,16,0,9,8,3,5,9,0,14,13
4,0,21,2,0,3,0,0,92,2,47,0,16,0,0,0,6,1,0,20,27,3,3,0,3,0,15,2,0,0,0,11,0,2,0,62,0,5,0,9,1,0,40,5,0,1,2,0,0,1,0,26,2,0,0,3,2,24,0,13,8,56,12,25,3,0,0,0,1,3,0,0,2,15,15,0,0,0,37,6,0,9,0,35,0,10,0,0,5,0,28,0,8,1,20,21,11,1,10,2,17,2,0,0,49,2,0,0,0,0,0,0,0,21,0,0,0,14,47,3,0,19,0,0,0,0,7,80,23,0,0,11,0,6,0,0,2,6,12,2,0,2,13
18,0,23,0,0,1,0,0,11,0,0,0,0,0,1,0,3,7,20,0,7,39,6,0,4,0,8,14,2,3,0,9,3,19,0,15,0,6,0,18,1,7,10,0,0,1,1,0,1,0,0,10,10,0,2,1,0,13,0,3,9,24,11,16,13,0,0,8,4,0,1,4,0,1,43,0,0,0,11,0,0,8,0,8,0,17,5,0,1,0,4,0,6,0,6,20,18,0,16,5,3,1,4,0,9,0,0,0,0,0,0,0,0,12,0,0,0,5,21,1,0,8,0,0,0,0,2,5,5,0,0,4,0,3,0,2,0,0,0,16,0,1,1
15,3,4,1,29,4,0,0,7,3,2,0,13,0,0,0,4,3,27,7,0,10,8,1,13,0,7,6,0,2,4,4,23,12,1,6,1,13,3,0,6,9,13,0,1,0,13,0,2,2,3,2,10,0,19,3,6,12,1,9,2,15,32,17,13,0,0,1,5,0,2,15,3,6,15,0,4,1,12,22,0,7,0,15,0,8,1,0,4,9,9,0,24,12,9,5,5,0,6,12,14,3,0,2,10,1,8,3,0,0,1,1,1,5,0,0,2,18,13,2,0,1,1,4,3,1,3,28,15,1,0,15,1,9,0,4,0,9,3,14,0,4,12
8,0,39,0,2,8,0,0,2,0,0,0,0,0,0,0,0,0,3,39,10,0,6,0,1,0,10,0,3,0,0,2,0,26,1,13,0,0,0,6,2,0,3,0,0,0,0,0,0,0,0,20,13,0,8,0,0,3,0,5,2,1,3,8,12,0,0,1,0,0,3,0,0,1,11,0,0,0,23,1,0,6,0,4,0,22,0,0,0,0,11,0,8,0,2,0,42,0,23,4,12,0,0,0,2,0,0,0,0,0,0,0,0,22,0,0,0,2,0,0,0,6,0,0,0,0,5,1,1,0,0,1,0,7,0,0,0,0,0,1,0,0,7
4,20,3,15,23,15,13,10,4,16,3,2,11,3,16,6,3,4,3,6,8,6,0,5,0,13,1,6,8,3,17,5,16,6,26,11,16,8,16,2,33,1,8,14,20,5,23,14,11,34,9,0,15,14,4,1,44,13,15,31,18,7,80,2,1,18,8,3,4,3,18,4,7,50,0,9,58,14,7,29,17,6,5,11,16,5,0,19,31,9,9,10,17,1,5,7,0,9,4,6,0,7,9,11,1,14,7,7,5,5,24,16,9,3,16,0,8,5,5,7,13,1,19,12,13,0,4,25,4,19,10,14,7,7,5,7,6,16,0,2,9,8,4
3,11,0,12,0,0,6,11,0,4,1,1,0,0,5,12,0,3,0,0,1,0,5,0,0,0,0,0,1,4,0,0,0,1,7,0,5,1,16,0,20,0,1,8,8,2,2,12,27,38,8,0,0,9,0,0,0,0,2,1,3,0,2,0,0,24,15,0,2,0,4,1,3,5,0,1,28,16,2,0,4,0,1,0,9,0,0,8,1,4,1,4,0,0,1,0,0,6,0,0,0,2,3,11,0,2,0,3,7,9,8,0,0,0,12,1,2,0,0,7,15,0,3,0,17,1,0,0,0,9,40,3,10,1,7,1,3,4,1,1,7,1,0
4,0,17,2,5,31,0,0,0,0,5,0,4,0,0,0,26,0,3,4,13,1,0,0,0,2,22,3,0,0,0,23,5,16,0,2,1,2,1,0,1,19,2,0,1,4,12,2,0,1,5,28,12,2,8,0,2,11,0,1,3,2,8,6,19,0,0,3,1,1,1,3,0,4,3,1,1,1,2,7,0,19,0,8,3,8,1,0,10,1,3,0,1,3,5,5,7,0,12,2,0,3,2,0,5,0,1,3,0,0,0,0,1,7,5,0,0,2,12,1,0,4,1,3,0,0,1,0,6,0,0,5,3,12,1,0,0,7,7,40,0,8,7
7,0,0,13,0,0,8,1,0,10,4,7,1,0,7,3,1,6,0,0,0,0,13,0,2,0,2,2,13,18,3,4,1,3,3,0,7,2,15,0,16,2,0,4,5,6,10,16,1,5,12,1,3,4,0,9,8,0,12,0,3,4,1,1,0,8,16,0,9,1,4,6,12,3,1,19,8,1,0,6,4,0,0,0,8,0,1,0,13,6,0,6,5,3,1,0,0,1,2,3,1,4,17,2,0,6,6,0,0,13,9,8,2,3,10,0,13,1,0,6,4,4,2,8,2,0,0,0,1,6,0,0,12,0,1,9,8,8,10,4,0,6,4
30,0,8,0,20,4,0,0,1,2,4,0,6,0,2,1,2,4,15,8,7,10,1,0,22,2,0,21,3,5,4,4,39,16,3,3,1,11,7,2,6,18,16,3,0,8,20,1,0,0,1,26,16,0,3,3,6,5,4,4,22,27,13,2,6,0,1,10,0,2,4,22,2,24,1,4,1,6,2,9,0,10,0,5,0,5,6,0,9,1,5,0,4,13,2,8,11,0,9,4,5,1,10,2,5,2,1,0,0,4,4,2,2,3,6,0,6,25,3,3,0,26,2,5,0,0,8,10,2,2,0,38,2,7,0,3,0,0,4,22,0,8,2
10,0,3,1,1,1,0,0,4,1,0,0,42,0,6,0,4,16,2,14,6,0,6,0,3,2,21,0,0,3,0,2,63,6,10,16,4,0,2,0,3,3,6,6,0,17,13,3,0,0,4,7,3,0,15,7,2,15,0,9,2,27,89,11,40,0,2,2,1,0,0,3,1,11,0,1,0,9,17,2,0,28,0,7,0,3,39,0,8,0,0,2,13,9,21,3,17,0,25,2,10,4,10,0,15,0,1,0,0,3,8,10,2,23,0,0,5,19,1,10,0,11,0,13,0,0,0,5,2,0,0,4,1,10,0,1,1,0,7,35,0,4,9
10,2,0,2,8,1,0,2,0,0,19,7,4,0,6,2,1,5,0,2,0,3,8,1,0,13,3,0,0,2,4,3,7,2,3,1,11,6,7,0,5,3,9,8,1,12,11,4,0,0,3,0,3,0,1,8,6,0,11,0,3,4,1,1,0,6,5,0,1,0,1,2,0,3,6,1,1,0,0,1,2,2,0,0,1,6,5,2,11,2,0,2,0,4,0,0,1,0,8,8,0,4,5,4,0,12,8,0,0,1,4,1,1,0,7,0,3,1,1,5,0,6,2,6,0,0,1,0,13,2,0,0,2,2,0,8,3,3,7,6,0,16,5
10,2,4,4,5,1,10,3,3,6,0,9,2,0,13,3,1,10,0,3,2,0,3,4,0,18,5,3,2,0,0,3,16,0,4,0,13,2,7,0,4,0,1,7,1,5,8,9,10,1,6,1,9,0,0,10,8,0,3,2,8,3,8,5,3,4,10,3,9,0,7,13,1,7,2,2,4,4,3,7,0,28,0,0,2,1,2,2,4,0,1,0,2,3,3,0,0,4,3,14,1,6,16,5,0,13,4,4,0,2,6,2,0,0,9,0,0,4,2,6,0,3,1,7,3,0,0,0,8,4,0,0,9,6,0,2,10,3,1,3,0,6,8
5,1,4,3,19,37,1,0,2,1,14,0,8,0,1,0,0,3,0,0,4,0,17,0,0,3,4,0,4,0,0,5,1,4,7,3,3,6,1,0,5,0,9,12,0,6,14,7,3,0,1,1,22,0,0,3,2,9,2,4,17,3,20,0,1,0,0,2,9,2,23,6,0,27,0,0,2,3,19,24,0,2,0,27,0,0,0,3,4,6,25,11,2,3,14,3,5,0,0,17,45,7,1,3,15,5,12,20,0,6,1,0,3,2,0,0,5,10,1,0,0,8,5,5,0,0,1,14,11,0,0,4,2,12,7,7,7,4,8,0,0,14,12
12,3,3,1,4,7,1,0,1,4,3,0,0,0,4,1,9,2,11,9,4,2,5,0,23,4,4,2,3,3,5,0,2,9,0,3,3,2,4,3,3,11,7,2,1,11,6,0,2,1,0,17,2,0,7,1,0,5,4,7,8,10,5,8,6,0,0,1,4,2,9,23,1,11,7,0,4,0,5,9,0,19,0,19,0,1,12,1,2,7,8,0,3,0,3,15,6,0,7,13,1,7,5,4,1,1,9,0,0,1,6,2,1,13,1,0,4,9,0,2,1,1,3,1,0,0,3,0,6,2,0,5,4,3,0,2,2,1,6,17,0,13,8
24,2,3,1,27,9,3,1,0,1,4,2,14,0,3,0,17,11,0,3,23,0,16,0,5,1,39,63,7,16,1,2,0,18,16,13,8,14,7,4,22,1,2,22,0,38,20,0,1,0,4,24,6,0,30,10,2,4,7,7,9,14,23,13,2,9,0,0,7,1,0,16,3,5,1,1,1,7,24,22,0,18,0,0,0,4,1,0,4,2,3,0,3,6,23,15,17,0,24,11,3,4,4,1,1,1,3,0,5,0,10,2,1,21,15,0,2,8,1,21,0,5,6,8,0,0,2,0,3,3,0,1,1,8,0,1,2,1,3,3,0,5,9
11,0,11,0,25,8,2,0,16,2,0,0,1,0,0,0,3,4,2,19,12,26,6,1,16,3,16,6,2,0,4,9,18,0,0,21,0,18,4,2,1,1,26,1,0,3,3,5,0,0,0,9,2,0,2,1,0,10,3,5,4,11,13,26,7,0,0,3,1,0,0,2,0,3,12,1,0,0,1,6,5,9,0,4,0,9,14,0,1,0,1,0,2,1,15,10,6,0,12,5,4,15,8,0,41,0,7,1,0,0,2,1,1,8,1,0,2,2,0,0,1,25,1,5,1,0,12,12,30,0,0,16,0,17,0,4,0,0,11,34,0,0,1
0,18,0,20,0,0,9,26,0,1,3,3,7,6,10,11,1,1,0,0,1,1,26,7,0,3,3,10,3,4,7,0,16,0,0,0,1,0,4,0,30,2,0,2,14,4,1,12,24,34,9,0,2,18,0,3,7,0,1,4,9,0,18,0,0,10,8,1,3,1,10,3,3,4,0,1,64,21,0,5,7,1,1,3,12,2,0,7,45,0,2,15,0,0,0,0,0,4,0,1,2,1,3,8,4,12,19,4,4,4,1,4,10,1,8,0,0,1,0,1,10,0,4,4,16,0,0,6,0,17,28,0,0,0,9,3,14,30,0,0,16,6,3
7,0,13,0,6,2,0,1,13,0,15,0,0,0,0,0,15,19,62,15,6,13,11,0,2,0,3,16,1,0,3,3,13,21,0,0,1,2,2,13,4,2,19,0,2,1,11,0,0,0,0,11,9,0,1,0,6,2,0,16,4,37,22,19,2,0,0,0,1,1,3,6,4,9,3,0,0,0,6,8,0,36,0,9,0,6,3,0,2,1,0,0,6,0,33,7,6,0,25,1,4,10,1,2,1,0,4,0,0,0,0,0,0,3,0,0,2,15,36,0,0,2,0,0,0,0,1,34,7,0,0,17,2,11,0,0,0,0,15,12,0,5,8
1,6,3,3,2,14,18,0,0,1,0,7,5,0,13,4,0,2,0,0,1,0,16,5,1,7,1,4,11,13,3,3,8,0,1,1,0,0,17,0,1,1,0,19,3,7,1,3,2,0,19,2,0,0,0,4,16,0,10,0,1,11,11,3,0,20,26,0,11,0,0,3,2,6,0,11,1,22,4,2,0,7,0,5,1,0,0,1,20,2,1,7,2,1,0,0,0,0,0,7,1,2,18,16,0,5,22,0,0,10,10,6,2,1,14,0,12,1,0,5,1,0,12,7,3,0,0,3,1,5,0,3,16,7,0,20,2,0,0,2,0,20,2
13,0,11,3,4,8,3,1,9,0,5,2,2,0,6,0,5,3,5,6,13,0,8,1,2,2,11,0,6,2,6,2,14,18,0,2,0,0,2,2,2,0,3,9,0,6,12,8,1,1,1,4,9,0,0,9,11,2,9,4,7,2,4,5,2,3,2,0,4,3,5,6,9,9,0,10,0,2,6,12,0,7,1,1,0,0,4,1,11,0,0,0,6,4,0,4,0,0,8,1,1,9,3,5,1,9,1,1,0,4,7,11,0,0,6,0,1,0,0,8,0,6,0,14,5,0,1,2,6,4,0,2,3,12,1,15,5,0,1,5,0,11,11
3,11,0,24,4,16,24,11,0,11,2,11,2,0,10,3,1,7,0,0,3,0,16,16,1,15,7,2,7,7,1,4,7,4,4,2,17,2,0,0,26,1,4,15,2,6,5,21,9,8,9,1,3,0,1,15,16,0,10,0,11,3,21,2,0,14,22,0,23,8,0,0,14,1,0,13,12,3,6,12,3,1,0,4,0,7,1,0,2,17,3,4,0,4,0,0,3,0,0,9,2,9,0,15,1,7,38,5,2,21,30,13,8,1,20,0,23,8,1,7,6,1,34,15,7,0,0,0,1,6,0,3,23,3,2,17,17,32,3,0,0,48,2
11,2,0,0,0,2,0,0,1,1,0,0,24,0,0,0,8,13,9,18,0,6,2,0,0,0,2,0,0,0,0,3,4,2,0,13,0,2,0,0,0,0,12,0,0,1,11,0,0,0,0,2,1,0,3,0,0,2,0,4,1,2,1,10,1,0,0,1,0,1,0,0,0,1,5,0,0,0,3,3,0,1,0,0,0,3,1,0,0,0,7,0,5,0,1,3,1,0,0,1,1,2,0,0,23,0,0,0,0,0,0,0,0,1,0,0,0,5,0,1,0,2,1,3,1,0,0,1,8,0,0,6,0,0,0,1,0,0,3,1,0,0,5
4,31,4,33,13,11,61,44,2,10,4,6,12,11,20,77,0,5,1,1,6,2,33,20,1,16,6,3,5,4,5,3,22,1,30,4,1,2,26,0,0,0,7,6,9,22,7,83,54,34,23,1,16,28,1,2,30,6,3,12,15,15,27,3,0,24,26,0,20,3,11,10,26,21,2,7,103,65,5,13,8,11,2,6,41,2,1,31,35,28,2,15,0,3,4,1,0,27,4,2,0,4,7,17,1,26,8,2,11,13,19,26,16,2,49,1,9,3,1,15,29,1,46,43,16,8,0,6,1,22,14,2,11,5,35,6,63,142,6,2,15,8,7
3,1,5,1,0,4,2,1,0,3,19,1,2,0,0,0,25,3,0,7,9,0,1,0,19,2,18,3,3,0,0,11,1,1,2,2,1,0,1,0,0,0,2,1,0,10,2,2,0,0,2,4,2,0,5,11,7,1,0,8,0,12,4,0,0,0,1,0,7,10,0,2,0,1,0,2,2,0,0,1,6,4,0,0,0,13,1,0,5,0,1,1,10,5,3,0,15,0,15,1,10,3,3,0,0,1,5,0,2,0,5,0,0,0,0,0,1,9,0,10,0,7,7,0,0,0,0,0,0,0,0,0,0,7,0,3,7,0,11,3,0,0,12
19,11,5,4,15,14,0,0,10,0,6,2,8,0,2,1,8,2,40,10,13,3,8,1,2,0,16,6,9,1,9,7,2,26,0,19,0,3,4,12,7,2,0,5,0,5,4,10,1,0,0,6,6,0,27,7,1,13,4,20,17,14,13,12,5,1,0,2,5,2,10,0,0,17,13,0,0,0,3,6,0,16,0,16,2,16,12,0,0,7,7,2,11,2,4,19,17,0,6,18,9,5,14,2,10,2,7,0,0,0,11,4,0,7,3,0,3,16,5,3,0,7,1,0,4,0,5,32,4,0,0,20,4,15,0,10,3,2,6,3,0,13,1
14,3,7,12,2,0,10,0,2,4,0,6,0,0,6,4,0,2,5,0,0,0,14,8,0,4,3,6,8,7,12,2,22,1,2,0,19,9,15,0,6,1,5,0,2,12,6,4,1,0,4,4,10,0,2,30,28,0,15,3,8,3,0,0,0,12,10,0,6,0,8,1,5,5,0,17,0,11,0,8,4,1,1,0,0,1,0,5,3,3,5,3,0,6,0,0,2,0,0,2,2,2,9,1,6,9,2,0,0,5,4,20,0,1,14,0,16,0,0,13,2,0,1,16,0,1,0,0,1,8,0,0,10,3,0,9,2,5,2,3,1,20,6
0,23,0,3,0,0,1,12,0,0,3,0,0,3,7,6,0,0,0,0,1,0,20,8,1,5,0,0,1,1,0,1,0,0,14,2,3,0,2,0,9,0,0,2,0,1,1,14,12,27,5,0,0,30,1,1,4,0,3,8,0,2,11,0,0,9,11,0,1,1,4,0,4,1,0,0,54,20,0,5,18,1,2,1,5,0,0,2,1,0,0,9,1,1,0,0,0,4,0,2,0,1,1,6,0,3,6,5,3,4,2,0,2,0,0,0,1,2,0,0,13,0,3,8,5,0,0,0,2,10,4,0,5,0,11,1,4,6,2,0,1,2,0
8,2,0,4,2,3,7,3,0,9,4,8,4,0,3,4,1,36,1,1,0,0,5,2,4,6,8,17,12,5,6,11,38,3,4,1,7,6,6,1,22,10,5,12,1,0,6,14,8,7,6,6,12,0,0,5,9,0,10,6,12,3,2,8,12,8,7,0,5,6,9,3,11,5,7,8,3,5,5,6,1,5,0,17,1,2,1,7,2,2,3,10,5,3,1,7,2,0,2,6,0,3,16,7,2,7,15,1,4,9,21,19,0,7,7,0,13,4,1,7,0,12,1,14,5,0,1,0,0,3,0,7,3,13,13,10,5,9,1,1,0,11,15
18,14,1,5,11,7,10,0,9,2,1,1,17,0,7,0,19,4,2,1,13,0,23,2,12,10,20,13,11,8,14,6,20,3,1,11,1,12,5,11,7,2,4,6,1,6,0,3,4,0,4,2,6,0,1,3,1,5,11,22,4,19,18,1,8,8,0,0,0,0,29,15,0,24,2,1,5,3,8,17,1,4,0,10,0,1,6,1,5,6,2,1,0,7,10,1,3,1,17,12,1,23,8,4,0,15,4,2,1,0,29,8,1,4,8,0,0,2,4,3,0,1,7,9,2,0,1,55,16,1,0,8,11,2,0,6,1,2,0,7,0,3,12
2,74,0,37,9,2,20,16,0,8,3,8,0,4,17,21,0,2,0,0,0,0,14,12,2,16,1,3,4,9,7,0,0,5,12,0,3,8,21,0,83,2,10,4,14,14,3,0,25,21,7,0,9,19,4,10,4,0,5,1,9,6,2,1,0,30,64,0,10,1,2,1,9,10,0,20,152,21,1,9,15,9,2,5,13,0,0,4,10,11,2,13,3,3,6,0,0,20,1,2,0,2,7,9,0,9,15,1,10,23,4,15,5,2,22,0,8,3,3,5,19,1,8,7,12,1,3,0,0,12,3,3,28,1,8,13,10,30,2,0,12,6,4
0,28,0,8,8,6,16,20,0,2,2,4,3,1,19,35,3,0,0,1,2,0,11,27,0,1,0,0,0,10,3,2,1,0,24,0,2,1,9,0,54,0,1,1,12,8,4,25,0,37,9,0,2,42,0,3,1,1,0,0,5,1,3,1,0,16,21,0,8,0,18,2,22,6,0,4,48,23,4,7,10,2,2,2,21,1,1,17,5,7,1,11,0,0,0,0,0,11,0,2,0,0,2,12,0,2,4,7,11,14,19,5,13,2,26,0,1,0,0,3,19,0,18,5,21,7,0,0,2,20,20,1,11,3,13,5,7,39,0,0,22,3,2
1,36,0,7,0,3,5,29,0,4,0,2,0,4,6,19,0,0,1,0,2,0,34,38,1,5,0,0,0,1,0,1,0,0,34,0,0,1,8,0,34,0,0,0,27,7,0,21,37,0,9,0,1,29,0,0,3,1,0,0,3,0,0,0,0,12,13,1,3,0,5,0,14,0,0,4,74,25,2,6,25,1,6,0,10,0,0,18,4,5,0,20,1,0,1,0,0,8,2,0,1,1,1,10,1,2,5,15,26,15,4,7,25,0,3,1,1,0,1,0,32,0,1,0,13,4,0,0,0,14,25,2,3,0,24,2,11,14,0,0,8,0,0
3,7,3,6,1,12,3,5,3,4,1,0,0,0,11,8,0,1,0,0,3,0,9,8,5,12,1,4,3,6,1,0,4,0,9,0,19,1,9,0,23,2,0,4,5,6,4,7,9,9,0,0,1,5,4,3,9,1,2,0,3,0,6,0,0,6,11,0,3,0,0,0,21,0,0,1,23,31,8,1,2,3,1,3,18,0,6,6,8,2,0,2,2,2,0,0,0,7,1,2,0,3,0,11,0,4,9,1,7,5,7,2,5,1,15,0,11,2,0,0,10,0,5,5,6,2,0,0,2,7,19,1,1,0,1,1,3,14,1,8,9,8,0
27,0,0,0,0,4,1,0,15,0,6,1,4,0,1,0,14,14,26,10,2,20,0,0,28,1,26,7,0,1,1,17,24,9,0,11,2,4,1,2,1,4,6,4,0,6,2,0,0,0,0,0,1,0,15,6,0,16,0,0,1,12,8,11,19,1,0,3,0,0,0,15,0,0,11,0,0,0,10,0,0,7,0,0,0,3,12,1,1,0,4,0,5,1,0,19,35,0,4,9,3,1,0,2,4,2,0,0,0,0,7,0,1,10,0,0,1,6,1,4,3,9,0,0,0,0,7,8,16,0,0,7,1,10,0,1,1,0,5,20,1,0,9
4,4,11,7,12,22,0,1,6,4,6,0,21,0,1,1,9,6,2,10,10,13,15,0,12,3,16,3,3,9,22,2,6,2,2,9,0,9,3,1,16,2,6,10,0,12,6,9,2,1,1,1,0,0,5,0,0,23,2,2,7,13,10,3,0,1,0,1,2,6,16,23,5,23,15,0,3,1,21,23,0,8,1,32,3,0,3,0,2,9,4,1,2,1,7,0,6,0,5,0,12,14,14,0,3,3,10,0,0,1,2,5,2,5,3,0,11,9,4,2,0,20,11,6,0,0,5,14,5,0,0,11,1,16,1,11,3,3,3,0,0,5,10
0,19,0,10,0,0,6,14,0,0,0,0,0,0,4,7,0,1,0,0,0,0,14,9,2,4,0,0,0,0,0,0,0,0,18,0,0,0,0,0,28,0,0,0,30,0,0,19,42,29,5,0,0,0,0,0,0,0,0,0,0,0,0,2,0,3,7,0,0,0,13,0,2,2,0,0,57,22,0,0,21,0,3,0,1,0,0,5,1,0,0,10,0,0,0,0,0,12,0,0,0,1,0,5,0,0,0,14,5,1,0,1,2,0,0,0,0,0,0,0,18,0,0,0,14,11,0,0,0,15,10,0,0,0,17,0,20,0,0,0,2,0,0
6,1,3,0,0,0,1,0,1,1,0,0,0,0,0,0,0,4,0,2,19,8,4,0,8,0,3,15,1,0,0,7,30,2,0,1,0,0,1,3,1,5,27,2,1,0,1,4,0,0,4,15,5,0,0,2,0,43,0,1,1,18,3,5,6,1,4,13,0,0,5,6,0,4,32,1,0,9,4,28,0,6,0,0,0,2,18,1,3,0,10,1,8,2,2,14,5,0,0,7,2,0,1,0,1,1,3,0,0,0,0,4,0,3,4,0,1,14,1,1,0,2,2,0,0,0,0,0,29,0,0,0,0,11,0,3,5,1,5,23,1,0,8
13,5,0,4,1,2,4,3,0,5,1,6,4,0,3,0,0,13,3,1,3,0,1,0,0,9,3,7,8,10,3,1,10,1,3,0,4,9,15,0,2,11,7,30,1,5,3,10,3,0,3,6,0,0,2,0,11,0,1,0,0,8,0,2,0,1,1,0,9,0,1,15,4,10,6,4,0,3,4,3,8,3,0,0,0,2,1,0,13,3,9,2,3,5,1,0,0,3,4,0,1,11,5,18,3,18,5,0,0,3,11,4,1,4,8,0,3,4,0,16,0,8,3,7,4,0,0,0,6,2,0,1,3,9,0,3,14,1,1,10,4,3,9
1,3,3,6,8,1,13,2,0,1,1,9,7,0,8,6,0,4,2,0,6,0,44,0,2,8,6,2,6,8,2,0,2,0,7,6,16,11,16,0,30,7,1,28,4,9,1,4,1,3,9,0,0,0,0,11,0,0,13,0,4,2,0,0,0,29,2,0,4,0,1,1,7,10,1,16,16,16,4,0,12,1,0,1,0,0,0,2,3,1,2,1,3,3,0,0,1,1,3,0,0,6,5,3,0,41,36,0,0,8,17,3,9,5,43,0,9,2,2,8,1,1,3,4,3,0,0,1,1,0,0,1,163,6,4,21,3,1,5,4,2,15,2
11,1,0,0,3,6,0,0,9,0,11,1,3,0,1,1,12,8,24,13,12,3,13,0,11,0,5,15,0,0,9,5,4,10,0,2,0,2,0,2,6,1,13,0,0,0,5,0,1,1,1,16,23,0,43,0,0,0,0,5,9,17,16,5,8,0,0,7,1,13,12,3,0,16,1,0,1,3,17,9,0,11,0,34,0,0,13,0,1,2,4,0,28,11,5,18,2,0,14,4,2,5,4,2,1,1,0,0,0,1,2,1,1,1,1,0,0,16,13,3,0,3,0,3,0,0,3,4,7,0,0,14,1,10,0,0,3,3,6,5,0,11,9
15,7,0,5,1,9,6,3,0,3,4,5,2,0,13,1,2,6,0,0,1,0,15,2,0,12,4,0,11,3,2,4,7,3,1,0,10,9,10,0,3,0,4,15,3,10,11,5,0,0,2,0,2,0,0,1,13,0,0,2,5,3,13,1,0,7,10,0,1,10,1,1,8,3,0,7,0,8,3,6,3,3,0,0,1,0,0,2,11,5,1,0,4,3,4,0,0,1,4,3,0,5,2,17,0,10,5,1,1,2,3,0,0,2,1,0,6,8,0,4,1,1,2,5,0,1,0,2,2,0,0,3,8,2,11,16,6,2,4,2,1,14,1
5,0,0,0,9,4,0,0,2,0,0,1,9,0,0,1,10,4,13,3,9,5,31,1,1,0,4,9,0,2,4,7,7,5,4,16,0,4,0,4,12,8,20,3,8,6,22,1,0,0,0,0,2,0,1,0,0,5,2,0,11,30,16,2,0,1,1,5,1,49,16,19,3,20,8,1,0,1,19,14,0,2,0,20,0,11,4,0,3,0,15,2,8,4,20,6,4,0,20,4,3,0,0,5,18,2,26,0,0,2,3,0,1,6,0,0,0,11,20,0,0,6,10,0,2,0,13,16,3,0,0,5,1,1,0,0,1,0,7,0,0,4,12
12,5,1,2,10,25,13,4,1,11,6,5,1,0,4,7,21,6,8,9,2,2,18,3,3,3,22,2,3,8,17,8,9,4,9,4,1,7,11,1,15,0,17,8,0,12,4,9,5,3,3,1,7,0,1,0,4,9,5,11,0,14,15,4,1,5,4,0,7,8,37,1,4,17,0,19,5,4,16,27,0,10,4,21,2,12,8,1,5,16,19,12,2,17,2,10,8,0,4,5,8,9,4,6,8,18,14,0,0,2,21,0,8,7,8,0,15,19,2,2,1,5,3,7,8,0,3,3,7,3,0,9,4,6,0,31,10,5,3,10,2,19,7
8,4,12,0,11,5,0,0,7,6,4,1,4,0,2,0,9,8,56,24,15,1,7,0,2,4,27,27,4,3,3,10,14,11,0,37,11,2,3,2,15,12,14,3,2,3,19,6,1,0,0,12,13,0,18,8,2,17,3,30,14,0,8,16,9,0,0,0,4,2,3,11,3,9,1,5,0,6,21,5,0,6,2,28,0,7,13,1,6,8,16,0,10,9,14,37,10,0,18,10,16,4,2,8,6,1,4,0,0,1,1,0,0,8,2,0,2,6,13,1,0,3,3,2,0,0,9,49,8,10,0,12,1,14,0,29,2,12,7,19,0,27,12
15,0,16,3,33,42,0,0,11,4,6,0,23,0,1,0,34,1,12,11,32,3,80,2,8,1,13,89,1,8,20,5,23,13,18,22,11,4,21,1,27,4,13,0,11,2,18,2,3,0,6,8,10,0,3,0,0,16,13,16,15,8,0,8,11,0,0,4,3,17,21,28,0,32,2,0,2,1,25,27,0,11,0,14,0,16,1,0,0,1,11,2,6,8,17,21,11,0,22,21,3,0,5,3,0,0,8,8,0,0,1,2,2,17,2,0,12,21,21,11,0,5,12,2,1,0,28,9,7,3,0,11,1,23,0,0,4,1,4,21,0,9,20
9,0,3,0,3,3,1,1,19,0,8,0,7,0,2,0,13,10,25,16,17,8,2,0,6,1,2,11,1,5,0,8,13,26,0,19,3,5,2,10,3,0,12,0,0,8,1,1,1,0,0,11,3,2,5,2,0,5,1,2,4,16,8,0,35,0,1,8,7,0,5,9,0,7,14,2,2,0,3,5,0,10,0,21,0,5,3,0,3,1,1,0,3,2,2,23,8,0,4,2,1,2,2,9,17,2,2,0,0,0,3,1,0,17,0,0,2,4,55,0,0,10,0,0,0,0,16,0,37,1,0,32,1,13,0,3,2,3,0,12,0,0,7
4,0,1,0,0,0,0,0,4,0,0,0,44,0,0,0,5,6,3,13,13,12,1,0,19,0,6,40,0,3,1,6,2,7,0,2,0,2,0,1,0,0,5,0,0,12,8,0,0,0,0,19,0,0,6,0,0,8,0,0,1,9,11,35,0,0,0,15,0,0,0,13,0,2,7,0,0,0,0,8,0,22,0,0,0,22,18,0,1,0,4,0,8,10,6,9,45,0,8,4,17,0,0,2,9,0,0,0,0,0,1,0,0,23,0,0,0,2,5,3,0,13,0,0,0,0,15,0,31,0,0,1,0,2,0,0,1,0,0,18,0,1,2
4,17,0,4,0,17,16,16,0,15,0,3,1,0,9,9,0,0,0,0,0,0,18,24,0,8,0,0,6,4,0,0,9,0,10,0,20,3,14,0,24,0,1,12,9,8,8,30,16,12,6,1,1,3,1,1,29,0,7,1,5,0,0,0,0,0,8,1,10,2,5,0,11,2,0,10,32,21,1,5,14,0,5,0,12,1,1,11,17,3,0,1,0,0,0,0,0,9,0,6,0,3,6,3,0,13,10,6,8,23,3,4,9,2,27,0,7,7,0,2,12,0,18,13,2,2,0,0,2,6,4,2,10,8,7,16,13,10,2,0,2,13,2
0,25,0,13,0,0,27,9,0,8,3,11,0,1,14,15,1,4,0,0,0,0,8,15,0,16,1,2,5,10,0,0,0,0,8,0,26,2,22,0,26,1,0,10,11,7,0,64,21,13,11,0,0,7,4,1,2,0,10,1,4,0,0,1,0,8,0,0,7,0,3,2,7,4,0,16,38,0,0,6,5,1,0,0,2,0,1,12,7,1,1,3,0,1,0,0,1,17,0,0,0,4,10,9,0,11,27,0,2,8,13,3,21,1,23,0,4,5,0,3,19,0,45,8,8,0,0,0,0,17,5,6,14,0,8,17,2,28,1,0,10,4,2
3,0,0,0,0,6,0,0,0,0,3,0,3,0,0,0,1,2,0,8,1,1,3,0,3,0,10,2,0,3,2,1,0,3,1,0,0,0,0,1,0,0,2,0,0,0,0,0,0,1,0,3,1,0,13,0,0,7,0,5,0,0,4,8,15,1,0,0,0,0,0,1,0,2,0,0,0,0,1,6,0,3,0,5,0,3,2,0,3,0,0,0,5,0,7,7,5,0,11,1,0,0,0,0,6,0,0,0,0,0,0,0,0,4,0,0,0,0,8,0,0,3,0,0,0,0,7,4,11,0,0,5,0,5,0,0,1,0,3,6,0,0,3
7,3,4,2,7,11,4,4,0,6,4,7,4,0,8,2,1,3,1,4,5,0,4,2,1,9,0,1,1,9,9,4,7,1,3,1,11,4,23,0,20,7,5,6,1,5,0,10,8,3,3,0,2,0,0,9,4,1,1,1,7,4,3,7,0,10,7,0,0,5,16,0,8,9,0,16,4,5,1,19,2,11,0,3,0,1,2,2,16,13,3,3,4,1,3,0,0,6,2,0,3,3,3,5,0,7,15,27,0,4,2,4,9,1,5,0,6,17,0,12,0,0,7,7,0,3,1,0,0,5,0,0,6,2,1,22,17,22,2,1,5,9,1
5,0,0,3,3,6,0,2,1,0,1,0,1,0,0,0,21,3,3,0,0,0,3,0,1,1,2,0,0,0,2,2,1,0,1,1,0,3,8,1,3,10,2,0,1,6,0,1,0,0,0,0,6,0,0,0,0,13,10,49,8,2,17,0,0,2,0,0,5,0,0,2,0,9,0,1,1,1,0,9,0,2,0,0,0,0,13,2,2,4,1,2,1,2,0,0,1,1,2,0,0,4,0,0,0,3,3,2,0,0,2,1,0,0,0,0,2,4,0,0,0,1,1,6,1,0,1,0,4,0,0,6,0,1,0,0,0,2,7,4,0,1,0
1,4,0,0,19,14,1,12,0,13,11,0,16,0,4,13,1,0,0,1,2,3,18,4,1,4,4,0,1,7,23,9,0,0,10,3,0,5,0,0,11,0,10,8,4,9,29,2,18,5,0,0,16,13,5,1,1,12,1,16,37,3,21,5,0,5,3,0,16,0,0,7,1,49,0,1,14,10,5,30,1,6,0,32,18,0,0,39,0,17,12,7,0,2,2,0,0,25,0,6,0,1,8,2,0,3,26,1,0,3,13,4,24,1,3,0,0,8,8,3,19,0,6,7,6,0,0,6,8,1,29,5,0,15,4,11,10,21,10,0,11,18,6
0,0,4,4,1,5,0,0,0,3,3,2,5,0,8,0,1,9,0,4,15,0,4,1,3,6,22,3,2,13,6,23,16,2,3,6,3,6,0,0,10,2,0,1,0,3,15,1,2,0,0,15,23,0,6,15,1,3,1,19,1,11,28,9,13,0,2,1,0,2,7,0,1,7,2,2,1,1,6,3,0,15,0,6,3,3,2,0,1,2,1,1,2,5,9,16,2,0,12,20,8,3,5,8,0,13,16,0,0,0,7,6,4,3,3,0,5,1,1,3,0,4,4,6,1,0,9,7,8,0,0,0,1,12,2,1,9,5,3,12,0,2,22
3,14,0,7,2,3,7,13,0,7,0,3,0,0,9,10,0,1,2,0,3,0,7,3,0,12,2,1,0,1,0,1,3,0,3,4,2,9,14,0,26,0,0,5,4,11,0,9,22,14,21,0,5,2,0,4,7,0,8,3,4,3,0,0,0,11,7,0,8,0,1,1,0,0,0,8,16,12,2,3,1,1,1,0,7,2,0,0,6,8,2,6,0,0,0,0,0,11,0,2,1,2,0,6,0,12,12,3,10,13,7,13,3,0,18,0,0,2,9,5,7,0,9,1,22,2,0,4,0,11,8,0,10,2,6,8,6,9,0,1,7,19,0
15,21,10,5,7,12,0,4,3,5,15,1,7,0,1,1,4,12,15,1,6,1,50,5,4,3,24,11,3,7,27,11,5,3,4,9,6,9,1,1,21,1,17,5,1,5,24,10,6,0,0,0,23,2,4,10,10,16,3,20,17,9,32,7,2,2,4,2,9,9,49,7,0,0,1,0,16,1,9,24,1,8,0,34,0,2,5,2,31,8,21,10,0,6,3,2,2,0,8,9,10,11,1,3,1,2,45,0,0,7,7,7,11,5,3,0,0,17,4,3,1,1,7,6,2,0,2,7,12,1,0,0,4,19,0,3,15,12,15,6,0,10,13
12,0,4,0,2,0,0,0,4,0,1,0,0,0,0,0,2,4,15,43,15,11,0,0,3,1,1,0,6,2,0,7,1,12,0,3,0,0,0,5,2,0,13,0,0,7,2,0,0,0,0,11,15,0,32,6,1,1,0,8,0,1,2,14,7,0,0,0,0,0,0,2,0,1,0,0,0,0,0,2,0,11,0,26,0,4,1,0,1,5,6,0,6,8,1,6,5,0,1,1,0,0,7,1,7,0,2,0,0,0,6,1,0,24,0,0,0,3,0,0,0,11,3,0,0,0,14,0,8,0,0,0,0,48,0,0,1,0,0,11,0,2,4
3,6,0,6,2,0,15,8,0,32,1,5,1,0,18,3,1,4,0,0,0,0,9,1,1,19,4,1,1,2,0,0,1,1,1,0,11,10,13,0,7,2,0,17,0,8,1,20,4,4,1,0,0,0,1,4,16,0,7,1,19,5,0,2,0,10,16,0,16,1,1,2,8,0,0,0,5,0,5,1,0,11,1,0,0,1,0,0,2,11,0,0,0,2,1,0,0,1,0,1,0,0,11,9,0,3,14,0,0,22,18,5,7,3,5,0,7,1,0,10,1,0,1,3,5,0,1,0,2,5,0,0,11,1,2,60,7,1,3,5,0,15,1
0,55,0,14,5,6,35,32,1,4,0,6,0,10,5,33,0,4,0,0,4,0,58,28,1,8,1,0,1,4,2,4,1,0,64,0,1,0,12,0,103,2,0,0,54,3,5,152,48,74,23,0,3,57,0,0,16,1,0,0,5,0,2,2,0,32,38,0,4,1,14,1,16,16,0,5,0,30,0,18,17,2,6,2,49,0,0,34,14,12,2,32,0,0,1,0,0,46,0,7,0,2,1,28,0,7,3,2,39,15,9,12,41,0,16,0,3,3,0,5,56,0,33,8,40,12,0,0,4,46,39,1,9,0,32,14,46,103,2,0,42,3,3
3,30,2,23,5,5,4,16,1,6,0,3,1,7,16,25,1,6,0,0,1,0,14,16,1,1,6,9,0,4,3,0,7,0,21,0,22,2,3,0,65,0,0,11,20,5,3,21,23,25,31,0,1,22,9,3,16,3,8,1,4,6,1,0,0,21,0,0,5,1,10,1,12,1,0,0,30,0,0,15,2,10,1,0,18,0,1,3,49,6,5,5,3,0,1,0,12,6,1,11,0,7,1,21,0,6,12,1,7,3,1,8,2,1,10,0,13,5,2,2,37,0,7,19,20,0,0,0,0,20,12,2,5,9,7,5,8,13,1,3,5,4,2
24,1,42,0,18,5,4,0,15,1,4,0,24,0,16,0,10,9,37,11,12,23,7,2,2,0,2,17,0,3,19,5,24,1,0,6,4,6,6,3,5,0,3,0,0,5,8,1,4,2,8,10,21,0,4,4,4,17,3,19,16,21,25,3,0,1,0,1,1,0,5,6,2,9,0,5,0,0,0,6,0,7,0,15,0,0,7,0,7,0,10,0,0,11,3,12,1,0,17,23,22,10,4,3,1,4,8,1,0,0,0,2,0,2,0,0,11,17,21,6,0,8,5,2,3,0,2,20,3,0,0,22,1,2,0,0,4,5,2,0,0,3,18
11,16,3,13,5,59,0,2,11,21,2,0,2,0,7,4,5,6,6,0,22,1,29,0,7,6,9,2,1,7,24,9,22,6,5,8,2,12,12,3,13,1,6,8,5,6,17,9,7,6,1,0,23,0,28,3,0,9,6,14,27,5,27,5,8,5,6,6,19,9,30,3,3,24,2,1,18,15,6,0,1,20,4,10,0,5,1,0,5,13,15,8,4,5,19,6,0,6,4,22,3,16,1,3,1,8,63,3,1,4,6,8,3,6,6,0,23,22,27,4,4,1,14,7,0,0,11,2,5,4,0,11,0,2,0,21,10,11,3,13,0,19,8
1,15,0,32,1,0,6,17,0,4,0,1,0,0,13,7,0,3,0,0,0,0,17,4,0,4,0,0,2,0,0,0,0,5,7,0,0,0,3,0,8,6,0,4,18,1,1,15,10,25,2,0,0,21,0,8,12,0,3,0,0,0,0,0,0,14,5,0,2,0,1,0,1,1,0,0,17,2,0,1,0,0,1,0,11,0,1,9,0,0,0,2,0,0,0,0,0,6,1,0,0,1,4,3,0,2,1,1,11,11,3,1,9,0,4,0,0,1,0,0,38,1,3,10,2,0,0,0,0,18,7,0,17,1,1,3,8,3,0,0,7,0,0
26,2,19,3,26,9,4,5,0,7,5,3,6,0,4,0,6,13,9,8,7,6,6,0,19,0,10,28,2,28,2,19,18,9,1,36,7,7,1,1,11,4,16,1,1,5,4,9,2,1,3,7,8,0,6,3,1,11,3,2,10,6,11,10,22,0,1,3,11,2,6,15,1,8,11,11,2,10,7,20,0,0,1,7,0,9,6,1,16,15,2,1,1,0,4,4,8,1,22,11,18,5,9,4,13,0,4,0,0,1,5,13,3,20,6,0,3,13,3,1,0,1,2,10,0,0,14,1,12,0,0,8,7,2,0,8,5,15,6,9,0,17,4
0,1,2,0,1,0,0,0,0,0,0,0,0,1,1,0,0,0,0,0,0,0,5,1,0,0,0,0,0,0,0,0,0,0,1,0,0,1,0,0,2,0,0,1,2,0,0,2,2,6,1,0,1,3,0,0,0,0,0,0,4,2,0,0,0,5,0,0,0,0,0,0,1,0,0,1,6,1,0,4,1,1,0,0,0,0,1,0,0,2,4,0,0,0,0,0,1,1,0,0,0,0,0,0,0,0,0,1,0,1,2,0,0,0,0,0,1,0,0,0,3,0,4,0,1,0,0,0,0,1,1,0,6,0,0,1,0,3,2,0,0,5,0
24,4,5,0,4,24,0,0,1,0,33,0,1,0,0,1,11,7,35,8,15,4,11,0,8,0,5,7,0,0,27,19,0,4,3,9,5,1,4,0,6,0,16,0,1,17,10,5,2,0,3,0,32,0,0,0,1,34,0,20,21,28,14,21,0,0,0,5,3,0,32,6,0,34,26,0,2,0,15,10,0,7,0,0,2,6,1,0,0,1,7,1,7,0,4,7,3,0,6,12,7,2,0,0,10,5,35,0,0,4,1,2,0,15,3,0,0,17,35,1,0,7,0,7,0,0,5,62,13,0,0,21,0,12,0,0,3,0,7,3,0,3,3
0,25,0,6,0,0,1,18,0,0,1,0,0,2,15,61,0,0,0,0,0,0,16,9,3,8,0,0,1,2,0,0,0,0,12,0,1,0,0,0,41,0,2,0,5,1,0,13,21,10,18,0,3,1,0,0,0,0,1,0,2,0,0,0,0,12,2,0,0,0,18,3,7,0,0,0,49,18,0,0,11,0,0,2,0,0,0,8,0,3,0,9,0,0,0,0,0,11,0,0,0,0,7,3,0,12,17,6,7,14,0,0,9,0,0,0,1,0,0,0,15,0,5,4,2,8,0,0,0,7,17,1,0,0,4,1,4,3,0,0,10,0,0
1,0,10,0,2,3,0,1,4,1,3,0,4,0,0,0,1,2,10,17,8,22,5,0,8,0,5,3,6,1,0,1,4,9,2,6,0,0,7,3,2,13,16,1,0,2,1,0,1,0,0,3,0,0,2,2,0,0,0,11,12,7,16,5,22,1,0,3,1,0,0,3,2,2,4,1,0,0,0,5,0,9,0,6,0,0,1,0,2,1,0,0,7,11,2,15,9,0,17,2,16,0,7,1,13,1,4,0,0,1,0,0,0,3,0,0,1,1,5,2,0,8,1,1,10,0,2,3,3,1,0,0,0,1,0,2,1,1,3,8,0,1,6
1,0,3,0,4,0,0,0,0,1,2,0,1,0,0,0,23,5,0,5,1,0,0,0,1,1,6,39,5,2,0,12,1,14,0,3,0,4,1,1,1,1,12,0,0,1,6,0,1,0,6,12,3,0,18,1,0,13,0,4,8,13,1,3,18,1,1,2,2,13,0,2,0,5,1,0,0,1,7,1,1,6,1,1,0,1,0,0,4,0,0,0,25,3,0,3,32,0,9,17,7,0,3,2,2,0,1,0,0,1,1,0,1,10,0,0,0,0,0,1,0,12,1,1,0,0,10,0,29,0,0,20,0,40,0,4,0,1,1,17,0,5,3
0,7,0,8,0,0,19,39,0,4,0,5,0,0,6,9,0,2,0,0,0,0,19,8,0,0,0,0,2,2,3,1,0,0,7,0,1,1,0,0,31,0,0,5,2,7,1,4,17,18,6,1,0,5,1,0,2,0,2,0,1,1,0,0,0,11,12,0,2,2,39,0,0,2,0,0,34,3,0,0,9,1,0,0,8,0,0,0,10,2,1,4,0,5,0,0,0,12,0,0,0,0,4,21,0,5,10,15,8,13,2,5,9,0,7,0,1,1,0,0,22,0,0,4,14,4,0,0,0,6,7,0,6,0,6,4,2,5,0,0,9,1,2
11,18,1,12,5,2,1,1,3,7,1,1,4,0,11,2,1,9,5,1,4,0,31,1,10,13,9,8,11,4,4,2,4,1,45,2,20,11,2,0,35,5,0,3,1,2,5,10,5,4,8,1,2,1,3,13,3,1,11,3,5,6,0,3,1,17,7,3,16,2,0,1,6,31,1,2,14,49,7,5,0,16,0,0,0,2,4,10,0,2,2,6,12,0,1,0,9,0,18,13,1,7,6,10,0,7,23,0,1,5,2,6,20,3,3,0,7,12,1,14,0,1,12,24,3,3,1,0,3,5,0,2,6,14,0,5,16,36,12,7,1,8,3
0,12,0,3,16,10,11,1,0,12,1,3,20,0,2,2,0,15,0,0,9,0,9,4,1,6,1,0,2,0,6,7,2,0,0,1,2,0,17,0,28,0,7,3,0,2,6,11,7,5,2,0,9,0,0,3,1,2,5,0,16,8,1,1,0,3,1,0,13,4,17,2,8,8,5,11,12,6,0,13,0,15,2,1,3,1,0,2,2,0,7,5,0,1,0,0,1,15,0,0,2,8,3,7,0,9,12,0,0,3,9,2,2,0,18,0,6,1,1,1,1,0,15,15,0,0,0,0,0,4,0,0,5,1,7,24,6,12,5,0,0,29,1
6,4,6,4,7,20,0,1,11,5,17,0,3,0,2,1,2,0,28,4,9,11,9,1,3,0,5,0,0,1,25,8,3,1,2,0,1,0,3,7,2,1,7,5,0,3,2,2,1,0,0,4,4,0,10,9,2,4,1,15,19,16,11,1,4,0,1,0,3,1,12,1,2,21,6,0,2,5,10,15,0,2,4,7,0,0,0,1,2,7,0,1,4,0,11,6,0,8,7,8,4,9,0,2,6,9,4,3,0,0,4,12,0,3,3,0,5,9,2,4,0,8,1,0,0,0,6,17,0,2,0,6,3,20,0,3,4,3,17,4,1,2,3
0,7,13,2,1,2,2,18,1,4,0,0,0,6,10,13,0,1,0,0,0,0,10,4,0,6,0,2,2,0,11,0,0,0,15,0,7,0,4,0,15,1,2,3,9,10,1,13,11,20,2,0,1,10,1,2,1,0,0,2,12,0,2,0,0,1,3,0,3,2,7,1,6,10,0,0,32,5,0,8,2,1,0,1,9,0,0,4,6,5,1,0,3,0,0,0,0,11,2,3,0,0,1,9,0,0,9,2,7,5,0,1,21,0,2,1,3,1,2,8,10,0,7,13,5,4,0,4,0,6,14,0,5,2,7,0,2,4,0,5,6,0,1
4,0,12,0,4,8,0,0,28,0,7,0,1,0,1,0,12,1,8,6,24,8,17,0,1,5,4,13,0,2,2,3,3,2,0,6,2,6,0,5,0,10,11,0,1,5,0,3,0,1,2,5,2,0,8,3,3,28,4,8,2,10,6,3,8,0,0,5,4,1,0,2,0,0,6,0,0,3,0,4,0,1,0,7,0,7,25,0,12,0,4,3,0,9,6,3,11,0,29,4,6,1,14,1,6,3,0,0,0,0,1,0,0,4,0,0,0,7,7,1,0,8,1,0,0,0,12,14,18,3,0,13,0,9,0,0,3,0,9,17,0,1,0
1,1,2,0,0,2,0,0,3,1,23,6,9,0,0,1,1,3,1,0,12,0,1,0,3,3,13,9,4,3,3,0,6,1,0,0,1,4,4,0,3,5,2,6,1,3,7,3,0,0,2,1,1,0,2,5,3,11,3,4,17,9,8,2,10,0,1,0,1,2,2,5,0,6,8,2,0,0,11,5,0,0,0,0,0,11,3,5,0,1,0,0,9,0,2,10,2,0,2,3,6,0,22,1,9,1,2,0,0,0,0,0,0,0,1,0,0,6,3,9,0,3,0,7,1,0,2,8,4,2,0,4,1,6,0,1,1,1,5,10,1,0,8
7,0,6,0,5,3,0,0,24,0,13,1,8,0,0,1,4,0,20,6,9,2,5,1,5,1,2,21,0,3,14,3,23,15,0,33,0,0,0,1,4,3,4,0,0,1,10,6,0,1,0,0,7,0,2,1,0,5,4,20,2,14,17,2,6,0,0,7,3,0,2,9,0,3,1,1,1,1,3,19,0,4,0,4,0,2,0,0,1,0,11,0,6,2,0,2,5,2,10,3,67,1,1,0,10,2,2,0,0,0,0,3,6,55,0,0,1,2,12,0,1,6,2,2,0,0,0,18,0,0,0,15,0,9,4,0,0,1,14,4,0,3,2
6,0,0,0,0,8,0,0,10,0,1,0,3,0,0,0,22,1,21,20,5,0,7,0,5,0,8,3,0,0,3,15,15,10,0,7,0,4,0,3,1,0,19,0,0,7,1,0,0,0,0,19,0,0,14,0,0,18,0,6,10,37,21,23,9,0,0,7,0,0,0,16,0,2,6,0,0,0,12,6,0,4,0,7,0,15,3,0,0,0,6,0,3,10,2,0,10,0,5,14,12,0,20,0,7,2,0,0,0,0,0,0,0,10,0,0,0,5,35,1,0,13,3,0,0,0,11,1,43,0,0,29,0,7,0,0,2,1,65,33,0,0,6
2,0,1,2,11,1,1,0,8,1,1,0,19,0,0,0,13,1,11,18,5,42,0,0,7,0,11,17,1,0,5,6,17,6,0,6,0,0,3,1,0,15,17,2,0,2,3,0,0,0,0,35,6,0,5,0,1,2,0,4,8,10,11,8,45,0,1,5,0,1,0,2,0,2,5,0,0,12,1,0,0,8,1,3,0,9,32,0,9,1,0,0,11,2,5,10,0,0,15,3,6,15,10,0,8,2,4,0,0,0,0,0,2,52,0,0,1,7,4,3,0,11,1,2,0,1,9,1,19,0,0,11,0,6,0,3,1,3,4,9,0,0,3
0,30,0,3,0,5,1,13,0,6,0,0,2,2,3,34,0,0,1,0,0,0,9,6,0,1,0,0,0,4,0,0,0,0,4,0,0,0,0,0,27,0,0,0,4,0,1,20,11,8,7,0,0,12,0,3,1,0,1,0,0,0,0,0,0,9,17,0,6,1,25,0,11,0,0,1,46,6,0,6,6,1,1,0,11,0,0,12,0,15,8,11,0,0,2,0,0,0,0,0,0,0,0,7,0,5,0,12,2,7,4,2,23,0,0,0,0,1,0,1,4,0,1,1,2,6,0,0,0,12,6,0,1,0,3,4,8,17,0,0,8,3,0
4,3,9,0,11,6,0,1,6,2,0,0,35,0,0,0,7,0,10,16,6,23,4,0,12,2,9,25,8,3,0,7,24,12,0,25,0,8,0,0,4,15,6,0,0,2,17,1,0,2,1,4,5,0,0,4,3,14,4,20,4,18,22,4,8,0,0,11,2,2,0,12,0,8,1,0,0,1,17,4,1,22,0,6,0,17,9,0,18,0,7,2,29,2,10,5,15,0,0,14,11,2,6,5,10,7,0,1,0,0,0,0,0,5,0,0,0,8,19,10,0,9,1,6,0,0,8,13,3,0,0,26,1,6,0,5,0,0,3,27,0,4,8
11,5,5,0,6,18,0,0,1,3,0,0,4,0,0,0,8,6,2,5,12,4,6,0,2,3,4,2,8,14,17,13,11,5,1,1,7,1,9,1,2,1,18,2,2,6,12,2,2,0,2,9,0,0,7,0,0,4,3,4,5,10,21,2,4,6,0,1,0,0,6,20,2,9,1,1,7,11,23,22,0,11,0,12,0,2,17,0,13,0,8,3,4,3,3,14,3,0,14,0,6,2,1,4,4,3,7,0,4,0,5,0,1,1,0,0,2,7,1,5,0,1,2,2,0,0,8,11,9,1,0,1,4,17,0,4,12,1,7,12,0,7,6
4,0,13,0,9,1,0,0,9,0,10,0,28,0,3,0,19,7,17,3,14,12,0,0,0,1,5,10,0,1,45,1,3,4,2,4,1,1,2,1,0,10,9,2,0,0,1,0,0,1,0,3,12,0,2,1,0,2,0,3,8,16,3,1,17,0,0,0,3,0,0,8,1,10,0,0,0,0,22,3,0,18,0,7,0,16,7,0,1,2,4,0,6,6,67,12,6,0,11,6,0,1,5,1,9,4,1,0,0,0,0,0,3,2,0,0,4,4,2,4,0,2,1,3,0,0,1,6,0,1,0,19,0,2,0,0,2,1,6,27,0,2,14
6,6,3,4,3,5,2,1,2,1,0,6,0,0,4,0,0,3,2,1,3,0,7,2,3,4,1,4,4,6,7,7,4,15,1,10,2,9,9,2,4,3,5,2,1,3,23,2,0,1,3,1,14,1,0,11,6,5,5,0,9,4,0,2,0,3,4,0,3,4,1,3,2,11,0,0,2,7,10,16,1,5,0,2,0,0,0,0,7,8,9,0,1,0,1,0,15,0,2,2,1,0,2,5,1,8,6,0,0,2,6,1,0,8,9,0,3,4,0,8,0,0,10,2,2,0,0,5,4,0,0,9,2,7,1,3,2,4,0,6,2,12,5
10,1,0,0,9,6,3,1,0,4,12,13,3,0,3,1,8,6,0,4,0,0,9,3,2,17,10,10,5,16,1,5,4,8,3,1,18,3,0,0,7,3,14,9,1,16,8,7,2,1,0,0,14,0,1,5,5,4,2,0,4,2,5,2,0,6,10,0,3,0,8,5,0,1,7,11,1,1,4,1,4,9,0,0,7,7,3,4,6,3,0,1,14,22,1,20,10,0,6,1,5,2,0,5,0,5,12,0,0,7,10,2,0,8,5,0,4,1,1,14,2,3,1,2,0,0,0,0,2,1,0,4,2,24,1,2,4,1,1,3,1,25,5
6,5,0,15,1,12,7,16,0,8,1,10,3,1,7,13,3,2,0,0,2,0,11,11,0,2,2,0,4,5,3,4,1,0,8,2,16,5,15,0,17,0,2,1,6,7,4,9,12,10,11,2,0,5,0,18,3,2,17,5,6,8,3,9,2,3,9,0,5,0,2,8,6,3,1,9,28,21,3,3,3,4,0,0,3,1,2,21,10,7,2,9,1,1,0,0,0,7,5,4,1,5,5,0,8,25,9,1,3,7,5,3,3,2,8,0,8,4,3,10,5,0,3,5,15,1,2,3,2,24,5,3,11,2,5,5,13,21,0,3,6,11,0
15,0,1,0,0,10,0,0,6,2,1,0,11,0,0,0,4,3,49,9,10,2,1,0,5,0,5,15,0,0,15,1,1,41,4,1,0,1,1,23,1,0,10,6,0,2,0,0,0,1,0,4,3,0,1,3,0,1,0,18,8,6,0,17,9,0,0,6,0,0,0,0,0,1,7,0,0,0,1,1,0,13,0,10,0,13,2,0,0,0,6,0,6,9,10,7,8,0,10,4,9,1,0,8,0,0,0,0,0,0,3,0,0,1,0,0,0,1,4,3,0,2,0,0,0,0,1,11,8,0,0,3,0,0,0,0,5,0,2,8,0,0,35
3,5,2,38,4,5,7,1,3,13,2,4,4,2,2,2,3,2,2,0,1,0,14,2,0,6,2,0,12,13,5,1,1,0,12,0,5,9,7,0,26,1,2,9,3,7,15,9,2,2,4,2,3,0,1,18,41,1,10,2,18,1,0,2,0,13,11,0,7,3,3,13,12,2,0,3,7,6,4,8,2,0,0,5,12,1,0,5,7,9,9,0,3,1,2,2,2,5,7,3,4,8,5,25,0,0,20,0,1,8,3,6,6,1,11,0,25,5,0,19,2,8,1,14,6,2,1,1,3,12,0,0,31,0,4,27,10,9,3,1,2,21,0
4,10,0,15,12,9,8,3,0,4,4,8,6,0,10,2,1,3,0,0,8,0,7,0,1,6,1,1,8,4,12,9,3,7,19,4,22,1,38,0,8,5,7,2,6,15,4,15,4,5,9,0,10,0,3,5,36,0,5,26,14,4,8,2,0,10,27,0,15,3,26,16,12,45,2,14,3,12,8,63,1,4,0,35,17,4,1,10,23,12,4,9,0,2,2,0,4,0,0,7,1,6,12,9,0,20,0,3,1,6,2,0,4,2,12,0,19,3,5,3,5,0,18,9,8,0,6,4,0,5,0,1,14,0,0,8,14,27,6,0,3,17,3
0,3,0,10,0,1,0,6,0,1,0,0,0,0,0,0,1,0,0,0,3,0,7,3,3,0,0,0,0,4,20,0,0,1,4,0,0,1,5,0,2,0,0,0,5,1,2,1,7,15,1,0,0,14,0,0,0,0,1,0,0,0,8,0,0,6,0,0,27,2,1,0,3,0,0,0,2,1,1,3,1,0,1,0,6,0,0,15,0,0,3,2,0,0,0,0,0,12,1,0,0,0,0,1,0,0,3,0,7,1,7,0,31,0,4,0,2,1,0,0,6,3,0,3,2,0,0,1,0,5,4,0,1,1,12,1,1,2,0,0,0,0,0
1,2,0,17,1,0,3,8,0,0,0,2,1,6,3,5,0,0,0,0,0,0,5,7,0,0,0,0,0,0,0,0,5,0,4,0,0,0,2,0,11,2,0,0,3,4,1,10,11,26,7,0,0,5,0,0,0,0,1,0,0,0,0,0,0,8,2,0,0,0,0,0,10,0,0,0,39,7,0,1,11,0,0,0,7,0,0,8,1,0,0,7,0,0,0,0,0,2,0,4,0,0,0,3,0,1,1,7,0,4,1,3,12,0,4,0,0,0,1,0,14,0,2,1,13,3,0,0,0,5,17,0,1,0,4,5,0,5,0,0,8,1,0
0,13,0,8,0,1,9,7,0,1,1,7,0,1,5,6,0,0,0,0,0,0,5,9,0,13,4,3,1,2,6,1,0,0,4,0,10,4,21,0,13,0,0,5,4,9,0,23,14,15,5,0,1,1,0,3,8,1,2,2,2,1,0,0,0,23,8,0,4,0,3,0,13,7,0,22,15,3,0,4,11,1,1,4,14,1,1,13,5,3,0,5,0,0,0,0,0,7,0,0,0,2,7,7,0,8,6,1,4,0,10,6,3,0,14,0,7,5,0,9,7,0,6,12,32,3,0,0,1,13,2,0,9,1,11,7,10,14,1,2,4,10,2
7,11,1,9,4,2,19,4,1,7,2,1,1,0,7,3,3,0,0,0,1,0,24,8,0,9,4,8,4,6,1,6,10,2,1,0,10,7,30,0,19,5,11,4,2,21,29,4,19,4,7,7,2,0,0,11,17,2,3,3,21,1,1,3,1,3,13,0,2,2,13,7,7,7,6,18,9,1,0,6,3,5,2,1,0,0,1,2,2,9,4,0,1,0,0,0,0,4,0,5,0,6,10,5,3,3,2,7,1,10,0,1,0,2,20,0,0,9,0,10,1,2,4,7,5,0,0,0,4,5,0,3,17,13,0,10,8,3,1,0,2,16,1
3,6,0,8,2,1,20,13,0,2,1,6,2,0,3,1,0,0,0,0,1,0,16,0,0,8,2,10,1,2,0,2,2,1,4,0,6,11,13,0,26,0,4,20,0,19,8,15,5,7,2,0,5,1,4,4,3,1,0,0,0,0,2,1,0,4,3,0,4,1,4,6,13,7,1,5,12,8,2,8,1,13,0,2,0,0,0,5,6,2,12,1,0,0,3,0,0,2,0,0,0,1,2,3,0,6,0,0,3,6,1,0,6,0,11,0,5,0,0,12,4,0,0,3,7,2,1,0,2,5,0,0,8,5,2,7,12,17,10,0,0,4,7
0,10,0,14,0,0,1,10,0,3,0,0,0,0,5,8,0,0,0,0,1,0,9,0,1,2,2,2,1,0,3,1,1,1,10,0,2,0,8,0,16,0,0,0,2,0,1,5,13,25,5,1,2,2,0,1,9,1,0,1,8,0,2,0,0,9,21,0,9,0,24,4,3,11,0,7,41,2,0,3,9,3,0,0,9,0,1,9,20,2,0,21,0,0,6,0,2,23,0,1,3,0,0,3,0,6,4,31,12,3,0,6,0,0,1,0,0,3,0,2,30,0,0,4,0,4,1,0,0,20,34,0,19,1,30,2,20,12,0,0,23,0,0
4,0,11,1,7,9,0,1,13,5,4,1,14,0,1,0,4,6,21,12,5,22,3,0,7,3,3,23,0,0,2,13,21,8,1,3,1,0,1,1,2,0,7,1,0,7,4,2,2,0,1,10,5,0,3,4,5,1,2,6,7,8,17,17,23,2,1,4,1,0,1,3,0,5,24,3,0,1,2,6,0,20,0,15,0,3,10,0,3,0,3,0,4,0,55,10,52,0,5,1,2,8,8,2,1,1,2,0,0,0,2,0,0,0,5,0,2,3,2,4,0,1,0,1,0,0,11,3,1,1,0,17,0,2,0,11,0,3,1,14,1,1,2
0,21,0,10,1,1,21,11,1,2,0,7,1,0,1,16,0,2,0,0,0,0,16,12,5,10,6,0,7,9,0,1,15,1,8,0,14,6,20,0,49,0,3,14,0,7,8,22,26,3,15,0,3,0,4,8,43,1,1,0,8,2,2,0,0,27,23,0,5,0,3,3,18,3,0,5,16,10,0,6,4,6,0,3,0,0,0,7,3,18,3,2,0,1,0,0,0,0,0,0,0,9,5,8,0,11,12,4,4,14,20,11,1,5,0,1,5,2,1,6,2,2,4,12,4,1,0,0,0,11,0,1,30,0,2,10,4,21,0,0,9,8,2
0,1,0,0,0,0,0,0,0,0,0,0,0,0,0,1,0,0,0,0,0,0,0,1,0,0,0,0,0,0,0,0,0,0,0,0,0,0,0,0,1,0,0,0,0,0,0,0,0,1,0,0,0,0,0,0,0,0,0,0,0,0,0,0,0,0,0,0,0,0,0,0,0,0,0,0,0,0,0,0,0,0,0,0,0,0,0,0,0,0,0,1,0,0,0,0,0,0,0,0,0,0,0,0,0,0,0,0,0,0,0,0,0,0,1,0,0,0,0,0,0,0,0,0,0,0,0,0,0,0,0,0,0,0,0,1,0,0,0,0,1,0,0
10,1,1,12,1,6,7,1,0,13,2,8,5,0,5,4,4,4,0,0,2,0,8,2,0,13,6,5,3,0,5,4,2,2,0,2,12,1,23,0,9,1,3,16,1,13,0,8,1,1,11,1,11,0,1,3,9,0,6,0,15,2,12,2,0,7,4,0,6,2,0,5,0,0,0,7,3,13,11,23,0,3,1,0,1,1,0,1,7,6,5,3,0,0,1,0,1,0,0,2,4,3,4,8,0,25,19,2,0,7,0,5,0,2,5,0,0,14,0,7,3,1,1,15,4,0,2,0,6,5,0,5,12,3,0,8,12,2,3,0,1,11,2
32,1,2,1,3,10,0,0,1,3,5,0,4,0,5,0,12,6,14,5,18,2,5,0,2,1,25,19,1,4,10,9,8,2,1,15,1,0,8,5,3,9,16,0,2,4,2,3,0,0,2,6,9,0,14,4,2,16,8,11,19,6,21,4,2,7,5,0,17,4,8,1,2,17,3,1,3,5,17,22,1,13,0,17,0,1,0,1,12,1,9,1,7,6,2,5,7,1,8,7,4,4,1,4,1,5,3,1,0,5,9,0,3,3,2,0,14,0,13,4,0,4,5,2,0,0,7,26,5,1,0,15,6,9,0,7,5,1,5,21,0,12,13
2,0,22,0,37,2,0,0,17,0,5,0,0,0,0,1,12,0,47,21,13,0,5,0,12,0,3,1,1,2,1,0,1,0,0,36,0,0,1,0,1,0,5,0,0,1,4,3,0,1,0,1,4,0,1,0,2,13,0,20,2,13,21,55,5,0,0,8,0,0,8,1,9,4,0,0,0,2,21,27,0,3,0,35,0,5,0,0,1,1,2,2,7,3,12,35,4,0,19,1,2,0,1,3,4,0,5,0,1,0,0,0,0,2,1,0,0,13,0,0,0,3,3,0,1,0,1,25,7,1,0,21,0,2,0,0,4,3,42,26,0,2,3
0,4,1,0,3,2,7,3,1,4,1,1,3,0,6,0,1,1,3,1,2,0,7,7,1,6,3,10,5,6,0,2,21,0,1,0,5,8,7,1,15,10,3,13,0,7,3,5,3,0,0,4,2,0,1,16,8,3,4,0,2,1,11,0,3,2,3,0,12,0,3,3,5,3,0,10,5,2,6,4,0,1,0,1,0,2,1,0,14,1,4,8,1,9,0,1,3,1,10,5,4,8,14,10,3,19,3,0,0,9,10,12,2,4,6,0,7,4,0,0,0,0,0,4,0,0,1,2,2,5,0,0,6,11,0,9,6,6,1,13,2,5,8
0,15,0,17,0,0,2,34,0,3,0,3,0,0,7,20,0,0,0,0,0,0,13,15,0,4,0,0,0,0,0,1,0,1,10,0,1,0,6,0,29,0,0,2,13,0,0,19,19,32,10,3,0,18,0,0,1,0,1,0,1,0,0,0,0,12,19,0,0,0,19,0,7,1,0,1,56,37,0,4,38,0,3,0,15,0,0,22,0,1,0,10,0,0,1,0,0,4,0,0,0,0,2,5,0,2,5,6,14,7,1,4,30,0,2,0,3,0,0,0,0,0,4,0,11,6,0,0,0,15,40,0,5,0,14,1,9,13,0,0,26,1,1
8,0,22,0,2,5,1,1,3,1,0,0,5,0,1,0,1,0,19,8,1,6,1,0,4,4,26,11,6,3,8,1,5,25,0,2,0,6,1,2,1,7,7,0,0,12,1,1,0,0,0,9,20,0,2,8,1,3,1,6,5,3,5,10,13,0,0,3,0,1,0,4,0,1,11,0,0,0,8,1,1,1,0,7,0,8,12,0,1,0,8,0,8,3,6,13,11,0,9,1,2,0,3,0,2,8,0,3,0,0,2,0,0,1,2,0,1,4,3,0,0,0,0,1,0,0,6,8,3,1,0,11,0,6,0,1,0,0,2,16,0,2,18
2,6,1,23,5,7,1,14,0,23,2,8,0,0,13,5,0,0,0,0,1,0,19,3,1,2,2,0,2,1,5,3,6,1,4,0,12,0,34,1,46,7,1,1,3,1,7,8,18,1,5,0,11,0,2,3,3,0,2,10,3,3,12,0,0,18,45,0,7,1,6,4,9,7,3,1,33,7,5,14,3,2,4,0,5,1,1,0,12,15,1,7,1,0,2,3,1,1,1,2,1,10,1,3,0,1,18,0,2,6,4,0,0,0,4,0,1,5,3,0,4,0,0,4,4,2,1,4,1,2,0,14,25,0,0,2,20,45,0,0,2,24,4
1,5,9,5,3,8,13,5,0,9,13,1,1,0,10,0,1,4,0,0,4,0,12,0,3,8,5,13,6,7,5,1,8,5,4,0,7,14,15,3,43,0,0,16,8,14,9,7,5,0,5,0,6,0,0,7,4,3,5,0,7,2,2,0,0,13,8,0,7,6,7,6,1,6,0,3,8,19,2,7,10,10,0,7,4,1,1,4,24,15,0,13,0,7,2,0,2,1,6,2,3,2,2,5,0,14,9,3,1,12,7,3,4,1,12,0,15,2,0,4,0,1,4,0,7,0,0,1,2,7,0,12,102,0,0,10,5,0,3,1,0,11,1
0,33,0,4,1,0,0,5,0,5,0,1,0,1,3,13,0,0,0,0,3,0,13,17,0,2,0,0,0,3,0,0,0,1,16,0,3,5,7,1,16,0,4,0,5,5,2,12,21,13,6,0,0,14,0,4,3,0,0,2,8,0,1,0,0,2,8,0,0,1,6,1,22,2,0,5,40,20,3,0,2,0,1,0,2,10,0,14,3,0,0,5,0,1,0,0,0,2,0,0,0,2,0,15,0,6,8,2,13,32,5,7,0,0,4,0,4,0,1,0,11,0,4,7,0,3,0,0,0,9,5,0,1,0,3,5,16,1,0,0,4,8,0
0,6,0,0,2,0,0,0,1,0,0,0,0,2,2,7,0,0,0,0,1,0,0,1,0,0,0,0,0,0,0,0,0,0,0,0,0,0,0,0,8,0,0,1,0,0,0,1,7,4,2,0,0,11,0,0,0,0,1,0,0,0,0,0,0,2,0,0,3,0,0,0,2,0,0,0,12,0,0,0,0,0,0,0,8,0,0,4,3,0,0,4,0,0,0,0,1,6,0,0,0,0,0,1,0,2,0,0,3,3,0,2,4,0,1,0,0,0,0,0,6,0,2,0,3,0,0,0,0,4,3,0,0,0,0,0,5,8,0,0,0,0,0
2,0,4,0,0,0,0,0,2,0,0,0,0,0,2,0,10,1,7,2,3,5,4,0,1,0,8,0,1,0,1,3,2,12,0,1,0,1,0,0,0,0,5,0,0,1,1,3,0,0,0,7,5,0,0,0,0,3,0,13,3,9,28,16,15,0,0,7,1,1,0,9,0,2,14,1,0,0,2,11,0,14,0,5,0,2,10,0,1,0,6,0,12,2,0,11,9,0,8,8,1,0,0,2,1,1,6,0,0,0,0,1,1,11,0,0,2,7,1,1,0,6,1,0,0,0,0,12,16,0,0,15,0,12,0,1,3,1,10,32,0,0,2
1,0,14,1,1,11,0,0,41,0,21,0,46,0,0,0,27,0,80,5,28,1,25,0,0,0,10,5,0,0,14,0,0,12,6,34,3,2,0,1,6,0,32,0,0,0,55,0,0,0,0,8,14,0,0,0,1,4,2,16,3,49,9,0,0,0,0,4,0,0,6,7,4,7,0,0,0,0,20,2,0,1,0,62,0,3,0,0,0,0,17,4,14,8,18,1,1,0,13,11,6,5,0,3,11,1,4,1,0,0,0,0,0,3,0,0,0,26,25,2,0,8,4,1,0,0,12,0,5,0,0,35,0,18,1,0,2,2,15,2,0,12,25
3,0,8,0,8,12,1,0,9,0,2,0,0,0,1,0,10,14,23,5,15,1,4,0,6,1,2,2,13,8,11,6,3,30,0,7,1,6,1,8,1,0,4,1,2,0,16,0,2,0,2,16,5,0,29,6,1,7,2,3,7,8,7,37,31,2,0,11,0,4,8,8,0,12,8,2,4,0,3,5,0,12,0,13,0,3,29,0,3,0,0,0,18,4,0,43,19,0,3,9,0,4,2,2,8,3,0,0,0,1,4,2,0,1,0,0,6,5,7,2,0,3,1,2,0,0,16,5,0,0,0,9,2,32,0,2,5,1,26,18,0,4,8
1,13,0,11,1,3,6,6,0,0,0,5,1,9,19,9,0,0,0,0,1,0,19,9,0,6,2,0,2,4,0,2,3,0,17,0,5,4,6,0,22,0,0,8,10,3,1,12,20,14,7,0,0,15,0,2,0,0,0,0,3,10,3,1,0,6,17,0,5,0,1,0,11,1,0,5,46,20,0,4,18,0,1,0,7,1,0,6,5,4,2,6,3,2,0,0,0,12,0,1,1,0,1,24,0,12,5,5,5,13,5,5,20,1,11,0,5,1,1,5,15,1,2,7,9,4,0,0,0,0,8,2,11,0,11,8,9,19,1,0,4,2,3
0,25,0,3,0,0,0,26,0,0,0,0,0,6,4,27,0,0,0,0,0,0,10,40,0,0,0,0,0,0,0,0,0,0,28,0,0,0,0,0,14,0,0,0,4,0,0,3,20,25,19,0,0,10,0,0,0,0,0,0,0,0,0,0,0,4,5,0,0,0,29,0,8,0,0,0,39,12,0,0,7,0,1,0,17,0,0,7,0,0,0,14,0,0,0,0,0,6,0,0,0,0,0,5,0,0,0,4,17,2,0,0,34,0,0,0,0,0,0,0,40,0,0,0,5,3,0,0,0,8,0,0,0,0,20,1,5,0,0,0,20,0,0
11,0,31,0,13,52,8,0,2,0,1,0,11,0,0,1,23,2,11,4,15,1,14,3,5,0,38,4,0,0,4,5,1,16,0,17,3,2,3,6,2,0,20,0,0,7,8,3,1,2,1,7,11,0,0,1,1,14,3,5,9,12,11,32,1,2,6,5,0,6,5,0,0,0,0,0,1,2,22,11,0,8,0,21,1,0,20,0,2,0,6,0,13,4,15,29,11,0,26,1,19,9,4,3,3,0,1,0,0,0,3,0,0,17,1,0,5,15,21,0,0,11,14,12,0,0,15,35,9,2,0,0,0,2,1,1,2,3,2,8,0,4,8
4,5,0,12,0,0,22,1,0,12,0,15,0,0,6,4,0,7,0,0,1,0,7,10,3,12,2,1,2,9,2,4,1,0,0,2,16,3,23,0,11,0,4,10,5,3,11,28,11,3,1,1,1,0,0,3,163,1,8,1,4,1,1,1,0,10,14,0,6,0,0,1,10,4,0,11,9,5,1,0,17,7,6,0,0,0,0,6,6,5,3,5,0,1,0,0,0,1,1,4,0,2,2,11,0,31,14,1,1,9,17,8,19,0,30,0,12,6,0,6,5,0,25,102,1,0,0,0,2,11,0,0,0,0,16,8,1,4,1,1,0,10,2
3,1,6,4,11,16,0,2,14,3,15,1,6,0,0,0,1,16,6,3,9,7,7,1,12,0,7,10,2,6,12,3,8,17,0,11,7,12,3,0,5,7,15,3,0,13,2,1,3,0,0,10,16,0,11,9,6,10,2,1,6,14,23,13,2,8,0,5,2,1,15,12,2,19,48,1,0,9,2,2,1,2,0,12,0,1,40,0,14,1,20,2,9,6,9,7,6,0,6,17,2,7,24,2,0,0,0,1,0,1,13,5,1,2,0,0,3,9,2,11,0,6,0,0,0,0,12,18,32,0,0,2,0,0,0,3,0,0,2,30,0,11,5
0,23,0,15,0,0,3,46,0,0,0,11,0,0,3,9,0,0,0,0,0,0,5,7,1,1,0,0,0,0,7,0,0,0,9,0,0,1,2,0,35,0,0,0,11,13,0,8,13,24,1,0,1,17,0,0,4,0,11,0,0,0,0,0,0,7,8,0,1,0,4,2,6,0,0,2,32,7,0,0,1,0,0,0,4,0,0,6,0,7,0,7,0,0,4,0,0,3,0,0,0,1,1,5,0,4,0,12,4,11,0,2,30,0,2,0,0,0,0,0,14,0,0,0,3,0,0,1,0,11,20,1,16,0,0,5,12,0,0,1,20,5,0
9,12,1,8,7,18,10,4,0,21,3,12,0,0,14,13,1,9,0,2,4,0,7,1,0,9,3,1,8,2,7,2,1,4,3,0,20,15,17,1,6,3,10,9,1,10,6,13,5,2,1,1,11,0,3,3,21,0,16,0,31,29,0,3,0,16,17,0,22,0,11,1,8,3,0,60,14,5,0,21,3,8,1,0,1,2,4,4,5,24,3,0,0,1,0,0,3,4,5,4,0,3,2,5,0,27,8,1,5,7,10,7,2,11,10,1,8,7,0,9,1,1,2,10,5,0,1,0,2,8,1,1,8,3,5,0,10,13,3,0,0,155,3
3,20,0,12,0,5,3,9,0,11,1,2,6,0,13,7,0,8,2,0,0,0,6,3,0,8,0,1,3,10,7,2,2,0,14,0,2,5,17,0,63,7,3,2,4,5,1,10,7,11,3,1,3,20,5,14,3,3,6,1,10,2,4,2,1,13,2,1,17,0,10,9,6,15,1,7,46,8,4,10,8,5,0,3,4,1,0,2,16,6,4,2,3,1,0,2,1,8,0,12,2,2,4,13,5,10,14,1,0,10,8,12,20,0,4,0,12,5,4,6,9,0,20,5,16,5,3,2,5,9,5,2,1,0,12,10,0,61,7,3,2,6,1
3,35,3,39,6,7,11,12,3,4,1,10,8,0,25,4,0,3,6,0,9,0,16,4,7,8,0,0,3,3,4,1,1,0,30,0,0,0,32,0,142,0,2,5,6,9,2,30,39,14,14,0,3,0,1,1,1,3,2,0,5,12,1,3,0,10,28,0,22,2,21,5,9,12,0,1,103,13,5,11,3,15,3,0,3,1,1,5,36,12,3,4,0,1,1,1,3,17,0,1,1,4,1,21,0,9,27,2,5,14,3,17,12,3,21,0,2,1,3,6,13,0,45,0,1,8,1,2,1,19,0,3,4,0,0,13,61,0,6,0,2,9,6
4,5,0,0,1,7,3,0,3,4,21,2,0,0,5,3,4,5,12,0,3,0,0,1,7,10,4,7,7,1,8,6,3,11,0,15,0,1,3,3,6,11,6,2,2,1,0,2,0,0,1,5,3,0,5,1,5,6,4,7,3,7,4,0,0,2,1,3,2,7,10,3,0,15,0,3,2,1,2,3,0,6,2,7,0,3,1,0,12,5,17,0,9,5,14,65,4,0,3,7,6,0,1,0,2,3,6,0,0,1,1,10,0,1,0,0,3,5,42,1,0,2,0,3,0,0,10,15,26,1,0,2,1,2,0,3,7,6,0,1,0,3,4
8,3,13,0,7,17,1,0,3,0,1,0,2,0,1,0,0,9,2,16,14,1,2,1,40,4,22,35,6,3,0,17,3,34,0,12,2,5,0,1,2,3,3,3,0,1,7,0,0,0,8,20,0,0,23,10,4,5,2,0,10,19,21,12,18,0,0,6,1,4,0,12,1,6,11,5,0,3,0,13,0,9,0,3,0,8,17,0,7,0,4,5,17,10,4,33,9,0,27,12,27,6,3,3,8,1,0,0,0,2,0,0,0,14,0,0,0,21,26,13,0,16,0,1,0,0,32,2,18,0,0,8,1,30,1,0,3,0,1,0,0,5,10
0,12,0,17,0,0,5,13,0,0,0,4,0,0,6,13,0,0,0,0,0,0,9,7,0,0,0,0,0,0,0,0,0,0,16,0,0,0,0,0,15,0,0,1,1,0,0,12,22,8,9,1,0,2,1,4,2,0,1,0,2,0,0,0,0,2,10,0,5,0,11,0,7,0,0,0,42,5,0,0,7,0,0,0,10,0,0,9,1,0,1,6,0,1,0,0,0,8,0,0,0,2,1,6,0,2,3,0,8,4,2,0,23,1,9,1,1,0,0,2,26,0,2,0,4,0,0,0,0,4,20,0,0,0,20,0,2,2,0,0,0,6,0
9,4,1,30,11,11,7,1,1,20,7,8,4,0,3,7,6,14,2,1,4,0,8,1,8,6,8,4,16,6,14,13,5,0,6,5,20,11,48,0,8,0,13,20,2,11,3,6,3,0,8,0,5,0,0,3,15,11,14,4,19,27,9,0,1,13,4,0,9,1,18,2,19,10,2,15,3,4,3,19,0,17,5,3,0,1,5,1,8,29,2,0,1,0,3,0,0,3,4,7,2,12,25,11,0,21,17,0,1,10,16,4,0,1,8,0,11,12,2,5,1,2,24,11,8,0,0,12,4,2,0,4,10,11,5,155,6,9,3,5,6,0,2
8,2,4,4,14,13,1,5,10,3,3,3,1,0,1,0,0,13,13,1,12,7,4,0,7,4,2,9,5,8,12,8,9,1,3,8,2,11,2,5,7,12,1,6,0,15,12,4,2,0,0,9,10,0,8,9,2,9,1,12,7,12,20,7,2,2,2,3,1,0,6,22,0,13,4,1,3,2,18,8,0,4,0,3,0,6,3,2,3,1,3,1,0,8,2,6,3,0,8,6,14,5,5,0,35,0,3,0,0,2,1,7,0,2,2,0,2,13,3,8,1,18,4,1,0,0,2,25,8,3,0,8,2,5,0,3,1,6,4,10,0,2,0
