Ant57,Ant5,Ant52,Ant59,Ant929,Ant6,Ant25,Ant26,Ant30,Ant74,Ant99,Ant102,Ant148,Ant191,Ant196,Ant209,Ant245,Ant268,Ant308,Ant620,Ant646,Ant673,Ant13,Ant20,Ant27,Ant29,Ant32,Ant40,Ant43,Ant50,Ant55,Ant62,Ant66,Ant68,Ant71,Ant81,Ant91,Ant97,Ant100,Ant105,Ant111,Ant113,Ant114,Ant126,Ant135,Ant139,Ant142,Ant156,Ant159,Ant169,Ant170,Ant174,Ant195,Ant198,Ant207,Ant218,Ant226,Ant229,Ant242,Ant243,Ant250,Ant255,Ant256,Ant261,Ant263,Ant294,Ant305,Ant318,Ant320,Ant332,Ant334,Ant342,Ant347,Ant353,Ant376,Ant387,Ant391,Ant437,Ant492,Ant549,Ant580,Ant592,Ant607,Ant614,Ant632,Ant638,Ant650,Ant663,Ant665
0,1,1,0,23,17,0,33,0,3,38,19,1,1,3,2,3,30,1,0,63,1,0,70,0,3,0,6,0,2,17,3,1,0,0,1,2,0,3,0,77,15,4,2,0,9,2,1,0,2,5,2,10,11,0,21,0,0,20,1,10,2,22,0,1,4,6,16,4,127,1,34,18,0,3,0,0,20,5,2,2,9,0,11,0,3,43,2,2
1,0,12,21,0,0,6,2,4,3,0,0,2,5,1,2,7,10,2,0,7,46,0,1,0,4,12,1,0,6,0,1,7,0,1,8,5,3,1,17,1,0,1,25,0,0,6,1,1,0,7,11,0,2,0,4,2,0,10,8,0,7,0,7,15,4,9,0,1,2,4,0,0,9,26,0,16,2,2,0,11,0,5,1,1,5,1,1,8
1,12,0,1,5,1,5,2,7,4,0,0,2,4,1,6,0,4,4,0,1,6,2,5,3,0,8,3,0,5,3,3,6,7,0,1,3,2,9,4,4,0,6,2,0,0,2,0,7,1,3,4,0,1,0,6,8,0,1,13,7,8,4,4,4,5,2,1,2,2,0,1,0,1,0,2,21,1,9,1,3,1,14,1,1,5,9,0,2
0,21,1,0,0,2,0,0,15,12,1,0,0,5,5,4,1,0,14,0,0,18,0,4,1,13,4,18,1,9,0,9,4,23,0,5,54,1,4,8,2,1,5,8,0,0,6,0,3,2,0,23,0,0,0,0,3,0,0,2,0,26,0,3,0,36,15,0,0,0,10,0,1,9,37,1,7,6,2,0,4,0,16,0,0,7,1,0,27
23,0,5,0,0,3,19,25,2,6,1,0,6,0,15,1,7,10,6,0,42,9,10,7,0,1,1,3,12,13,3,5,1,2,0,2,3,30,10,1,29,12,15,2,19,0,2,1,19,5,16,2,8,3,37,24,3,10,13,2,27,0,18,2,2,4,3,5,18,25,0,17,1,3,3,1,19,26,15,12,4,7,3,60,15,8,18,35,3
17,0,1,2,3,0,3,16,0,1,22,5,0,0,2,1,1,4,1,16,11,0,0,7,2,0,1,2,2,4,7,3,1,1,1,0,0,2,3,2,16,8,5,1,0,9,1,2,5,1,5,2,3,32,2,8,0,4,1,0,10,3,14,1,1,9,3,3,1,21,3,10,7,2,3,0,1,3,3,0,3,14,0,1,5,4,19,2,1
0,6,5,0,19,3,0,6,0,0,0,5,0,6,9,6,16,6,11,0,0,7,5,4,0,5,4,5,2,14,0,0,6,31,4,2,0,7,28,3,10,0,3,9,1,0,0,0,5,6,2,1,8,1,10,8,0,7,14,2,1,3,1,2,5,16,3,0,1,2,1,13,0,0,7,4,8,11,3,14,12,3,2,9,8,11,16,7,2
33,2,2,0,25,16,6,0,2,0,31,14,5,6,11,7,8,22,3,0,50,3,2,23,4,7,0,8,4,8,3,12,1,0,0,4,3,18,24,0,63,39,7,9,14,10,16,0,5,4,8,1,6,17,18,35,4,3,16,6,25,4,8,5,8,3,2,7,14,43,7,41,6,1,1,2,0,10,0,6,1,7,6,10,42,15,36,14,9
0,4,7,15,2,0,0,2,0,8,0,3,5,1,4,6,15,6,5,0,10,8,1,7,2,10,2,6,6,4,0,6,3,3,0,3,0,0,5,7,3,1,3,10,0,0,5,0,10,5,1,21,1,1,1,8,0,0,0,2,1,10,1,0,12,25,7,1,0,4,3,3,0,1,20,5,2,9,1,0,1,1,4,5,0,19,3,7,10
3,3,4,12,6,1,0,0,8,0,1,0,1,2,4,3,8,1,5,0,2,7,2,1,5,1,12,5,0,6,0,0,6,10,14,22,8,3,2,9,2,2,8,6,0,0,11,0,3,11,2,4,0,0,0,4,13,0,18,2,0,19,2,1,2,7,8,0,0,1,12,30,0,4,2,26,21,0,5,0,11,1,16,2,5,12,6,9,15
38,0,0,1,1,22,0,31,0,1,0,9,4,3,0,4,1,13,1,8,73,0,0,15,1,1,1,0,0,5,25,3,0,0,0,1,1,2,1,5,21,9,1,2,4,17,2,4,0,0,9,0,9,21,1,16,0,0,1,2,10,0,7,3,0,1,1,7,22,15,0,24,11,1,0,0,1,5,6,3,2,15,1,11,5,2,15,1,0
19,0,0,0,0,5,5,14,3,0,9,0,2,1,1,0,2,4,1,4,7,0,4,7,0,0,1,0,0,1,12,3,0,1,0,1,0,1,6,0,7,3,2,3,40,7,0,18,1,1,2,2,2,14,27,1,0,1,2,1,1,0,4,0,0,0,8,4,8,11,1,4,7,1,0,0,0,6,0,4,0,2,1,2,1,1,7,0,1
1,2,2,0,6,0,0,5,5,1,4,2,0,12,33,3,41,5,1,0,1,9,7,8,0,3,3,2,2,25,0,0,0,0,0,2,0,4,2,1,6,0,13,3,0,0,1,0,2,0,59,0,10,1,2,11,0,9,31,1,4,2,2,4,0,15,1,4,2,4,4,1,1,1,0,4,2,10,3,2,5,0,4,3,2,10,7,6,11
1,5,4,5,0,0,6,6,1,2,3,1,12,0,4,8,4,7,5,0,2,7,1,3,0,6,4,9,24,17,0,9,4,15,0,8,17,5,3,15,5,5,1,19,0,0,17,0,12,2,5,3,4,3,2,4,2,1,9,5,7,7,0,0,8,3,20,0,0,1,7,9,2,5,22,0,6,4,2,2,8,1,3,1,7,2,6,3,4
3,1,1,5,15,2,9,11,4,4,0,1,33,4,0,24,12,12,14,0,0,16,4,13,3,0,4,3,5,14,1,4,5,2,0,5,2,5,2,15,11,1,4,5,0,0,0,0,8,3,15,0,6,1,1,8,4,3,15,7,6,2,4,2,3,11,5,4,1,1,4,1,0,0,13,0,1,8,16,1,7,2,3,2,7,0,9,15,14
2,2,6,4,1,1,6,7,6,3,4,0,3,8,24,0,3,5,2,0,0,7,1,11,1,1,14,10,16,1,3,3,1,5,0,6,0,5,2,4,14,5,8,5,0,0,0,0,2,3,7,7,0,2,13,3,0,0,4,2,3,17,1,2,1,3,24,2,0,1,25,12,0,0,10,0,5,4,6,5,5,5,0,0,0,1,15,4,11
3,7,0,1,7,1,16,8,15,8,1,2,41,4,12,3,0,14,25,0,3,17,8,7,0,3,3,1,17,6,0,8,2,9,0,9,1,6,22,6,4,1,23,1,7,0,6,0,4,4,3,0,7,8,4,16,3,6,14,0,0,16,6,4,5,14,9,7,2,7,0,8,3,2,5,8,14,7,2,7,10,3,23,4,5,13,13,4,21
30,10,4,0,10,4,6,22,6,1,13,4,5,7,12,5,14,0,7,0,8,2,4,7,2,9,3,8,10,17,3,6,0,6,0,4,2,16,9,0,16,0,20,1,3,2,6,0,10,5,7,8,3,5,11,29,0,5,11,1,19,5,7,3,2,4,3,1,0,25,0,12,2,2,4,1,4,7,9,3,11,2,1,17,8,4,7,0,11
1,2,4,14,6,1,11,3,5,5,1,1,1,5,14,2,25,7,0,0,9,12,3,6,1,4,4,7,12,14,0,3,3,28,0,6,0,8,36,4,9,1,11,0,2,0,0,0,5,10,1,8,4,0,0,7,4,2,10,2,1,8,3,4,10,19,4,7,1,0,4,4,0,2,6,15,6,6,17,15,24,0,8,3,6,4,4,4,8
0,0,0,0,0,16,0,0,0,0,8,4,0,0,0,0,0,0,0,0,0,0,0,0,0,0,0,0,0,0,4,0,0,0,0,0,0,0,0,0,9,1,0,0,0,26,0,30,0,0,0,0,0,15,0,0,0,0,0,0,0,0,20,0,0,0,0,5,31,0,0,0,17,0,0,0,0,0,0,0,0,10,0,0,0,0,0,0,0
63,7,1,0,42,11,0,50,10,2,73,7,1,2,0,0,3,8,9,0,0,10,3,32,9,3,10,6,4,6,5,6,0,1,0,0,2,0,0,1,26,52,0,8,0,2,28,2,1,0,5,6,19,18,2,38,19,2,17,12,2,12,10,8,0,1,10,12,16,43,23,39,35,5,0,7,1,5,3,2,1,8,4,19,3,5,37,2,8
1,46,6,18,9,0,7,3,8,7,0,0,9,7,16,7,17,2,12,0,10,0,2,3,2,6,3,12,9,12,0,7,6,9,8,7,32,4,2,6,2,7,3,18,0,0,19,0,2,3,11,12,13,1,2,6,12,1,16,16,2,6,1,6,2,15,21,1,0,1,4,3,0,8,0,1,20,18,2,1,29,1,8,5,2,12,5,2,12
0,0,2,0,10,0,5,2,1,2,0,4,7,1,4,1,8,4,3,0,3,2,0,1,1,0,0,5,12,4,0,6,2,7,0,3,0,11,11,0,9,0,19,3,8,0,0,0,16,3,2,2,8,2,6,7,0,12,10,3,0,1,0,2,4,1,3,1,3,4,0,10,2,0,0,3,12,10,2,4,8,3,2,14,10,6,15,0,8
70,1,5,4,7,7,4,23,7,1,15,7,8,3,13,11,7,7,6,0,32,3,1,0,8,6,2,5,5,19,11,3,0,4,0,2,2,1,5,4,14,22,18,3,1,0,3,0,2,10,4,3,1,2,2,12,1,1,20,4,3,3,7,1,3,3,2,5,1,15,3,25,1,1,5,1,1,6,5,5,5,9,6,6,4,10,25,2,4
0,0,3,1,0,2,0,4,2,5,1,0,0,0,3,1,0,2,1,0,9,2,1,8,0,1,14,0,0,3,0,7,1,7,13,10,1,0,15,7,3,6,8,0,0,0,3,0,1,5,2,2,2,2,0,1,2,0,3,1,1,0,0,0,12,1,1,0,3,0,1,1,0,2,4,0,2,1,2,0,11,1,5,0,2,7,3,2,5
3,4,0,13,1,0,5,7,10,1,1,0,3,6,0,1,3,9,4,0,3,6,0,6,1,0,2,2,1,6,0,7,1,12,11,1,2,4,8,4,1,6,0,5,0,0,0,0,0,8,1,8,2,0,2,1,0,1,3,0,3,15,0,1,5,4,13,1,2,7,7,5,0,0,0,1,3,5,4,1,1,1,8,2,0,9,7,0,0
0,12,8,4,1,1,4,0,2,12,1,1,3,4,4,14,3,3,4,0,10,3,0,2,14,2,0,14,1,12,0,8,19,16,0,8,11,1,2,11,1,2,6,3,0,0,7,0,8,9,3,24,0,0,1,3,16,2,4,8,1,11,0,4,14,12,21,0,0,1,6,6,1,10,7,3,24,1,1,0,4,0,9,0,5,6,1,4,12
6,1,3,18,3,2,5,8,6,5,0,0,2,9,3,10,1,8,7,0,6,12,5,5,0,2,14,0,14,3,0,2,3,10,0,4,4,7,5,3,4,1,3,30,0,0,5,0,3,9,4,7,1,1,1,5,1,1,3,8,0,10,0,0,1,17,5,0,3,2,11,3,0,0,15,8,11,2,5,5,5,2,20,0,3,34,7,3,54
0,0,0,1,12,2,2,4,6,0,0,0,2,24,5,16,17,10,12,0,4,9,12,5,0,1,1,14,0,6,0,4,0,2,0,7,0,2,1,0,14,1,5,7,5,2,1,0,4,4,1,1,3,0,3,7,2,3,13,1,2,2,3,1,5,5,13,5,1,14,3,9,4,0,4,0,5,4,9,7,9,2,2,2,2,9,8,20,3
2,6,5,9,13,4,14,8,4,6,5,1,25,17,14,1,6,17,14,0,6,12,4,19,3,6,12,3,6,0,0,14,3,24,0,5,4,11,12,15,18,4,7,17,0,0,5,0,19,4,40,2,7,0,7,9,2,3,18,5,13,4,13,3,7,49,11,3,3,4,10,10,0,3,11,6,4,18,28,5,10,5,6,15,8,2,3,7,20
17,0,3,0,3,7,0,3,0,0,25,12,0,0,1,3,0,3,0,4,5,0,0,11,0,0,0,0,0,0,0,5,0,0,0,0,0,0,1,0,5,19,0,0,0,6,0,0,0,0,0,0,0,7,1,0,0,0,1,1,5,1,3,0,0,2,1,0,3,10,0,25,9,0,0,0,0,3,0,0,1,22,0,0,0,0,9,0,0
3,1,3,9,5,3,0,12,6,0,3,3,0,9,4,3,8,6,3,0,6,7,6,3,7,7,8,2,4,14,5,0,12,1,0,0,1,0,5,1,20,18,13,5,0,0,1,0,3,0,6,6,0,2,3,7,0,0,12,0,0,10,1,2,1,14,12,0,3,3,10,5,3,1,17,24,6,4,1,6,10,1,6,4,4,8,7,7,9
1,7,6,4,1,1,6,1,3,6,0,0,0,4,5,1,2,0,3,0,0,6,2,0,1,1,19,3,0,3,0,12,0,8,1,0,12,0,1,6,1,2,1,8,0,0,3,0,1,0,0,10,0,2,0,0,0,0,4,2,1,3,3,22,1,1,11,1,0,3,10,0,0,9,11,1,10,2,6,0,4,0,11,1,0,2,1,2,9
0,0,7,23,2,1,31,0,3,10,0,1,0,15,2,5,9,6,28,0,1,9,7,4,7,12,16,10,2,24,0,1,8,0,2,9,22,1,23,21,2,4,3,4,0,0,3,0,2,10,2,13,3,0,5,4,1,3,9,5,1,29,3,4,10,16,7,1,1,1,2,14,0,5,15,23,51,1,1,3,6,5,6,0,3,10,9,3,20
0,1,0,0,0,1,4,0,0,14,0,0,0,0,0,0,0,0,0,0,0,8,0,0,13,11,0,0,0,0,0,0,1,2,0,4,28,0,18,14,0,0,0,2,0,0,0,0,0,26,1,0,3,0,0,0,1,0,22,0,0,1,0,11,0,0,5,0,0,0,0,0,0,25,0,10,2,0,0,0,0,0,10,0,0,4,0,0,5
1,8,1,5,2,0,2,4,3,22,1,1,2,8,5,6,9,4,6,0,0,7,3,2,10,1,8,4,7,5,0,0,0,9,4,0,0,1,4,0,3,0,3,7,1,0,2,0,1,14,2,16,2,0,0,0,0,0,5,3,1,7,0,1,0,1,8,0,0,1,0,0,0,10,5,0,1,2,4,0,8,0,2,2,0,4,5,4,12
2,5,3,54,3,0,0,3,0,8,1,0,0,17,2,0,1,2,0,0,2,32,0,2,1,2,11,4,0,4,0,1,12,22,28,0,0,0,17,2,0,2,1,43,0,0,5,1,0,2,1,102,1,0,0,6,30,0,35,4,0,38,0,27,0,2,21,0,0,0,8,0,0,62,5,13,9,0,0,0,5,0,4,0,0,0,0,0,8
0,3,2,1,30,2,7,18,0,3,2,1,4,5,5,5,6,16,8,0,0,4,11,1,0,4,1,7,2,11,0,0,0,1,0,1,0,0,3,3,83,0,13,1,5,1,0,0,10,1,4,5,6,1,3,9,0,5,8,0,8,1,5,1,0,2,9,7,2,2,0,1,0,2,0,1,0,25,2,9,12,4,0,9,47,0,40,1,1
3,1,9,4,10,3,28,24,5,2,1,6,2,3,2,2,22,9,36,0,0,2,11,5,15,8,2,5,1,12,1,5,1,23,18,4,17,3,0,2,20,0,11,3,3,2,2,0,5,13,4,2,3,4,13,14,0,6,11,13,0,6,2,8,16,5,4,5,1,9,4,8,0,12,4,4,17,0,7,8,5,6,5,0,6,9,31,3,6
0,17,4,8,1,2,3,0,7,9,5,0,1,15,15,4,6,0,4,0,1,6,0,4,7,4,11,3,0,15,0,1,6,21,14,0,2,3,2,0,6,0,3,9,3,0,0,0,4,2,7,18,3,0,2,3,3,1,9,0,2,11,0,6,11,1,1,0,0,0,2,0,0,3,17,6,14,4,11,3,18,0,4,1,0,16,9,3,1
77,1,4,2,29,16,10,63,3,2,21,7,6,5,11,14,4,16,9,9,26,2,9,14,3,1,1,4,14,18,5,20,1,2,0,3,0,83,20,6,0,12,56,2,14,0,5,3,19,9,9,2,16,10,58,25,4,6,24,8,45,1,20,0,9,4,4,17,19,32,1,26,5,0,5,2,8,19,7,22,7,33,2,51,59,5,28,85,7
15,0,0,1,12,8,0,39,1,2,9,3,0,5,1,5,1,0,1,1,52,7,0,22,6,6,2,1,1,4,19,18,2,4,0,0,2,0,0,0,12,0,3,8,0,2,0,4,0,0,6,0,6,8,0,7,0,0,7,2,7,1,8,3,0,2,2,21,6,13,4,7,2,0,0,1,2,3,0,6,0,5,2,4,0,1,16,12,2
4,1,6,5,15,5,3,7,3,8,1,2,13,1,4,8,23,20,11,0,0,3,19,18,8,0,6,3,5,7,0,13,1,3,0,3,1,13,11,3,56,3,0,7,7,1,0,0,3,9,10,1,3,7,1,10,2,25,11,0,3,0,3,1,5,4,2,17,2,11,4,2,2,0,6,0,11,21,6,7,16,4,15,3,2,6,49,7,11
2,25,2,8,2,1,9,9,10,6,2,3,3,19,5,5,1,1,0,0,8,18,3,3,0,5,3,30,7,17,0,5,8,4,2,7,43,1,3,9,2,8,7,0,0,0,11,0,7,2,3,22,1,3,2,7,0,5,14,3,0,5,0,28,9,12,5,1,1,4,1,4,0,10,10,0,3,17,4,0,22,4,8,8,1,0,5,2,3
0,0,0,0,19,0,1,14,0,0,4,40,0,0,0,0,7,3,2,0,0,0,8,1,0,0,0,0,5,0,0,0,0,0,0,1,0,5,3,3,14,0,7,0,0,0,0,0,1,0,3,0,4,0,33,6,0,22,3,0,11,0,2,1,0,1,0,3,14,2,0,1,0,0,0,0,0,10,3,34,1,7,0,10,3,1,45,2,0
9,0,0,0,0,9,0,10,0,0,17,7,0,0,0,0,0,2,0,26,2,0,0,0,0,0,0,0,2,0,6,0,0,0,0,0,0,1,2,0,0,2,1,0,0,0,0,0,0,0,0,0,0,6,0,7,0,1,0,0,0,0,10,0,0,0,0,1,0,12,0,1,1,0,0,0,0,0,0,0,0,11,0,0,0,0,3,0,0
2,6,2,6,2,1,0,16,5,11,2,0,1,17,0,0,6,6,0,0,28,19,0,3,3,0,7,5,1,5,0,1,3,3,0,2,5,0,2,0,5,0,0,11,0,0,0,0,0,0,1,11,0,0,0,14,5,0,13,14,0,9,0,15,2,2,33,0,1,2,15,3,0,2,0,11,5,2,12,0,0,1,25,0,0,4,5,0,1
1,1,0,0,1,2,0,0,0,0,4,18,0,0,0,0,0,0,0,30,2,0,0,0,0,0,0,0,0,0,0,0,0,0,0,0,1,0,0,0,3,4,0,0,0,0,0,0,1,0,0,0,2,14,0,0,0,0,0,1,0,0,0,0,0,0,1,0,10,1,0,0,2,0,0,0,0,3,0,1,0,0,0,1,0,0,0,0,0
0,1,7,3,19,5,5,5,10,3,0,1,2,12,8,2,4,10,5,0,1,2,16,2,1,0,8,3,4,19,0,3,1,2,0,1,0,10,5,4,19,0,3,7,1,0,0,1,0,0,3,2,6,0,3,5,3,3,8,1,10,2,1,2,7,7,5,0,0,12,2,2,1,0,8,0,2,3,7,2,15,8,0,11,13,3,13,4,3
2,0,1,2,5,1,6,4,5,11,0,1,0,2,3,3,4,5,10,0,0,3,3,10,5,8,9,9,4,4,0,0,0,10,26,14,2,1,13,2,9,0,9,2,0,0,0,0,0,0,6,10,1,0,5,5,0,2,14,0,0,1,0,11,12,1,1,0,0,1,8,12,0,3,9,7,1,2,8,0,5,1,7,2,2,12,8,0,20
5,7,3,0,16,5,2,8,1,2,9,2,59,5,15,7,3,7,1,0,5,11,2,4,2,1,3,4,1,40,0,6,0,2,1,2,1,4,4,7,9,6,10,3,3,0,1,0,3,6,0,0,11,0,6,12,1,3,6,0,12,3,3,1,7,17,4,6,2,3,3,11,4,5,9,0,3,6,4,5,10,0,3,6,2,5,10,3,8
2,11,4,23,2,2,1,1,21,4,0,2,0,3,0,7,0,8,8,0,6,12,2,3,2,8,24,7,1,2,0,6,10,13,0,16,102,5,2,18,2,0,1,22,0,0,11,0,2,10,0,0,0,0,1,4,0,1,3,0,0,46,0,2,3,10,2,0,0,1,15,7,0,15,3,4,8,0,19,0,23,0,13,1,2,9,3,0,2
10,0,0,0,8,3,8,6,1,0,9,2,10,4,6,0,7,3,4,0,19,13,8,1,2,2,0,1,3,7,0,0,0,3,3,2,1,6,3,3,16,6,3,1,4,0,0,2,6,1,11,0,0,0,1,3,0,5,1,3,9,0,5,0,0,6,1,18,4,12,0,11,0,0,7,1,2,0,1,15,9,0,3,11,6,0,12,9,0
11,2,1,0,3,32,1,17,1,0,21,14,1,3,1,2,8,5,0,15,18,1,2,2,2,0,0,1,0,0,7,2,2,0,0,0,0,1,4,0,10,8,7,3,0,6,0,14,0,0,0,0,0,0,2,5,0,1,0,0,2,4,19,0,3,0,2,7,46,16,1,18,17,0,2,0,0,5,2,0,1,20,0,1,0,2,10,2,2
0,0,0,0,37,2,10,18,1,0,1,27,2,2,1,13,4,11,0,0,2,2,6,2,0,2,1,1,3,7,1,3,0,5,0,0,0,3,13,2,58,0,1,2,33,0,0,0,3,5,6,1,1,2,0,2,0,24,3,0,2,0,11,0,1,1,0,0,5,6,0,10,0,0,0,0,5,12,1,39,2,1,0,8,1,0,50,1,1
21,4,6,0,24,8,8,35,8,4,16,1,11,4,8,3,16,29,7,0,38,6,7,12,1,1,3,5,7,9,0,7,0,4,0,0,6,9,14,3,25,7,10,7,6,7,14,0,5,5,12,4,3,5,2,0,4,2,28,6,5,13,4,2,3,11,4,16,2,19,0,3,3,0,4,6,1,28,15,18,19,12,10,14,15,8,14,17,25
0,2,8,3,3,0,0,4,0,13,0,0,0,2,4,0,3,0,4,0,19,12,0,1,2,0,16,1,2,2,0,0,0,1,1,0,30,0,0,3,4,0,2,0,0,0,5,0,3,0,1,0,0,0,0,4,0,1,14,4,0,7,1,11,1,0,15,1,0,2,0,0,0,6,6,5,0,2,0,2,6,0,9,0,4,11,4,0,11
0,0,0,0,10,4,7,3,0,0,0,1,9,1,3,0,6,5,2,0,2,1,12,1,0,1,2,1,3,3,0,0,0,3,0,0,0,5,6,1,6,0,25,5,22,1,0,0,3,2,3,1,5,1,24,2,1,0,1,0,2,0,3,0,1,1,0,0,3,2,0,5,2,0,1,1,3,10,0,15,1,6,1,2,3,4,7,9,2
20,10,1,0,13,1,14,16,0,18,1,2,31,9,15,4,14,11,10,0,17,16,10,20,3,3,4,3,13,18,1,12,4,9,22,5,35,8,11,9,24,7,11,14,3,0,13,0,8,14,6,3,1,0,3,28,14,1,0,0,4,6,5,14,4,6,6,1,2,17,0,5,0,6,9,13,8,18,12,5,23,3,13,11,9,12,7,3,7
1,8,13,2,2,0,2,6,2,2,2,1,1,5,7,2,0,1,2,0,12,16,3,4,1,0,8,8,1,5,1,0,2,5,0,3,4,0,13,0,8,2,0,3,0,0,14,1,1,0,0,0,3,0,0,6,4,0,0,0,3,7,2,8,1,3,7,0,7,2,4,1,1,5,1,9,0,3,6,2,6,0,2,3,5,13,7,8,5
10,0,7,0,27,10,1,25,1,0,10,1,4,7,6,3,0,19,1,0,2,2,0,3,1,3,1,0,2,13,5,0,1,1,0,1,0,8,0,2,45,7,3,0,11,0,0,0,10,0,12,0,9,2,2,5,0,2,4,3,0,1,4,0,0,2,1,45,7,6,3,8,3,0,3,1,0,5,0,9,5,5,0,7,1,2,41,21,1
2,7,8,26,0,3,3,4,10,19,0,0,2,7,2,17,16,5,8,0,12,6,1,3,0,15,11,10,2,4,1,10,3,29,1,7,38,1,6,11,1,1,0,5,0,0,9,0,2,1,3,46,0,4,0,13,7,0,6,7,1,0,1,1,6,4,10,0,0,3,12,4,0,4,5,9,2,5,0,0,0,0,12,1,0,13,3,1,28
22,0,4,0,18,14,1,8,1,2,7,4,2,0,4,1,6,7,3,20,10,1,0,7,0,0,0,0,3,13,3,1,3,3,0,0,0,5,2,0,20,8,3,0,2,10,0,0,1,0,3,0,5,19,11,4,1,3,5,2,4,1,0,0,0,0,5,6,17,9,2,9,7,0,1,1,4,9,4,10,4,12,1,2,9,2,15,0,0
0,7,4,3,2,1,2,5,0,1,3,0,4,0,2,2,4,3,4,0,8,6,2,1,0,1,4,0,1,3,0,2,22,4,11,1,27,1,8,6,0,3,1,28,1,0,15,0,2,11,1,2,0,0,0,2,11,0,14,8,0,1,0,0,1,0,7,1,0,1,3,4,0,25,0,22,3,1,1,0,8,0,12,3,1,1,1,1,1
1,15,4,0,2,1,5,8,12,2,0,0,0,8,3,1,5,2,10,0,0,2,4,3,12,5,14,1,5,7,0,1,1,10,0,0,0,0,16,11,9,0,5,9,0,0,2,0,7,12,7,3,0,3,1,3,1,1,4,1,0,6,0,1,0,5,16,0,1,1,1,7,0,5,1,1,11,2,5,3,13,0,3,2,0,15,6,9,8
4,4,5,36,4,9,16,3,25,7,1,0,15,3,11,3,14,4,19,0,1,15,1,3,1,4,12,17,5,49,2,14,1,16,0,1,2,2,5,1,4,2,4,12,1,0,2,0,7,1,17,10,6,0,1,11,0,1,6,3,2,4,0,0,5,0,10,3,1,6,3,4,0,0,27,6,5,5,3,4,17,1,3,6,1,13,2,6,4
6,9,2,15,3,3,3,2,7,8,1,8,1,20,5,24,9,3,4,0,10,21,3,2,1,13,21,5,13,11,1,12,11,7,5,8,21,9,4,1,4,2,2,5,0,0,33,1,5,1,4,2,1,2,0,4,15,0,6,7,1,10,5,7,16,10,0,2,1,2,12,5,0,5,0,4,3,0,10,2,19,0,10,5,0,5,3,2,13
16,0,1,0,5,3,0,7,1,0,7,4,4,0,4,2,7,1,7,5,12,1,1,5,0,1,0,0,5,3,0,0,1,1,0,0,0,7,5,0,17,21,17,1,3,1,0,0,0,0,6,0,18,7,0,16,1,0,1,0,45,0,6,1,0,3,2,0,3,16,0,0,3,0,0,0,0,4,1,5,0,12,2,4,6,4,27,13,2
4,1,2,0,18,1,1,14,0,0,22,8,2,0,1,0,2,0,1,31,16,0,3,1,3,2,0,3,1,3,3,3,0,1,0,0,0,2,1,0,19,6,2,1,14,0,1,10,0,0,2,0,4,46,5,2,0,3,2,7,7,0,17,0,1,1,1,3,0,10,2,18,1,0,0,1,0,4,0,8,2,7,3,6,2,0,18,7,0
127,2,2,0,25,21,2,43,4,1,15,11,4,1,1,1,7,25,0,0,43,1,4,15,0,7,1,2,14,4,10,3,3,1,0,1,0,2,9,0,32,13,11,4,2,12,2,1,12,1,3,1,12,16,6,19,2,2,17,2,6,3,9,1,1,6,2,16,10,0,0,43,8,1,0,2,1,4,3,3,6,11,3,29,3,5,32,5,4
1,4,0,10,0,3,1,7,3,12,0,1,4,7,4,25,0,0,4,0,23,4,0,3,1,7,6,11,3,10,0,10,10,2,0,0,8,0,4,2,1,4,4,1,0,0,15,0,2,8,3,15,0,1,0,0,0,0,0,4,3,12,2,3,1,3,12,0,2,0,0,8,1,5,22,7,1,4,4,1,3,2,0,1,0,15,2,10,6
34,0,1,0,17,10,13,41,3,30,24,4,1,9,1,12,8,12,4,0,39,3,10,25,1,5,6,3,9,10,25,5,0,14,0,0,0,1,8,0,26,7,2,4,1,1,3,0,2,12,11,7,11,18,10,3,0,5,5,1,8,4,9,4,7,4,5,0,18,43,8,0,13,0,0,2,33,11,2,6,3,5,6,8,5,3,19,5,10
18,0,0,1,1,7,0,6,0,0,11,7,1,2,0,0,3,2,0,17,35,0,2,1,0,0,1,0,4,0,9,3,0,0,0,0,0,0,0,0,5,2,2,0,0,1,0,2,1,0,4,0,0,17,0,3,0,2,0,1,3,0,7,0,0,0,0,3,1,8,1,13,0,0,0,0,1,7,0,0,3,15,2,7,0,0,3,0,3
0,9,1,9,3,2,0,1,1,4,1,1,1,5,0,0,2,2,2,0,5,8,0,1,2,0,10,0,0,3,0,1,9,5,25,10,62,2,12,3,0,0,0,10,0,0,2,0,0,3,5,15,0,0,0,0,6,0,6,5,0,4,0,25,5,0,5,0,0,1,5,0,0,0,1,19,26,0,0,0,3,0,7,0,0,0,0,0,3
3,26,0,37,3,3,7,1,20,2,0,0,0,22,13,10,5,4,6,0,0,0,0,5,4,0,7,15,4,11,0,17,11,15,0,5,5,0,4,17,5,0,6,10,0,0,0,0,8,9,9,3,7,2,0,4,6,1,9,1,3,5,1,0,1,27,0,0,0,0,22,0,0,1,0,3,7,6,1,3,8,0,3,3,2,3,0,0,54
0,0,2,1,1,0,4,2,5,26,0,0,4,0,0,0,8,1,15,0,7,1,3,1,0,1,3,8,0,6,0,24,1,23,10,0,13,1,4,6,2,1,0,0,0,0,11,0,0,7,0,4,1,0,0,6,5,1,13,9,1,9,1,22,1,6,4,0,1,2,7,2,0,19,3,0,8,0,1,0,3,0,2,0,0,16,5,0,4
0,16,21,7,19,1,8,0,2,21,1,0,2,6,1,5,14,4,6,0,1,20,12,1,2,3,24,11,5,4,0,6,10,51,2,1,9,0,17,14,8,2,11,3,0,0,5,0,2,1,3,8,2,0,5,1,0,3,8,0,0,2,4,3,11,5,3,0,0,1,1,33,1,26,7,8,0,1,6,9,10,1,6,0,7,6,4,0,7
20,2,1,6,26,3,11,10,9,0,5,6,10,4,8,4,7,7,6,0,5,18,10,6,1,5,1,2,4,18,3,4,2,1,0,2,0,25,0,4,19,3,21,17,10,0,2,3,3,2,6,0,0,5,12,28,2,10,18,3,5,5,9,1,2,5,0,4,4,4,4,11,7,0,6,0,1,0,1,5,1,19,3,6,8,1,24,4,3
5,2,9,2,15,3,3,0,1,5,6,0,3,2,16,6,2,9,17,0,3,2,2,5,2,4,1,5,9,28,0,1,6,1,0,4,0,2,7,11,7,0,6,4,3,0,12,0,7,8,4,19,1,2,1,15,0,0,12,6,0,0,4,1,5,3,10,1,0,3,4,2,0,0,1,1,6,1,0,10,10,1,2,12,2,6,5,3,7
2,0,1,0,12,0,14,6,0,0,3,4,2,2,1,5,7,3,15,0,2,1,4,5,0,1,0,5,7,5,0,6,0,3,0,0,0,9,8,3,22,6,7,0,34,0,0,1,2,0,5,0,15,0,39,18,2,15,5,2,9,0,10,0,3,4,2,5,8,3,1,6,0,0,3,0,9,5,10,0,5,10,0,12,8,2,16,0,3
2,11,3,4,4,3,12,1,1,11,2,0,5,8,7,5,10,11,24,0,1,29,8,5,11,1,4,5,9,10,1,10,4,6,0,8,5,12,5,18,7,0,16,22,1,0,0,0,15,5,10,23,9,1,2,19,6,1,23,6,5,0,4,8,13,17,19,0,2,6,3,3,3,3,8,3,10,1,10,5,0,0,2,10,10,0,9,15,11
9,0,1,0,7,14,3,7,1,1,15,2,0,1,2,5,3,2,0,10,8,1,3,9,1,1,0,2,2,5,22,1,0,5,0,0,0,4,6,0,33,5,4,4,7,11,1,0,8,1,0,0,0,20,1,12,0,6,3,0,5,0,12,0,0,1,0,12,7,11,2,5,15,0,0,0,1,19,1,10,0,0,1,11,6,1,11,0,0
0,5,14,16,3,0,2,6,4,16,1,1,4,3,3,0,23,1,8,0,4,8,2,6,5,8,9,20,2,6,0,6,11,6,10,2,4,0,5,4,2,2,15,8,0,0,25,0,0,7,3,13,3,0,0,10,9,1,13,2,0,12,1,12,3,3,10,2,3,3,0,6,2,7,3,2,6,3,2,0,2,1,0,4,3,20,3,4,9
11,1,1,0,60,1,9,10,5,2,11,2,3,1,2,0,4,17,3,0,19,5,14,6,0,2,0,0,2,15,0,4,1,0,0,2,0,9,0,1,51,4,3,8,10,0,0,1,11,2,6,1,11,1,8,14,0,2,11,3,7,1,2,3,2,6,5,4,6,29,1,8,7,0,3,0,0,6,12,12,10,11,4,0,15,1,38,1,0
0,1,1,0,15,5,8,42,0,5,5,1,2,7,7,0,5,8,6,0,3,2,10,4,2,0,5,3,2,8,0,4,0,3,0,0,0,47,6,0,59,0,2,1,3,0,0,0,13,2,2,2,6,0,1,15,4,3,9,5,1,0,9,1,0,1,0,6,2,3,0,5,0,0,2,0,7,8,2,8,10,6,3,15,0,1,23,0,4
3,5,5,7,8,4,11,15,19,12,2,1,10,2,0,1,13,4,4,0,5,12,6,10,7,9,6,34,9,2,0,8,2,10,4,4,0,0,9,16,5,1,6,0,1,0,4,0,3,12,5,9,0,2,0,8,11,4,12,13,2,13,2,1,15,13,5,4,0,5,15,3,0,0,3,16,6,1,6,2,0,1,20,1,1,0,10,1,5
43,1,9,1,18,19,16,36,3,6,15,7,7,6,9,15,13,7,4,0,37,5,15,25,3,7,1,7,8,3,9,7,1,9,0,5,0,40,31,9,28,16,49,5,45,3,5,0,13,8,10,3,12,10,50,14,4,7,7,7,41,3,15,1,6,2,3,27,18,32,2,19,3,0,0,5,4,24,5,16,9,11,3,38,23,10,0,23,9
2,1,0,0,35,2,7,14,7,9,1,0,6,3,15,4,4,0,4,0,2,2,0,2,2,0,4,3,20,7,0,7,2,3,0,4,0,1,3,3,85,12,7,2,2,0,0,0,4,0,3,0,9,2,1,17,0,9,3,8,21,1,0,1,9,6,2,13,7,5,10,5,0,0,0,0,0,4,3,0,15,0,4,1,0,1,23,0,18
2,8,2,27,3,1,2,9,10,15,0,1,11,4,14,11,21,11,8,0,8,12,8,4,5,0,12,54,3,20,0,9,9,20,5,12,8,1,6,1,7,2,11,3,0,0,1,0,3,20,8,2,0,2,1,25,11,2,7,5,1,28,0,1,8,4,13,2,0,4,6,10,3,3,54,4,7,3,7,3,11,0,9,0,4,5,9,18,0
