Ant4,Ant57,Ant260,Ant5,Ant52,Ant59,Ant65,Ant244,Ant540,Ant929,Ant2,Ant6,Ant24,Ant25,Ant26,Ant30,Ant38,Ant73,Ant74,Ant99,Ant102,Ant148,Ant158,Ant191,Ant196,Ant202,Ant209,Ant245,Ant268,Ant278,Ant308,Ant604,Ant620,Ant646,Ant673,Ant838,Ant1,Ant12,Ant13,Ant20,Ant27,Ant28,Ant29,Ant32,Ant40,Ant42,Ant43,Ant44,Ant50,Ant55,Ant62,Ant66,Ant68,Ant70,Ant71,Ant80,Ant81,Ant82,Ant85,Ant91,Ant96,Ant97,Ant100,Ant105,Ant111,Ant112,Ant113,Ant114,Ant117,Ant126,Ant135,Ant137,Ant139,Ant142,Ant144,Ant147,Ant149,Ant153,Ant156,Ant159,Ant169,Ant170,Ant173,Ant174,Ant176,Ant178,Ant186,Ant195,Ant198,Ant207,Ant212,Ant217,Ant218,Ant219,Ant220,Ant221,Ant226,Ant229,Ant232,Ant238,Ant242,Ant243,Ant250,Ant255,Ant256,Ant257,Ant261,Ant263,Ant265,Ant294,Ant299,Ant301,Ant305,Ant318,Ant320,Ant332,Ant334,Ant342,Ant347,Ant353,Ant356,Ant376,Ant387,Ant390,Ant391,Ant394,Ant395,Ant398,Ant433,Ant437,Ant475,Ant492,Ant501,Ant527,Ant549,Ant552,Ant556,Ant575,Ant580,Ant592,Ant593,Ant600,Ant607,Ant610,Ant614,Ant621,Ant632,Ant635,Ant638,Ant650,Ant663,Ant665
0,3,40,9,8,4,3,7,7,1,0,0,0,0,0,0,0,2,11,1,0,0,0,7,0,0,0,0,9,1,0,0,0,29,3,0,0,1,1,0,2,0,9,0,0,0,3,1,11,0,60,2,20,0,17,0,0,3,1,35,4,0,0,3,0,0,0,0,4,17,0,0,2,1,5,4,0,0,0,21,0,3,4,7,0,0,0,0,0,0,0,0,0,6,24,0,16,0,12,0,5,0,0,0,0,0,8,0,0,0,0,1,12,0,0,0,0,0,0,12,7,12,0,1,18,2,1,33,0,0,0,7,0,0,7,3,0,1,0,0,0,3,0,0,0,1,0,4,8,0,0,0
3,0,0,1,2,0,0,2,0,9,0,22,0,4,8,3,16,3,14,5,6,5,8,4,15,4,9,13,4,10,9,16,5,0,4,1,4,8,4,8,3,5,0,0,1,0,5,2,3,10,0,3,0,8,0,8,5,12,0,0,19,22,0,0,40,2,1,9,4,0,34,19,6,1,2,4,10,0,2,1,4,4,22,0,1,0,10,7,19,26,2,4,3,9,0,3,0,3,13,13,2,3,4,0,5,9,0,1,15,2,7,0,0,17,14,16,0,2,4,1,5,0,0,8,0,4,3,6,0,2,4,1,0,2,11,7,10,0,7,6,2,7,0,1,1,9,13,0,2,28,7,7
40,0,0,0,0,13,3,14,5,0,5,0,0,0,0,1,0,0,0,0,0,0,0,0,0,0,0,0,11,0,0,0,0,31,0,0,0,0,1,8,14,1,8,0,0,0,7,0,34,0,39,0,0,0,21,0,0,0,0,7,2,0,2,0,0,0,4,2,0,5,0,1,0,25,6,5,0,0,0,32,0,3,10,9,0,0,0,0,0,0,0,0,0,0,27,0,1,0,11,0,1,0,0,0,0,0,18,0,0,3,0,3,10,0,0,0,0,0,0,0,0,4,0,3,32,0,0,5,0,0,0,25,0,1,0,0,0,27,0,1,0,0,0,0,0,0,0,3,9,0,0,0
9,1,0,0,7,18,14,8,15,0,8,0,0,3,0,10,0,0,9,1,0,2,1,8,0,0,16,4,1,0,0,0,2,0,3,1,0,1,3,2,7,0,3,19,2,0,10,0,4,3,8,3,18,0,7,0,0,0,0,10,0,0,36,5,3,0,0,4,3,7,0,2,1,0,4,3,1,5,0,0,2,0,0,4,13,0,0,0,0,4,6,0,8,0,8,4,1,0,4,1,2,13,0,6,0,0,1,0,1,12,0,0,33,0,0,0,13,2,0,16,2,1,6,0,0,1,0,1,0,2,0,2,0,0,2,6,2,0,15,0,0,0,9,4,4,2,4,35,3,2,0,0
8,2,0,7,0,1,5,4,2,14,0,0,0,0,1,3,1,0,28,0,0,0,2,4,0,0,3,0,2,7,15,1,0,0,7,3,0,5,12,3,12,3,0,0,11,0,5,1,11,0,1,10,2,0,7,0,11,2,0,23,1,0,9,0,1,0,2,5,5,9,0,2,2,2,1,5,2,3,0,4,0,1,0,3,6,0,0,1,0,3,8,0,4,0,8,1,1,0,4,2,8,4,0,0,0,0,0,5,1,2,0,0,14,0,0,0,6,0,0,1,5,6,0,0,0,0,0,0,0,4,0,2,0,5,3,3,1,1,2,0,1,0,4,1,0,5,4,0,7,0,0,8
4,0,13,18,1,0,25,14,12,1,39,1,0,4,0,0,0,1,14,1,0,0,2,9,0,0,15,6,6,7,0,1,0,18,0,0,0,0,11,9,0,4,18,26,1,0,0,1,4,0,12,0,3,0,5,0,0,0,2,3,0,0,19,22,0,0,0,0,11,13,0,2,5,5,3,0,0,6,0,0,6,1,1,4,2,0,0,0,2,0,3,0,0,0,19,0,7,3,20,0,0,13,0,4,0,4,11,10,1,0,0,0,20,0,0,4,5,2,0,14,2,12,6,2,2,0,0,4,0,0,0,8,0,0,0,0,0,2,0,0,0,0,17,8,12,1,0,31,0,2,0,6
3,0,3,14,5,25,0,0,0,2,15,0,0,7,1,14,0,1,1,0,0,6,5,11,5,0,24,8,2,1,2,2,0,4,20,1,0,0,2,6,0,0,7,0,2,1,0,0,6,0,0,5,7,0,2,0,8,0,0,2,0,3,2,1,0,0,8,0,2,5,0,5,8,3,9,0,0,1,0,0,8,0,0,6,10,0,0,2,7,1,2,1,8,0,10,7,1,1,27,3,30,13,0,8,0,0,11,33,0,0,0,0,14,2,1,0,18,0,1,7,1,0,4,2,0,0,2,15,0,0,0,9,0,8,14,0,1,0,7,1,0,1,16,3,6,1,2,10,0,6,0,6
7,2,14,8,4,14,0,0,12,2,2,2,0,6,0,2,0,0,13,1,1,0,1,4,0,0,1,7,4,2,0,7,0,0,8,2,0,5,2,7,0,0,3,0,7,0,0,0,10,0,4,0,0,0,0,0,0,0,1,3,3,0,2,5,8,0,31,2,0,1,1,6,1,5,1,1,0,0,0,6,9,2,0,3,0,0,1,1,2,2,6,1,4,0,5,0,4,0,4,0,0,13,0,3,0,2,1,3,0,1,0,2,18,1,3,1,0,3,3,15,5,0,17,0,8,0,1,5,0,0,3,0,0,4,13,0,10,1,8,12,0,0,0,8,1,17,0,7,4,3,0,0
7,0,5,15,2,12,0,12,0,6,6,0,0,0,0,0,0,0,1,0,0,0,0,2,0,0,2,1,4,3,0,0,0,21,0,0,0,0,1,0,4,0,10,14,0,0,4,0,0,0,15,2,2,0,6,0,0,0,0,8,0,0,12,3,0,0,0,1,0,3,0,0,0,0,12,0,0,8,0,0,0,1,0,19,0,0,0,0,0,0,1,0,0,0,7,0,8,0,9,0,5,8,0,5,0,0,13,2,0,0,0,0,28,0,0,0,2,0,0,4,0,0,7,0,2,0,0,8,0,0,0,1,0,0,0,1,0,2,5,0,0,1,6,0,0,5,0,5,0,0,0,3
1,9,0,0,14,1,2,2,6,0,0,5,0,9,5,9,6,1,15,1,8,10,3,1,9,6,2,1,5,18,12,1,12,0,0,2,0,1,1,22,9,0,2,0,7,6,2,0,3,2,1,20,3,6,2,0,5,0,12,4,2,10,20,16,13,1,0,8,6,5,5,10,9,0,8,0,5,5,2,4,9,17,4,3,3,0,5,8,2,14,11,0,11,0,1,5,0,4,1,9,6,0,3,9,1,10,2,6,3,3,0,0,4,0,8,8,6,6,1,2,25,0,0,6,0,1,4,1,0,15,4,4,0,24,12,1,2,0,16,1,4,3,0,5,8,1,7,4,2,12,4,8
0,0,5,8,0,39,15,2,6,0,0,0,0,1,1,2,0,0,9,0,0,0,3,6,0,0,9,11,6,0,1,0,0,8,5,1,0,0,7,0,0,0,0,5,0,0,5,0,8,0,0,1,9,0,0,0,1,1,0,1,0,1,4,7,0,0,0,5,0,5,0,6,0,10,6,1,0,13,0,0,0,2,0,4,0,0,0,0,0,0,0,0,0,0,17,0,2,0,16,1,5,1,1,10,1,0,0,2,0,1,0,0,14,0,0,1,6,0,0,11,5,10,3,0,5,1,0,6,0,0,0,6,0,8,2,0,0,0,3,0,0,0,0,3,9,1,0,2,5,0,6,12
0,22,0,0,0,1,0,2,0,5,0,0,4,6,9,0,0,21,1,24,10,2,0,0,5,19,4,11,3,0,0,26,5,0,1,32,9,13,0,4,0,14,0,0,0,1,13,21,0,14,0,0,0,7,0,10,0,24,1,0,15,23,4,0,28,17,2,11,9,0,21,49,13,2,0,52,7,0,3,0,8,3,29,0,0,23,28,3,21,0,0,23,3,13,1,2,0,2,0,1,0,1,12,0,21,13,0,1,26,1,12,13,1,6,7,2,0,17,25,0,0,0,0,58,0,24,15,0,0,6,28,0,2,0,8,28,44,6,0,40,38,17,8,6,49,21,0,4,0,30,3,3
0,0,0,0,0,0,0,0,0,0,0,4,0,0,0,0,0,6,0,17,0,0,0,0,0,68,0,0,0,0,0,37,0,0,0,0,35,0,0,0,0,12,0,0,0,0,0,22,0,20,0,0,0,0,0,12,0,18,0,0,8,0,0,0,0,1,0,0,0,0,0,0,51,0,0,49,0,0,18,0,0,0,22,0,0,14,12,0,0,0,0,4,0,6,0,0,0,0,0,0,0,0,0,0,1,0,0,0,0,0,18,37,0,0,0,0,0,0,19,0,0,0,0,17,0,49,4,0,7,0,0,0,11,0,0,0,0,0,0,9,15,0,0,0,0,0,0,0,0,0,0,0
0,4,0,3,0,4,7,6,0,9,1,6,0,0,6,1,10,4,3,5,3,0,8,3,0,0,1,17,8,10,13,2,0,0,5,18,4,3,6,8,4,6,2,0,1,13,2,0,14,2,0,8,0,0,1,2,39,17,0,0,14,5,4,3,3,3,2,4,4,7,0,6,13,10,0,0,12,8,1,0,8,4,11,6,0,2,6,10,1,1,2,14,3,0,9,19,0,17,4,1,0,9,0,6,4,2,0,14,7,4,1,0,13,6,4,0,6,8,1,11,4,0,0,2,0,3,2,0,0,10,4,5,0,7,10,6,10,6,15,4,8,5,1,6,21,3,0,25,0,21,0,11
0,8,0,0,1,0,1,0,0,5,1,9,0,6,0,3,4,6,0,12,18,3,5,0,12,0,2,19,7,8,1,4,13,0,0,11,2,9,0,13,2,6,0,6,0,4,0,0,8,0,0,5,0,2,1,1,5,10,3,0,12,8,15,2,18,0,2,6,1,0,4,10,13,9,5,0,9,0,0,0,5,4,6,0,13,0,14,17,7,6,0,5,17,4,0,4,0,6,1,4,0,12,1,7,8,9,1,0,22,5,7,0,0,1,24,7,0,6,4,0,8,0,4,7,0,13,15,4,0,10,5,1,0,9,11,4,26,7,7,13,9,4,0,9,10,9,11,2,0,24,0,3
0,3,1,10,3,0,14,2,0,9,2,0,0,1,3,0,1,0,5,0,1,4,1,6,3,0,6,2,1,4,3,3,0,3,5,0,0,0,6,0,1,0,9,2,3,6,0,0,3,0,1,1,7,0,4,0,5,0,1,0,0,0,0,0,1,0,4,0,5,6,0,4,0,5,3,0,0,8,0,0,3,1,0,0,1,0,0,8,0,2,8,0,5,0,8,6,5,1,0,3,20,2,0,6,0,0,1,0,0,9,0,0,17,0,0,3,2,0,0,0,3,0,12,0,0,0,0,0,0,0,0,8,0,7,0,1,1,0,1,0,1,0,1,4,0,9,3,2,0,0,1,0
0,16,0,0,1,0,0,0,0,6,0,0,0,10,4,1,0,2,4,1,10,3,5,2,6,2,2,10,7,7,16,0,25,2,0,0,0,10,0,1,2,0,0,0,2,4,0,0,7,0,0,8,0,6,5,0,4,0,0,0,7,17,6,0,8,9,2,16,0,0,26,9,6,0,3,4,6,5,0,0,10,1,0,1,0,0,5,6,2,11,9,5,2,2,0,8,0,2,4,11,5,8,7,1,0,7,0,2,5,0,0,0,0,1,3,7,2,7,4,0,2,0,0,5,1,3,1,0,0,10,4,6,0,2,4,0,8,3,10,4,5,3,1,0,9,5,5,4,0,12,4,2
2,3,0,0,0,1,1,0,0,1,0,21,6,4,6,0,2,0,0,17,0,1,1,0,0,22,0,3,1,0,2,48,0,0,1,33,8,7,0,5,0,11,0,0,0,0,4,12,0,12,0,0,0,0,0,12,0,11,0,0,17,0,3,0,12,2,9,2,20,0,2,32,39,1,0,64,5,0,3,0,0,0,33,1,0,11,10,0,18,0,0,11,10,3,0,4,0,1,0,2,2,0,1,0,7,26,0,0,13,0,16,10,1,1,0,0,0,4,11,1,4,0,3,13,0,26,16,0,2,0,8,0,1,0,3,29,1,9,1,8,23,6,1,11,16,5,0,3,0,7,2,4
11,14,0,9,28,14,1,13,1,15,9,1,0,3,0,5,4,0,0,2,2,8,3,0,0,0,1,10,4,9,0,8,0,0,5,0,0,1,2,3,5,0,0,1,2,0,1,4,7,0,0,5,16,0,0,0,8,0,0,3,1,0,27,0,1,0,0,0,5,1,1,6,2,5,20,0,0,10,0,0,5,5,1,8,1,0,0,0,0,4,12,2,7,0,15,2,0,0,3,2,3,2,0,12,0,6,2,1,1,0,0,0,4,0,0,0,17,6,0,1,13,6,9,0,0,0,1,0,0,0,0,0,0,12,4,0,4,3,0,0,0,4,3,1,0,0,0,7,2,4,0,8
1,5,0,1,0,1,0,1,0,1,0,24,17,5,12,0,1,17,2,0,7,1,2,0,0,6,0,2,3,2,6,15,0,0,0,16,30,18,0,5,4,20,0,0,2,7,9,22,0,11,0,1,0,2,0,10,6,9,0,0,16,0,3,5,22,13,0,0,4,0,12,41,18,3,0,36,7,0,4,0,3,3,5,0,2,31,24,0,32,1,1,33,5,21,0,10,0,9,0,3,2,0,5,3,5,28,0,0,14,5,9,35,0,6,2,5,0,13,42,0,3,0,1,30,0,34,28,0,2,4,24,2,2,0,8,19,24,20,4,15,36,21,0,5,36,27,0,14,0,39,0,7
0,6,0,0,0,0,0,1,0,8,0,10,0,3,18,1,10,0,2,7,0,6,12,0,3,0,0,0,7,3,7,0,6,0,1,0,0,1,0,9,0,9,0,0,0,0,8,0,5,0,1,1,0,5,0,0,7,4,1,0,2,22,5,0,19,4,4,5,7,0,5,5,3,0,2,4,4,0,0,0,0,7,0,0,1,1,1,13,6,6,6,3,1,10,0,14,0,6,0,14,0,4,6,0,1,0,0,2,4,2,1,0,0,0,3,8,2,0,4,2,9,0,2,0,0,4,4,1,0,0,7,0,0,6,22,1,9,0,1,15,0,1,0,2,0,5,10,0,0,10,0,5
0,5,0,2,0,0,6,0,0,10,0,2,0,0,3,4,3,1,8,1,6,0,2,11,3,0,9,0,21,5,16,0,2,0,2,0,0,2,7,32,0,0,0,1,10,2,2,2,9,0,0,0,1,4,3,0,4,9,35,5,0,3,14,2,2,1,2,3,0,7,6,2,1,1,11,1,0,19,0,0,1,5,2,1,8,0,0,0,2,5,12,3,11,1,4,6,0,2,1,18,2,3,3,1,0,14,0,19,1,0,0,0,10,5,0,4,0,0,0,0,5,3,2,0,5,0,4,0,0,7,1,13,0,8,19,3,6,9,12,0,0,0,1,0,5,9,1,0,1,12,6,9
0,8,0,1,2,2,5,1,0,3,3,0,0,8,5,1,5,1,3,2,12,2,0,1,7,0,5,16,8,2,7,3,1,0,1,9,0,3,1,1,0,1,0,0,7,5,1,6,10,0,0,1,0,4,0,0,17,3,1,0,7,0,7,1,1,5,0,7,6,0,1,12,4,13,1,2,0,1,0,0,19,0,8,0,0,0,1,12,1,17,9,6,16,0,0,21,0,0,1,1,1,2,0,2,4,7,0,4,0,3,0,0,10,18,2,9,11,9,0,2,2,0,0,2,2,3,0,0,0,17,3,2,0,10,7,0,18,1,11,10,1,7,7,3,10,6,7,7,0,11,4,3
7,4,0,8,4,9,11,4,2,1,6,0,0,3,0,6,2,0,0,0,0,11,1,0,1,0,9,0,11,0,3,0,0,5,1,0,0,0,6,8,5,0,0,12,3,1,2,1,10,0,0,2,15,0,28,0,5,1,0,26,0,1,10,10,3,0,0,0,2,10,0,0,0,3,9,0,0,0,0,0,0,0,1,4,19,0,0,2,0,1,22,0,9,0,3,0,3,7,7,1,15,21,1,31,0,0,9,0,0,6,0,0,16,0,1,0,4,0,0,2,11,1,18,0,10,0,0,0,0,3,0,0,0,4,0,0,2,0,2,0,0,0,20,3,0,0,0,1,2,13,0,1
0,15,0,0,0,0,5,0,0,9,0,5,0,0,12,3,6,0,0,0,3,3,7,1,0,0,0,10,0,8,19,0,4,1,5,0,0,2,3,2,0,1,6,0,2,4,4,4,5,0,0,4,2,1,1,0,2,3,8,1,1,5,0,0,4,0,0,2,0,3,3,9,5,1,3,0,3,0,0,0,0,1,0,1,1,0,0,2,0,11,7,2,12,0,1,3,0,0,7,19,1,10,5,2,0,0,5,2,0,0,1,0,2,2,0,1,0,2,1,0,2,6,0,0,2,0,2,0,0,8,3,2,0,8,2,0,3,1,0,0,3,0,3,1,0,3,3,0,5,6,10,14
0,4,0,0,0,0,0,0,0,6,0,19,68,0,0,0,2,22,0,6,0,0,0,0,0,0,0,0,0,0,0,33,0,0,0,0,58,2,0,0,0,36,0,0,0,0,0,27,0,25,0,0,0,0,0,7,0,24,1,1,22,3,0,1,3,15,0,4,0,0,3,0,26,0,0,59,4,0,33,0,0,0,42,0,0,21,11,0,7,0,0,7,0,9,0,0,0,2,0,0,0,0,0,0,6,3,0,0,3,0,37,53,0,1,1,0,0,0,25,0,0,0,0,31,0,55,2,0,20,0,7,0,8,0,0,6,2,2,0,17,52,10,0,0,0,0,1,1,0,7,0,0
0,9,0,16,3,15,24,1,2,2,9,4,0,1,2,6,2,0,1,0,0,9,5,9,0,0,0,5,2,19,5,3,0,0,8,0,0,1,4,2,8,0,3,5,11,4,1,0,19,0,2,0,24,0,35,0,6,0,0,12,2,0,17,0,3,0,5,0,0,27,0,0,0,9,4,5,1,5,0,0,0,0,0,1,0,0,0,2,0,4,16,1,8,2,0,1,4,1,0,5,6,26,0,13,1,3,0,5,0,9,1,0,4,5,1,3,18,0,0,0,3,0,4,3,0,4,0,0,0,4,4,6,0,3,2,0,2,0,7,1,0,0,3,22,2,4,0,9,12,4,1,3
0,13,0,4,0,6,8,7,1,1,11,11,0,17,19,2,10,3,10,2,0,0,16,0,10,0,5,0,2,8,7,15,3,0,3,39,3,3,0,14,0,3,0,0,0,4,0,11,16,1,0,0,0,1,0,0,3,13,0,0,7,6,4,0,9,13,15,15,33,0,1,23,12,28,0,8,12,0,0,0,19,13,14,3,0,0,11,9,8,4,16,6,4,1,7,18,0,14,12,0,0,7,0,5,6,17,0,8,2,1,1,0,7,2,1,2,2,20,1,2,3,0,0,9,0,5,43,11,0,0,4,5,0,1,19,20,18,29,0,11,0,7,30,5,26,17,1,1,0,11,41,8
9,4,11,1,2,6,2,4,4,5,6,3,0,8,7,1,7,1,4,3,7,21,8,11,0,0,2,2,0,6,5,4,5,29,0,2,0,0,0,32,5,2,0,0,11,2,14,0,8,0,8,10,4,9,3,0,3,2,49,10,6,6,16,2,0,5,0,8,0,4,8,0,7,0,3,2,8,6,0,2,5,15,0,1,1,0,3,7,7,14,2,0,9,2,1,4,0,6,3,7,7,9,5,0,0,3,4,0,4,2,1,0,5,1,10,6,2,1,1,0,22,1,0,1,11,1,0,3,0,11,2,13,2,12,8,6,1,4,12,5,2,1,3,2,5,2,6,2,3,8,0,14
1,10,0,0,7,7,1,2,3,18,0,0,0,10,8,4,7,0,9,2,3,5,2,0,8,0,19,8,6,0,4,0,6,0,5,0,0,5,8,7,2,4,0,0,6,3,7,0,3,0,1,0,2,4,3,0,9,3,1,1,1,4,15,7,12,2,1,7,0,6,18,5,0,7,7,1,0,9,0,0,4,6,0,2,6,0,0,17,1,10,5,1,9,0,1,5,3,0,5,117,13,3,2,8,1,4,2,9,2,7,0,0,10,3,0,4,5,11,0,0,14,1,6,0,6,0,0,0,0,7,1,3,0,3,15,0,1,0,12,5,3,0,7,1,2,1,10,17,12,9,17,10
0,9,0,0,15,0,2,0,0,12,1,0,0,13,1,3,16,2,0,6,7,16,7,3,19,0,5,7,5,4,0,5,12,0,14,2,0,11,7,18,4,1,2,0,13,0,1,0,5,0,0,7,3,6,2,0,4,2,2,1,8,4,8,3,6,0,0,12,2,0,0,13,3,6,1,2,3,0,0,4,1,4,0,0,0,0,0,11,1,17,3,0,10,5,0,13,0,3,2,6,8,5,3,2,0,0,3,5,1,4,0,0,7,3,5,5,0,1,3,0,4,3,0,1,0,0,2,0,0,2,0,6,0,9,14,1,7,0,12,7,0,0,7,1,0,5,8,2,0,10,15,0
0,16,0,0,1,1,2,7,0,1,0,26,37,2,4,3,0,48,8,15,0,0,3,0,0,33,3,15,4,0,5,0,0,0,3,27,35,7,0,2,0,12,0,0,0,0,1,39,0,34,1,0,0,0,0,10,0,52,0,0,38,2,5,1,14,11,11,0,19,0,0,6,58,0,0,113,8,0,10,0,13,0,35,0,0,23,30,0,23,2,0,4,0,12,0,0,0,0,2,0,1,7,0,0,6,37,0,0,12,4,54,51,1,0,1,0,5,1,14,0,0,0,0,17,0,48,14,5,38,0,11,0,48,0,6,10,12,0,0,45,25,15,6,4,5,14,0,1,0,13,0,0
0,5,0,2,0,0,0,0,0,12,0,5,0,0,13,0,25,0,0,0,6,2,1,0,4,0,0,3,5,6,12,0,0,0,1,0,0,11,0,9,2,2,0,0,4,4,0,0,3,0,0,1,0,11,3,0,5,1,13,0,6,22,1,1,40,4,0,23,0,3,11,4,11,0,0,0,3,2,0,1,0,6,0,0,0,2,3,20,1,37,0,11,10,1,0,0,0,3,6,11,1,0,10,0,9,1,0,0,5,0,0,0,0,1,19,6,0,7,1,0,4,0,0,0,4,0,0,0,0,5,11,5,0,2,10,0,19,0,1,9,6,0,4,0,0,1,28,0,0,13,0,1
29,0,31,0,0,18,4,0,21,0,8,0,0,0,0,3,2,0,0,0,0,0,0,5,1,0,0,0,29,0,0,0,0,0,0,0,0,0,14,0,3,0,7,1,0,0,5,0,32,0,28,1,0,0,8,0,0,0,0,29,0,0,0,0,0,0,24,0,0,4,0,0,0,6,25,0,0,6,0,22,0,0,0,2,0,0,0,0,0,0,0,0,0,0,15,0,16,0,7,0,14,0,0,0,0,0,34,0,0,0,0,0,12,0,0,0,0,0,2,0,0,34,0,3,14,0,0,9,0,0,0,22,0,4,15,0,0,0,0,0,0,1,0,0,0,0,0,0,13,0,0,0
3,4,0,3,7,0,20,8,0,0,5,1,0,5,0,5,0,1,5,0,1,2,1,1,5,0,8,3,0,5,14,3,1,0,0,1,0,0,0,1,2,0,7,7,3,3,0,0,3,0,0,5,15,0,3,0,1,0,0,23,5,4,1,0,2,0,0,0,2,17,0,1,1,7,0,0,0,0,0,0,9,0,0,0,8,0,0,1,2,2,8,0,11,1,0,3,4,0,4,1,15,4,0,6,0,0,4,3,1,2,0,0,14,1,4,0,6,0,0,2,6,0,1,1,0,0,0,0,0,0,0,0,0,16,6,0,2,1,13,0,0,0,0,28,1,1,0,0,5,3,4,7
0,1,0,1,3,0,1,2,0,2,1,32,0,18,11,0,0,33,0,16,0,0,9,0,0,0,0,39,2,0,2,27,0,0,1,0,7,10,0,1,0,6,0,0,0,1,0,19,6,16,0,0,0,0,1,10,0,13,0,0,21,7,5,3,20,17,3,7,1,1,0,33,17,13,0,12,6,0,0,0,3,2,19,0,0,10,49,7,17,0,2,29,4,8,2,8,0,2,0,0,2,1,6,0,19,3,0,0,19,5,3,0,0,3,9,0,1,12,6,0,10,0,0,69,0,20,7,0,0,2,25,4,0,0,8,26,22,19,0,37,22,29,9,3,46,23,0,2,0,35,0,1
0,4,0,0,0,0,0,0,0,0,0,9,35,4,2,0,0,8,0,30,0,0,0,0,0,58,0,3,0,0,0,35,0,0,0,7,0,0,0,0,0,20,0,0,0,1,0,11,0,10,1,0,0,2,0,9,0,29,0,0,14,0,0,0,2,8,0,0,0,0,0,4,31,0,0,46,3,0,15,0,0,2,33,0,0,53,14,0,9,0,0,32,0,41,0,0,0,1,0,0,0,0,0,0,12,2,0,0,3,0,18,43,0,0,0,0,0,11,31,0,0,0,0,23,0,20,6,0,9,10,10,0,11,0,0,1,3,1,0,15,41,7,0,0,0,1,0,0,0,4,0,0
1,8,0,1,5,0,0,5,0,1,0,13,0,3,9,0,10,7,1,18,1,2,3,0,2,2,1,3,0,5,11,7,11,0,0,10,0,0,0,5,0,1,0,3,0,0,2,14,0,3,0,0,0,7,0,0,0,3,0,0,10,11,3,0,26,6,5,8,10,2,13,28,11,4,0,0,2,0,0,0,0,1,5,0,0,1,6,12,13,15,0,3,4,15,0,6,0,1,0,6,1,3,5,0,2,4,1,0,4,3,1,2,0,6,5,8,0,26,10,0,0,0,0,12,0,11,9,5,0,7,20,1,0,8,9,2,5,3,6,3,2,2,1,0,20,16,18,0,0,11,5,1
1,4,1,3,12,11,2,2,1,1,7,0,0,6,0,6,0,0,2,0,0,7,1,6,3,0,4,0,0,8,7,0,0,14,0,0,0,0,0,2,2,0,11,20,2,2,0,0,4,0,0,8,9,0,2,0,18,0,0,3,0,0,8,8,0,0,0,3,4,1,0,0,2,1,6,0,0,15,0,3,2,0,0,15,20,0,0,0,0,0,15,0,0,0,23,11,2,1,3,3,4,4,0,6,0,0,0,1,0,4,0,0,10,0,4,1,3,0,0,5,1,4,3,0,5,0,0,10,0,2,0,0,0,6,0,1,1,0,2,2,0,0,7,1,1,2,0,8,3,7,1,1
0,8,8,2,3,9,6,7,0,22,0,4,0,8,13,0,1,5,3,5,9,32,1,8,2,0,2,14,32,7,18,2,9,0,1,1,0,5,2,0,6,0,4,0,6,4,0,1,3,0,4,2,0,1,4,0,2,4,67,8,9,3,6,1,16,2,12,9,7,7,6,12,8,2,5,3,7,13,0,7,23,5,0,4,6,0,1,17,2,10,6,0,23,2,1,14,0,7,2,23,2,6,11,10,2,8,3,1,4,4,1,0,5,5,11,11,3,6,1,1,58,0,0,2,4,4,2,2,0,45,3,12,0,14,10,3,3,14,18,17,1,2,3,4,4,10,4,9,4,7,9,7
2,3,14,7,12,0,0,0,4,9,0,0,0,4,2,1,2,0,5,4,0,0,0,5,0,0,8,0,5,2,4,0,2,3,2,0,0,0,2,6,0,0,0,1,3,0,2,0,4,0,2,1,10,2,11,0,4,1,1,48,1,0,11,2,3,1,0,5,5,0,0,3,1,0,4,0,6,6,0,1,0,3,0,5,16,0,0,5,1,5,0,0,7,0,0,5,8,0,0,0,5,7,2,7,3,2,10,0,2,0,0,0,16,0,1,0,10,0,0,8,10,2,2,0,2,0,4,0,0,1,2,0,0,8,7,0,2,4,5,1,1,0,0,0,0,0,2,2,0,6,0,0
0,5,1,0,3,4,0,0,0,0,0,14,12,6,6,0,0,11,0,20,9,0,1,0,1,36,0,3,2,4,1,12,2,0,0,6,20,1,0,0,0,0,0,0,0,0,5,10,0,20,2,0,0,1,0,5,0,10,0,0,13,5,6,1,3,16,1,0,0,0,1,12,11,0,0,42,0,0,7,2,0,1,31,0,0,30,1,0,15,0,1,22,0,5,0,0,0,2,0,0,0,0,0,0,11,10,0,2,5,0,21,26,0,0,1,0,0,0,13,0,0,0,0,30,0,13,6,3,17,0,2,0,6,0,1,14,11,4,0,25,51,31,1,0,8,0,0,0,0,17,0,0
9,0,8,3,0,18,7,3,10,2,0,0,0,2,0,9,0,0,0,0,0,0,0,0,6,0,3,0,0,0,2,0,0,7,7,0,0,0,11,4,0,0,0,12,1,0,3,0,4,0,26,0,58,0,15,0,0,0,1,50,0,0,0,2,0,0,1,0,0,11,0,0,2,0,5,0,0,0,0,5,0,4,0,3,0,0,0,0,0,0,0,0,13,0,18,7,18,0,2,0,0,0,0,0,0,0,12,2,0,1,0,0,12,0,0,0,0,0,0,1,4,3,0,0,10,0,0,17,0,0,0,3,0,2,0,0,0,0,0,0,0,0,0,0,0,0,0,6,6,0,0,3
0,0,0,19,0,26,0,0,14,0,5,0,0,0,6,2,0,0,1,0,0,1,0,12,0,0,5,0,0,0,0,0,0,1,7,0,0,3,20,0,1,0,12,0,2,0,0,0,8,0,0,13,20,0,0,0,0,0,3,0,0,0,0,9,0,0,0,0,1,5,0,1,1,0,3,0,0,3,0,0,0,0,0,5,2,0,1,0,0,0,2,0,3,0,8,0,8,0,7,13,0,0,0,3,0,0,0,1,0,8,0,0,10,0,0,0,1,0,0,3,0,2,5,0,9,0,1,0,0,0,0,2,0,0,0,0,0,0,7,0,0,0,0,0,1,0,0,3,1,0,0,0
0,1,0,2,11,1,2,7,0,7,0,0,0,1,0,3,2,0,2,2,0,10,7,3,2,0,11,0,11,6,13,0,4,0,3,0,0,0,2,6,3,0,1,2,0,4,2,0,3,0,0,1,1,0,12,0,12,0,8,19,1,3,8,0,2,0,1,7,11,9,1,2,6,5,2,0,1,6,0,0,6,4,1,5,10,0,0,12,0,11,9,0,11,0,8,13,0,3,0,1,8,3,0,1,1,0,2,4,0,5,0,0,8,0,1,10,0,3,0,3,17,4,7,1,0,0,0,1,0,4,0,0,0,6,7,0,0,6,3,3,0,0,0,1,0,3,1,0,2,2,0,3
0,0,0,0,0,0,1,0,0,6,0,1,0,13,4,6,4,0,0,7,0,2,5,1,4,0,4,4,2,3,0,0,4,0,3,1,1,0,2,4,0,0,0,0,4,0,3,0,13,0,0,1,0,8,0,0,6,2,3,0,4,12,6,0,6,0,2,10,0,0,1,10,4,0,0,0,1,2,0,5,0,0,0,0,12,0,0,9,3,9,8,2,18,0,1,12,0,0,1,15,2,0,2,2,0,5,0,0,10,2,0,0,0,4,6,27,0,1,0,0,4,0,0,0,0,7,2,0,0,4,0,1,0,13,34,0,3,3,1,5,0,0,0,1,3,0,3,7,0,13,10,4
3,5,7,10,5,0,0,0,4,2,5,13,0,2,0,0,0,4,1,9,8,2,1,2,4,0,1,0,14,7,1,1,0,5,0,0,0,2,0,0,2,5,3,0,2,3,0,22,11,0,28,1,2,0,2,1,10,2,0,11,4,0,13,2,0,0,3,5,5,2,2,10,3,7,2,13,4,2,0,7,0,5,4,8,9,0,0,12,7,7,1,0,1,0,5,4,0,0,6,2,3,11,0,0,0,19,8,0,5,1,4,0,8,0,2,1,0,0,0,0,0,2,0,7,5,0,0,11,0,2,0,5,0,1,3,7,10,4,1,0,0,1,5,0,0,0,0,9,3,5,0,2
1,2,0,0,1,1,0,0,0,0,0,21,22,0,0,0,0,12,4,22,0,2,6,1,4,27,0,11,0,0,0,39,0,0,0,19,11,14,0,1,0,10,0,0,0,0,22,0,4,19,1,0,0,0,0,15,0,17,0,0,19,2,0,0,46,17,0,9,13,0,0,19,37,0,0,50,8,0,12,0,0,7,20,0,0,14,28,0,15,6,6,25,0,13,0,0,0,0,0,0,0,0,0,3,16,15,0,1,6,0,29,30,0,2,1,0,0,18,15,2,2,0,0,17,0,12,30,1,11,1,10,0,1,0,0,12,20,3,0,13,12,22,7,7,7,8,0,3,0,1,0,1
11,3,34,4,11,4,6,10,0,3,8,0,0,14,8,3,7,0,7,0,5,9,10,10,5,0,19,16,8,3,5,0,3,32,3,6,0,0,4,3,4,0,4,8,3,13,11,4,0,0,12,2,3,0,1,0,10,2,2,29,1,10,11,9,0,5,3,9,0,36,0,7,0,9,7,0,3,9,0,13,7,2,0,11,0,0,4,5,3,7,6,0,10,1,13,10,4,1,14,8,2,5,0,22,1,0,3,2,0,2,0,0,5,3,3,0,12,2,3,1,17,22,4,4,3,1,7,17,0,0,0,16,0,14,14,6,9,4,2,7,0,2,2,4,12,0,1,7,12,9,6,0
0,10,0,3,0,0,0,0,0,2,0,14,20,2,0,0,0,12,0,11,0,0,0,0,0,25,0,1,0,0,0,34,0,0,0,16,10,3,0,0,0,20,0,0,0,0,0,19,0,0,0,2,0,0,0,13,0,13,0,0,38,0,1,0,3,13,1,0,2,0,0,22,23,0,0,72,2,0,18,0,0,2,39,0,1,8,18,0,12,0,0,11,0,4,0,0,0,0,0,0,0,0,0,0,7,20,0,0,6,0,52,35,0,0,0,1,0,12,9,1,0,0,0,10,0,35,18,0,8,0,7,0,15,0,0,19,9,0,0,14,20,11,3,0,0,9,0,5,0,0,0,0
60,0,39,8,1,12,0,4,15,1,0,0,0,0,0,1,0,0,0,0,1,0,0,0,0,0,2,0,8,1,0,1,0,28,0,0,1,0,0,4,2,2,26,0,0,0,28,1,12,0,0,0,0,0,9,0,0,0,0,14,0,0,24,0,0,0,6,0,2,2,0,0,0,14,15,11,3,4,0,45,0,18,9,4,4,0,0,0,1,0,0,0,0,0,29,0,19,0,6,0,0,1,0,0,0,15,19,0,0,0,3,0,4,0,0,0,0,0,0,3,2,3,0,5,49,0,0,5,0,0,0,8,0,0,11,1,0,1,0,0,0,4,1,0,0,1,0,14,5,0,0,0
2,3,0,3,10,0,5,0,2,20,1,0,0,8,5,1,8,0,5,1,1,0,1,2,4,0,0,0,10,0,7,0,1,1,5,0,0,0,8,2,1,0,0,13,1,1,1,0,2,2,0,0,9,0,8,0,18,1,0,13,0,1,14,14,0,1,0,0,1,0,0,10,2,1,7,0,0,9,0,0,3,2,0,1,1,0,1,0,2,1,4,0,15,0,0,0,0,0,0,2,18,6,0,6,1,0,7,4,0,5,0,0,20,0,2,2,3,0,0,0,8,2,4,1,0,0,0,0,0,5,3,2,0,2,1,3,2,0,15,0,0,0,3,0,2,0,0,14,2,7,0,25
20,0,0,18,2,3,7,0,2,3,9,0,0,0,0,7,0,0,16,0,0,1,0,15,2,0,24,0,4,2,3,0,0,0,15,0,0,0,9,0,10,0,58,20,1,0,2,0,3,0,0,9,0,0,22,0,0,0,0,78,0,0,4,15,0,0,2,0,0,14,0,0,0,0,7,0,0,3,0,7,0,0,0,51,3,0,0,0,0,0,13,0,0,0,1,0,15,0,2,0,4,0,0,0,0,0,3,0,0,0,0,0,10,0,0,0,13,0,0,0,0,3,0,0,0,0,0,0,0,0,0,0,0,0,0,0,0,0,3,0,0,0,8,0,0,0,0,0,0,0,5,4
0,8,0,0,0,0,0,0,0,6,0,7,0,0,2,0,6,0,0,2,5,4,4,0,1,0,0,1,9,4,6,0,11,0,0,0,2,7,0,1,2,1,0,0,0,8,0,0,0,0,0,0,0,0,1,0,0,4,3,0,10,14,1,3,8,2,0,8,0,3,31,8,12,5,2,0,6,0,0,1,1,2,0,0,1,0,1,9,8,19,2,3,0,5,0,2,0,2,1,17,1,0,17,2,0,5,1,0,5,6,0,0,4,1,10,10,0,5,1,0,2,0,0,3,0,0,0,0,0,10,6,1,0,8,1,0,2,1,3,12,1,4,0,0,7,11,12,3,0,13,0,5
17,0,21,7,7,5,2,0,6,2,0,0,0,1,1,4,5,0,0,0,0,3,0,28,1,0,35,0,3,3,2,0,3,8,3,1,0,0,2,4,11,0,15,0,12,0,2,0,1,0,9,8,22,1,0,0,7,0,4,82,1,0,0,6,0,0,5,6,0,13,0,0,0,0,14,1,0,1,0,2,3,1,0,9,11,0,0,3,0,1,8,0,1,0,1,7,11,0,11,3,11,2,0,0,0,0,12,0,0,0,0,0,10,0,0,1,0,0,0,3,10,13,0,0,4,0,0,0,0,0,0,0,0,2,7,0,0,0,7,0,0,0,0,1,0,0,0,0,4,3,8,6
0,8,0,0,0,0,0,0,0,0,0,10,12,2,1,0,0,12,0,10,0,0,0,0,0,7,0,0,0,0,0,10,0,0,0,10,9,0,0,0,0,5,0,0,0,0,1,15,0,13,0,0,0,0,0,0,0,6,0,0,10,0,0,0,3,10,0,0,3,0,0,5,12,1,0,26,3,0,16,0,0,1,13,0,0,19,3,0,2,0,0,16,0,4,0,0,0,0,0,0,0,3,0,0,4,4,0,0,1,1,5,30,0,0,0,0,0,0,9,0,0,0,0,21,0,12,3,1,3,0,5,0,2,0,0,0,0,1,0,5,26,20,0,0,8,1,0,0,0,4,0,0
0,5,0,0,11,0,8,0,0,5,1,0,0,39,5,5,4,0,8,6,7,4,17,5,2,0,6,3,3,9,4,0,5,0,1,0,0,0,18,2,4,0,0,0,12,6,10,0,10,0,0,18,0,0,7,0,0,7,1,0,0,3,8,4,1,0,1,7,1,1,0,2,0,3,2,0,5,0,0,0,4,2,0,0,9,0,1,6,0,11,8,0,9,0,7,7,0,10,5,5,1,4,2,12,5,0,3,3,0,6,2,0,8,0,5,2,0,6,0,0,0,0,3,0,3,2,3,0,0,12,0,3,0,13,28,1,7,4,3,0,0,4,1,1,0,2,8,1,1,12,0,3
3,12,0,0,2,0,0,0,0,0,1,24,18,17,10,0,0,11,0,9,4,9,3,1,3,24,0,13,2,3,2,52,1,0,0,13,29,3,0,4,1,10,0,0,0,2,2,17,2,13,0,1,0,4,0,6,7,0,0,0,29,7,2,3,18,23,0,4,9,0,1,8,52,10,0,69,1,0,5,0,2,0,38,0,0,49,31,15,16,4,3,14,1,6,0,3,0,0,0,0,4,0,4,2,17,18,0,0,12,4,19,27,2,5,7,6,0,7,15,0,0,0,0,24,0,53,21,0,8,2,20,0,7,1,2,11,11,2,1,24,59,24,8,0,20,2,0,3,0,20,0,3
1,0,0,0,0,2,0,1,0,12,0,1,0,0,3,1,0,0,0,0,1,35,1,0,8,1,0,0,49,1,2,0,13,0,0,0,0,0,0,67,1,0,1,3,8,3,0,0,2,0,0,0,0,3,4,0,1,0,0,1,6,5,2,5,0,2,0,1,0,0,5,0,4,0,0,3,0,1,0,3,0,30,0,0,6,0,5,18,5,1,1,1,16,0,0,0,0,4,0,8,3,0,20,0,4,0,3,0,2,5,1,0,4,1,13,1,0,3,0,2,81,0,0,0,0,1,0,0,0,27,3,24,1,7,3,0,4,5,10,1,0,0,0,0,4,0,2,0,0,6,0,6
35,0,7,10,23,3,2,3,8,4,1,0,0,0,0,0,0,0,3,0,0,5,0,26,1,1,12,0,10,1,1,0,0,29,23,0,0,0,3,8,48,0,50,0,19,0,11,0,29,0,14,13,78,0,82,0,0,0,1,0,3,0,2,1,0,0,0,0,0,38,0,4,0,0,4,0,0,7,0,3,0,10,0,24,33,0,0,0,0,0,7,0,0,0,7,0,39,0,8,0,68,0,0,0,0,0,58,0,0,8,0,1,34,0,0,0,0,0,0,8,0,33,0,0,31,0,0,8,0,1,0,0,0,4,8,0,0,0,2,0,0,0,4,0,0,0,0,0,33,0,4,1
4,19,2,0,1,0,0,3,0,2,0,15,8,14,12,0,7,17,1,16,2,0,7,0,1,22,2,7,6,1,8,38,6,0,5,21,14,10,0,9,1,13,0,0,1,4,4,19,1,38,0,0,0,10,1,10,0,29,6,3,0,20,1,1,37,34,1,22,0,1,36,20,26,0,0,36,5,0,9,0,0,1,50,0,2,33,19,3,13,25,1,17,9,3,0,11,0,2,1,10,2,7,12,0,8,21,1,1,12,0,17,15,0,7,3,7,2,11,9,0,7,0,0,39,0,40,10,0,14,13,18,3,2,9,3,8,14,3,2,25,46,8,1,6,21,7,12,3,1,23,3,0
0,22,0,0,0,0,3,0,0,10,1,23,0,5,8,0,17,0,0,0,22,3,0,1,5,3,0,6,6,4,4,2,22,0,4,7,0,11,0,3,0,5,0,0,3,12,0,2,10,0,0,1,0,14,0,0,3,7,5,0,20,0,0,5,40,2,0,16,0,0,47,11,29,0,7,1,6,0,0,3,0,5,9,0,0,0,13,12,7,20,0,39,8,13,0,2,0,2,1,47,1,1,1,0,4,11,4,4,17,0,0,0,0,5,18,1,0,9,10,0,5,0,0,2,0,6,10,4,0,10,11,0,0,10,28,7,15,4,3,39,9,3,0,1,24,0,34,4,0,20,0,6
0,0,2,36,9,19,2,2,12,20,4,4,0,4,15,0,6,3,27,3,5,14,7,10,0,0,17,4,16,15,8,5,1,0,1,5,0,3,8,6,11,6,0,0,8,6,13,0,11,1,24,14,4,1,0,0,8,2,2,2,1,0,0,14,8,0,8,14,8,7,0,9,8,1,11,1,20,8,0,0,19,2,8,4,5,0,3,8,8,29,23,0,6,0,0,0,0,6,8,4,5,6,3,43,3,35,2,9,7,12,5,0,27,3,0,7,12,3,3,4,21,0,5,5,0,1,3,10,0,13,1,3,0,16,18,10,38,22,6,6,0,7,15,5,10,2,4,24,0,14,12,12
3,0,0,5,0,22,1,5,3,16,7,0,0,3,2,0,0,0,0,5,0,2,1,10,0,1,0,0,2,7,3,1,1,0,0,3,0,0,8,1,2,1,2,9,0,0,2,0,9,0,0,14,15,3,6,0,4,3,5,1,1,5,14,0,3,1,0,2,0,25,1,3,6,2,0,1,0,15,0,1,1,1,2,1,2,0,2,0,0,3,15,0,4,2,4,1,12,0,2,0,13,2,0,5,1,0,0,14,0,13,0,0,3,0,2,4,18,4,0,3,3,0,1,0,0,2,2,0,0,5,3,2,0,11,7,1,5,0,8,1,0,0,10,1,0,0,0,13,0,6,0,14
0,40,0,3,1,0,0,8,0,13,0,28,0,3,18,1,8,12,1,22,19,2,1,3,4,3,3,9,0,12,6,14,40,0,2,20,2,26,0,16,3,3,0,0,2,6,0,46,0,3,0,0,0,8,0,3,1,18,0,0,37,40,8,3,0,15,1,28,10,1,29,49,26,1,2,29,12,1,8,0,0,13,28,1,0,10,19,21,32,35,3,30,9,10,0,3,0,1,1,14,0,1,13,0,25,24,0,0,17,3,10,0,4,14,11,5,0,30,17,4,12,0,0,57,0,14,6,2,0,22,17,0,1,5,9,11,32,5,6,20,18,26,4,7,21,28,13,4,0,33,14,2
0,2,0,0,0,0,0,0,0,1,0,17,1,3,0,0,9,2,0,13,4,1,5,0,0,15,0,13,5,2,0,11,4,0,0,17,8,6,0,2,1,16,0,0,0,0,0,17,5,13,0,1,0,2,0,10,0,23,2,0,34,2,0,1,15,0,1,17,8,0,6,8,36,2,0,34,0,0,3,0,0,0,41,0,1,17,23,0,11,5,4,2,2,8,0,8,0,0,2,0,0,0,0,0,23,12,0,0,14,0,32,14,0,9,1,0,1,4,18,0,0,0,0,43,0,17,14,0,0,5,8,0,2,4,1,5,8,0,0,32,37,6,7,0,5,11,20,0,0,11,8,0
0,1,4,0,2,0,8,31,0,0,0,2,0,2,2,4,2,9,0,0,4,2,0,0,0,0,5,15,0,1,0,11,0,24,0,3,0,5,0,12,0,1,1,0,1,2,3,0,3,1,6,0,2,0,5,0,1,0,0,0,1,0,8,0,1,1,0,3,2,3,0,0,8,0,0,1,4,2,0,0,8,0,3,0,0,0,0,7,0,0,1,0,5,0,1,2,10,0,22,5,1,6,0,4,2,8,8,0,1,6,0,0,0,2,0,0,0,1,1,2,3,0,0,3,14,3,20,4,0,2,0,9,0,20,24,2,2,1,12,11,0,2,14,4,0,8,5,0,0,2,3,2
0,9,2,4,5,0,0,2,1,8,5,11,0,4,6,0,16,2,0,0,5,3,7,0,2,4,0,15,8,7,12,0,23,0,0,7,0,8,3,9,5,0,0,0,7,10,5,9,9,0,0,0,0,8,6,0,7,4,1,0,22,16,14,2,28,17,3,0,8,3,21,3,7,0,1,0,6,0,0,0,0,4,1,0,2,0,16,21,3,16,6,4,8,11,2,9,0,5,6,5,0,9,9,3,5,19,1,0,19,2,0,0,2,6,10,12,0,0,7,4,6,0,1,0,0,2,0,0,0,3,1,5,0,7,23,0,19,0,5,11,5,19,3,0,4,19,27,3,0,9,1,2
4,4,0,3,5,11,2,0,0,6,0,9,0,4,1,5,0,20,5,4,7,0,6,2,0,0,0,33,0,0,2,19,0,0,2,1,0,10,4,7,5,0,0,1,11,0,5,13,0,2,2,1,0,0,0,3,1,9,0,0,0,0,8,0,10,8,2,8,0,0,0,19,23,1,0,33,1,2,0,0,0,0,23,0,5,0,7,0,0,1,0,0,7,5,0,9,0,7,0,0,5,7,0,1,0,16,0,0,2,15,9,0,5,3,2,0,1,7,0,6,0,0,2,3,0,2,6,0,0,0,1,0,0,0,5,16,4,13,0,3,0,7,11,9,2,21,0,4,0,5,0,10
17,0,5,7,9,13,5,1,3,5,5,0,0,7,0,6,0,0,1,0,0,7,0,10,3,0,27,0,4,6,0,0,3,4,17,1,0,2,1,7,0,0,11,5,9,0,2,0,36,0,2,0,14,3,13,0,1,0,0,38,1,0,7,25,1,0,3,3,0,0,2,2,2,2,9,0,2,8,0,1,4,5,0,25,8,0,0,1,0,7,7,0,10,0,3,6,8,2,0,8,11,1,0,17,0,0,3,1,0,1,1,0,5,0,0,1,0,0,0,12,9,6,0,0,5,0,1,1,0,2,3,3,0,2,2,0,0,0,4,2,0,0,10,14,0,3,1,7,13,0,0,10
0,34,0,0,0,0,0,1,0,5,0,21,0,0,4,0,26,2,1,12,5,6,1,0,3,3,0,1,8,18,0,0,11,0,0,0,0,13,0,6,0,1,0,0,1,1,2,0,0,0,0,0,0,31,0,0,0,1,5,0,36,47,0,1,29,6,0,21,0,2,0,10,13,0,0,0,7,0,0,0,0,6,0,0,0,1,17,28,6,16,0,10,6,2,0,3,0,0,0,60,1,0,64,0,3,7,1,0,14,0,0,0,2,4,22,4,0,4,1,0,3,0,1,3,0,1,0,0,0,11,7,1,0,2,5,2,6,0,0,21,11,11,0,1,16,1,8,0,0,20,4,1
0,19,1,2,2,2,5,6,0,10,6,49,0,6,10,4,9,32,6,41,5,2,12,0,9,0,0,23,0,5,13,6,4,0,1,33,4,28,0,12,3,12,0,1,2,10,10,19,7,22,0,10,0,8,0,5,2,8,0,4,20,11,9,3,49,8,0,3,19,2,10,0,16,9,0,22,15,1,8,4,16,4,22,6,1,8,26,4,37,5,5,18,4,5,0,0,3,0,11,6,7,3,11,1,17,17,6,10,49,2,2,0,4,16,3,7,2,28,12,0,9,1,4,38,1,16,21,5,0,7,24,0,0,4,5,28,28,21,3,33,24,15,8,32,34,13,5,6,4,21,4,9
2,6,0,1,2,5,8,1,0,9,0,13,51,13,13,0,6,39,2,18,3,1,4,0,5,26,0,12,7,0,3,58,11,0,1,17,31,11,2,8,1,11,2,1,6,4,3,37,0,23,0,2,0,12,0,12,0,52,4,0,26,29,8,6,26,36,8,7,23,2,13,16,0,0,2,52,7,5,13,0,4,0,26,2,0,29,23,3,13,9,1,35,8,21,3,5,0,12,9,12,1,0,12,1,12,46,1,4,20,6,17,32,1,2,9,5,0,13,22,3,11,0,0,22,0,31,24,0,11,5,13,1,9,5,2,21,10,6,5,26,30,28,1,2,18,25,16,2,0,13,1,9
1,1,25,0,2,5,3,5,0,0,10,2,0,10,9,5,0,1,5,3,0,1,13,3,1,0,9,28,0,7,6,0,0,6,7,13,0,4,1,2,0,0,0,0,5,0,7,0,9,0,14,1,0,5,0,1,3,10,0,0,0,0,1,2,1,2,0,0,1,2,0,9,0,0,9,4,0,4,0,3,7,19,7,0,2,2,0,0,3,0,0,0,0,2,10,18,1,0,2,1,3,9,0,3,0,3,2,1,2,0,0,2,0,0,5,0,4,13,6,1,2,0,0,3,35,2,3,4,0,0,0,12,0,3,5,5,25,2,4,2,6,1,12,19,0,6,0,0,3,0,0,0
5,2,6,4,1,3,9,1,12,8,6,0,0,0,5,3,3,0,20,0,2,11,1,9,3,0,4,0,3,7,1,0,0,25,0,0,0,0,6,5,4,0,5,3,2,0,2,0,7,0,15,7,7,2,14,0,2,0,0,4,0,7,11,0,2,0,0,1,0,9,0,0,2,9,0,0,2,1,0,0,0,1,4,2,0,0,0,7,0,1,24,0,6,0,14,1,7,0,0,1,10,2,2,1,0,0,6,0,0,1,0,0,2,0,0,2,0,0,0,7,1,8,0,0,15,0,0,5,0,0,0,0,0,8,2,0,0,1,12,0,0,2,0,0,0,3,4,5,52,6,7,3
4,4,5,3,5,0,0,1,0,0,1,52,49,0,0,0,4,64,0,36,4,1,2,0,0,59,5,8,2,1,2,113,0,0,0,12,46,0,0,3,0,42,0,0,0,0,13,50,0,72,11,0,0,0,1,26,0,69,3,0,36,1,1,1,29,34,1,0,33,0,0,22,52,4,0,0,22,1,43,2,0,6,104,0,0,25,42,0,32,1,0,17,0,29,0,3,0,0,0,2,0,3,0,0,18,34,2,0,16,3,82,71,0,0,1,0,0,10,25,0,0,0,0,32,2,68,21,4,31,0,8,1,10,0,1,24,14,0,0,18,28,74,2,0,2,11,0,7,2,18,0,0
0,10,0,1,2,0,0,0,0,5,0,7,0,12,9,0,6,5,0,7,4,0,0,0,3,4,1,12,8,0,3,8,3,0,0,6,3,2,0,7,6,0,0,0,1,1,4,8,3,2,3,0,0,6,0,3,5,1,0,0,5,6,20,0,12,0,4,6,1,2,7,15,7,0,2,22,0,0,4,0,0,0,19,0,2,3,12,11,7,14,1,3,2,1,5,0,0,0,0,4,0,0,0,2,3,14,2,0,12,0,1,0,0,4,1,8,1,7,2,1,0,0,0,4,0,3,2,5,0,3,2,0,0,0,10,8,5,4,2,13,3,9,6,0,9,14,5,6,0,9,0,1
0,0,0,5,3,6,1,0,8,5,13,0,0,8,0,8,5,0,10,0,0,19,1,0,0,0,5,0,6,9,0,0,2,6,0,0,0,0,15,13,6,0,0,3,6,2,2,0,9,0,4,9,3,0,1,0,0,0,1,7,0,0,8,15,1,0,2,0,2,8,0,1,5,4,1,1,0,0,0,0,0,1,1,13,6,0,0,2,3,3,14,0,1,1,2,5,2,2,2,24,4,1,0,11,1,3,0,3,1,11,0,0,10,0,0,4,8,1,1,0,4,0,2,0,0,0,0,6,0,4,0,0,0,10,6,1,2,11,13,0,0,0,1,0,0,0,1,9,2,4,1,3
0,2,0,0,0,0,0,0,0,2,0,3,18,1,0,0,0,3,0,4,0,0,0,0,0,33,0,0,0,0,0,10,0,0,0,0,15,0,0,0,0,7,0,0,0,0,0,12,0,18,0,0,0,0,0,16,0,5,0,0,9,0,0,0,8,3,0,0,0,0,0,8,13,0,0,43,4,0,0,0,0,0,12,0,0,5,7,0,3,1,0,0,0,8,0,0,0,0,2,0,0,0,0,0,4,15,0,0,1,0,23,4,0,0,0,0,0,1,10,0,0,0,0,7,0,40,4,0,3,0,1,0,0,0,0,6,1,0,0,1,5,18,0,0,1,0,0,0,0,0,0,0
21,1,32,0,4,0,0,6,0,4,0,0,0,0,0,0,0,0,0,0,0,0,0,0,0,0,0,0,2,0,4,0,1,22,0,0,0,0,3,7,1,2,5,0,0,5,7,0,13,0,45,0,7,1,2,0,0,0,3,3,0,3,0,1,0,0,0,0,0,1,0,4,0,3,0,2,0,0,0,0,0,6,0,0,0,0,0,5,0,0,1,0,0,0,4,1,5,0,6,3,4,0,0,2,2,0,33,0,0,0,1,2,0,0,2,0,0,0,4,0,6,0,0,0,20,0,0,11,0,8,0,21,0,8,4,0,0,2,0,0,1,0,4,0,0,0,0,0,21,1,2,0
0,4,0,2,0,6,8,9,0,9,0,8,0,8,5,3,10,0,5,3,0,1,19,0,0,0,0,19,5,4,1,13,0,0,9,3,0,0,2,23,0,0,0,0,6,0,0,0,7,0,0,3,0,1,3,0,4,2,0,0,0,0,19,1,0,0,8,0,0,4,0,16,4,7,0,0,0,0,0,0,0,2,0,12,12,0,0,1,0,2,6,0,16,6,3,20,0,7,0,1,9,1,2,14,0,0,0,12,1,1,0,0,11,0,3,22,6,4,0,4,10,0,1,0,0,0,5,0,0,1,0,1,0,6,6,9,5,3,11,14,0,6,29,1,7,9,0,29,0,7,1,5
3,4,3,0,1,1,0,2,1,17,2,3,0,4,4,1,1,0,5,3,7,5,0,0,1,0,0,13,15,6,4,0,6,0,0,2,2,1,0,5,3,1,4,0,4,0,5,7,2,2,18,2,0,2,1,1,2,0,30,10,1,5,2,1,13,0,0,4,0,5,6,4,0,19,1,6,0,1,0,6,2,0,7,0,0,0,4,1,0,17,6,3,5,0,18,1,3,0,0,1,0,0,1,0,3,0,8,0,0,1,0,0,7,0,3,5,2,4,0,2,18,0,0,0,10,2,0,7,0,14,1,3,0,7,13,0,9,3,0,1,1,0,10,0,3,3,1,8,7,3,2,0
4,22,10,0,0,1,0,0,0,4,0,29,22,11,6,0,0,33,1,5,0,2,8,1,0,42,0,14,0,0,0,35,0,0,0,19,33,5,0,0,0,31,0,0,1,0,4,20,0,39,9,0,0,0,0,13,0,38,0,0,50,9,8,2,28,41,3,1,23,0,0,22,26,7,4,104,19,1,12,0,0,7,0,0,3,8,28,0,36,0,0,7,0,6,0,5,0,0,0,0,0,6,0,0,16,51,0,0,4,1,41,20,3,10,1,0,2,18,13,0,0,0,0,55,1,48,17,8,28,0,4,0,19,0,2,31,18,9,4,28,40,42,5,7,6,29,0,1,0,9,0,0
7,0,9,4,3,4,6,3,19,3,4,0,0,6,0,0,1,1,8,0,0,1,0,4,1,0,1,3,1,2,0,0,0,2,0,0,0,0,15,4,5,0,3,5,5,0,8,0,11,0,4,1,51,0,9,0,0,0,0,24,0,0,4,1,1,0,0,0,0,25,0,6,2,0,2,0,0,13,0,0,12,0,0,0,1,0,0,0,0,0,0,0,2,0,11,0,3,0,20,0,3,1,2,8,0,0,5,5,0,0,0,0,16,0,0,0,9,0,0,1,1,2,3,0,1,0,0,0,0,0,0,0,0,0,0,0,1,1,1,0,0,0,4,0,6,0,0,1,1,2,0,6
0,1,0,13,6,2,10,0,0,3,0,0,0,0,13,1,0,0,1,2,1,8,0,19,1,0,0,0,1,6,0,0,0,0,8,0,0,0,20,6,16,0,0,2,10,12,9,0,0,1,4,1,3,1,11,0,9,0,6,33,2,0,5,2,0,1,0,2,5,8,0,1,0,2,0,0,2,6,0,0,12,0,3,1,0,0,0,6,4,4,29,0,0,0,10,10,1,3,2,2,6,2,5,1,0,4,8,0,5,5,0,0,9,0,1,10,8,4,0,0,1,0,3,0,12,1,7,1,0,0,1,0,0,10,17,2,0,3,1,0,0,0,2,0,2,2,4,10,8,11,0,0
0,0,0,0,0,0,0,0,0,0,0,23,14,2,0,0,0,11,0,31,1,0,0,0,0,21,0,0,0,0,0,23,2,0,0,10,53,1,0,0,0,30,0,0,0,0,0,14,0,8,0,0,0,0,0,19,0,49,0,0,33,0,0,0,10,17,0,0,0,0,1,8,29,2,0,25,3,0,5,0,0,0,8,0,0,0,25,0,29,0,0,22,0,16,0,0,0,2,0,0,0,0,0,0,11,22,0,0,9,0,11,35,0,0,0,0,0,0,28,0,0,0,1,26,0,33,0,0,24,0,7,0,4,0,0,16,16,5,0,6,156,24,0,0,16,0,4,2,0,14,0,0
0,10,0,0,0,0,0,1,0,5,0,28,12,6,14,0,5,10,0,24,1,0,1,0,0,11,0,11,3,0,0,30,3,0,0,49,14,6,0,1,0,1,0,1,0,0,0,28,4,18,0,1,0,1,0,3,1,31,5,0,19,13,3,2,19,23,0,16,7,0,17,26,23,0,0,42,12,0,7,0,0,4,28,0,0,25,0,7,19,11,0,24,6,6,0,2,0,0,0,2,0,0,8,0,2,48,0,0,14,2,10,19,0,6,3,3,0,7,8,0,2,0,0,38,0,66,41,2,12,1,23,0,8,0,0,18,18,16,3,47,16,28,0,9,57,5,4,0,0,32,0,2
0,7,0,0,1,0,2,1,0,8,0,3,0,10,17,8,6,0,0,0,13,0,12,2,2,0,2,9,7,17,11,0,20,0,1,7,0,12,0,17,5,0,0,0,12,9,12,0,5,0,0,0,0,9,3,0,6,15,18,0,3,12,8,0,21,0,7,21,0,1,28,4,3,0,7,0,11,2,0,5,1,1,0,0,6,0,7,0,4,11,7,1,10,0,0,7,0,6,0,6,2,6,15,3,8,2,1,3,10,6,2,0,0,5,10,12,0,8,2,0,4,0,2,0,0,0,1,0,0,11,3,0,0,8,15,0,16,8,7,9,1,3,6,1,13,8,8,2,0,14,10,5
0,19,0,0,0,2,7,2,0,2,0,21,0,1,7,0,2,18,0,32,6,2,1,0,0,7,0,8,7,1,1,23,1,0,2,17,9,13,0,2,1,15,0,0,0,3,7,15,3,12,1,2,0,8,0,2,0,16,5,0,13,7,8,0,32,11,0,3,0,0,6,37,13,3,0,32,7,3,3,0,0,0,36,0,4,29,19,4,0,2,2,16,14,7,3,7,0,0,0,1,1,3,6,0,10,9,0,4,26,0,18,3,1,6,20,15,0,15,8,3,3,0,2,34,0,28,16,2,0,13,17,1,2,3,3,22,25,2,1,25,34,18,0,3,13,1,1,6,0,35,0,1
0,26,0,4,3,0,1,2,0,14,0,0,0,1,6,2,11,0,4,1,6,5,17,1,11,0,4,4,14,10,17,2,37,0,2,0,0,15,0,10,5,0,0,0,11,9,7,6,7,0,0,1,0,19,1,0,11,4,1,0,25,20,29,3,35,5,0,16,1,7,16,5,9,0,1,1,14,3,1,0,2,17,0,0,4,0,11,11,2,0,1,0,21,0,3,9,0,6,0,17,0,3,7,4,8,19,7,2,2,10,0,0,0,3,13,10,5,6,2,1,1,0,0,9,0,1,0,0,0,21,7,14,0,11,19,0,15,0,11,18,1,13,1,0,1,4,15,2,0,12,5,5
0,2,0,6,8,3,2,6,1,11,0,0,0,2,0,8,9,0,12,1,6,12,9,22,7,0,16,16,2,5,3,0,0,0,8,2,0,0,15,6,0,1,0,2,9,8,1,6,6,0,0,4,13,2,8,0,8,3,1,7,1,0,23,15,3,4,1,6,0,7,0,5,1,0,24,0,1,14,0,1,6,6,0,0,29,0,0,7,2,1,0,0,5,0,0,6,0,8,1,0,6,4,0,13,1,0,15,11,1,11,0,2,6,1,0,5,15,0,0,2,6,0,4,0,0,0,1,0,0,4,0,0,0,13,18,2,0,7,5,5,0,0,7,6,0,3,11,6,1,3,0,5
0,4,0,0,0,0,1,1,0,0,0,23,4,14,5,0,5,11,2,33,3,3,6,0,2,7,1,6,0,1,0,4,11,0,0,29,32,3,0,0,0,22,0,0,0,2,0,25,0,11,0,0,0,3,0,16,0,14,1,0,17,39,0,0,30,2,0,4,0,0,10,18,35,0,0,17,3,0,0,0,0,3,7,0,0,22,24,1,16,0,0,0,2,15,1,0,0,3,0,5,0,0,12,0,6,10,0,0,18,2,20,13,0,5,5,1,0,25,24,0,0,0,0,32,0,17,16,0,11,1,6,0,1,7,1,19,7,6,0,31,54,18,0,4,116,5,10,0,0,19,1,3
0,3,0,8,4,0,8,4,0,11,0,3,0,3,17,5,2,10,7,5,1,11,16,9,12,0,8,4,9,9,10,0,10,0,11,4,0,4,0,23,7,0,13,3,11,18,1,0,10,0,0,15,0,0,1,0,9,1,16,0,9,8,6,4,9,2,5,8,7,10,6,4,8,0,6,0,2,1,0,0,16,5,0,2,0,0,6,10,14,21,5,2,0,0,0,10,8,6,0,17,20,3,3,4,7,6,0,2,5,9,3,0,2,4,0,3,0,5,0,5,24,1,7,4,5,0,6,0,0,11,0,16,0,16,26,2,3,10,14,8,1,2,3,6,9,13,4,5,2,9,6,4
6,9,0,0,0,0,0,0,0,0,0,13,6,0,4,0,2,3,0,21,10,1,0,0,0,9,2,1,2,0,5,12,1,0,1,8,41,15,0,2,0,5,0,0,0,0,0,13,1,4,0,0,0,5,0,4,0,6,0,0,3,13,0,2,10,8,0,11,5,0,2,5,21,2,0,29,1,1,8,0,6,0,6,0,0,16,6,0,7,0,0,15,0,0,2,0,0,2,0,0,2,1,5,0,0,0,0,0,10,1,7,14,0,0,5,3,0,0,34,0,1,0,0,15,0,13,1,0,9,1,0,0,6,0,0,6,12,5,2,5,13,8,0,1,8,9,6,1,0,4,1,0
24,0,27,8,8,19,10,5,7,1,17,1,0,9,0,8,0,0,15,0,0,4,0,3,1,0,0,7,1,1,0,0,0,15,0,2,0,0,23,1,0,0,18,8,8,1,5,0,13,0,29,0,1,0,1,0,7,0,0,7,0,0,0,4,0,0,1,2,0,3,0,0,3,10,14,0,5,2,0,4,3,18,0,11,10,0,0,0,3,3,0,1,0,2,0,0,11,9,49,1,7,0,0,5,0,0,0,11,3,4,0,0,16,3,0,1,1,0,0,7,1,5,1,1,42,0,0,8,0,7,0,3,0,4,8,1,1,3,0,0,0,0,12,0,11,0,1,10,7,0,2,5
0,3,0,4,1,0,7,0,0,5,0,2,0,19,4,6,8,4,2,10,14,6,21,0,3,0,1,18,4,5,13,0,0,0,3,8,0,6,11,14,5,0,7,0,13,12,4,0,10,0,0,0,0,2,7,0,7,3,0,0,11,2,0,1,3,8,2,9,9,6,3,0,5,18,1,3,0,5,0,1,20,1,5,0,10,0,2,7,7,9,6,0,10,0,0,0,1,6,1,9,11,6,0,3,4,0,1,4,6,4,0,0,4,14,22,9,3,0,0,0,1,1,0,2,0,3,7,0,0,6,0,0,0,13,34,0,10,3,6,3,2,0,11,0,2,5,4,4,0,7,11,0
16,0,1,1,1,7,1,4,8,0,2,0,0,0,0,5,0,0,0,0,0,0,0,3,0,0,4,0,0,3,0,0,0,16,4,0,0,0,2,0,8,0,18,8,0,0,0,0,4,0,19,0,15,0,11,0,0,0,0,39,0,0,0,12,0,0,10,0,0,8,0,3,0,1,7,0,0,2,0,5,0,3,0,3,1,0,0,0,0,0,0,0,8,0,11,1,0,0,5,0,17,0,0,1,1,0,5,0,0,0,0,0,10,0,1,0,2,0,0,10,0,16,0,0,7,0,0,4,0,1,0,0,0,0,2,0,0,0,2,0,0,0,2,0,3,1,0,1,2,0,1,0
0,3,0,0,0,3,1,0,0,4,0,2,0,17,6,1,2,1,0,9,6,2,0,7,0,2,1,14,6,0,3,0,3,0,0,2,1,1,1,7,0,2,0,0,3,0,0,0,1,0,0,0,0,2,0,0,10,0,4,0,2,2,6,0,1,0,0,5,7,2,0,0,12,0,0,0,0,2,0,0,7,0,0,0,3,2,0,6,0,6,8,3,6,2,9,6,0,0,0,11,1,4,0,2,1,2,0,1,1,7,0,0,0,2,7,5,1,1,1,8,7,0,10,3,0,1,0,0,0,1,0,0,0,2,7,1,5,19,5,1,0,0,2,1,13,5,1,8,0,2,0,0
12,13,11,4,4,20,27,4,9,1,16,0,0,4,1,0,4,0,3,0,0,1,1,7,7,0,0,12,3,5,2,2,6,7,4,0,0,0,3,2,0,0,2,7,0,1,6,0,14,0,6,0,2,1,11,0,5,0,0,8,1,1,8,2,1,2,22,6,0,0,0,11,9,2,0,0,0,2,2,6,0,0,0,20,2,0,0,0,0,0,1,0,0,0,49,1,5,0,0,4,12,2,0,0,0,3,13,0,0,0,0,0,5,0,0,1,0,0,0,7,2,3,5,2,28,3,1,8,0,0,0,9,0,1,1,0,0,0,2,4,0,0,0,4,1,0,0,3,14,1,9,18
0,13,0,1,2,0,3,0,0,9,1,1,0,1,4,3,11,2,2,3,14,18,1,1,19,0,5,0,7,117,6,0,11,0,1,0,0,6,3,23,0,0,0,13,1,15,2,0,8,0,0,2,0,17,3,0,5,0,8,0,10,47,4,0,14,0,5,5,0,8,60,6,12,1,1,2,4,24,0,3,1,1,0,0,2,0,2,6,1,17,0,5,17,0,1,9,0,11,4,0,1,9,23,2,0,7,3,9,5,4,0,0,4,4,10,4,0,1,3,0,9,0,0,2,0,0,2,0,0,27,5,10,0,13,46,0,5,4,9,2,1,0,2,5,3,1,23,5,1,13,6,8
5,2,1,2,8,0,30,0,5,6,5,0,0,0,0,20,5,2,3,2,0,2,1,15,1,0,6,0,7,13,8,1,1,14,15,2,0,1,4,2,5,0,0,0,8,2,3,0,2,0,0,18,4,1,11,0,1,4,3,68,2,1,5,13,0,0,1,0,5,11,1,7,1,3,10,0,0,4,0,4,9,0,0,3,6,0,0,2,1,0,6,0,20,2,7,11,17,1,12,1,0,14,0,3,0,1,11,4,0,5,0,2,6,0,0,8,5,1,1,2,0,4,0,0,0,0,0,0,0,5,0,2,0,12,1,0,1,0,6,1,0,0,5,0,3,2,0,3,15,1,10,2
0,3,0,13,4,13,13,13,8,0,1,1,0,9,12,2,8,0,2,0,4,3,2,21,10,0,26,7,9,3,5,7,0,0,4,1,0,3,4,6,7,0,0,0,3,0,11,0,5,0,1,6,0,0,2,3,4,0,0,0,7,1,6,2,1,0,6,9,7,1,0,3,0,9,2,3,0,1,0,0,1,0,6,1,2,0,0,6,3,3,4,0,3,1,0,6,0,4,2,9,14,0,2,1,4,0,7,11,0,13,0,0,27,1,0,4,6,0,0,0,4,0,3,2,0,4,2,5,0,0,0,4,0,6,15,3,6,2,10,2,1,5,11,9,3,0,1,7,0,7,2,0
0,4,0,0,0,0,0,0,0,3,1,12,0,0,1,0,7,1,0,5,6,3,0,1,5,0,0,0,5,2,3,0,10,0,0,6,0,5,0,11,2,0,0,0,0,2,0,0,0,0,0,0,0,17,0,0,2,4,20,0,12,1,3,0,13,0,0,9,0,0,64,11,12,0,2,0,0,0,0,0,2,1,0,2,5,0,8,15,6,7,0,12,3,5,0,0,0,0,0,23,0,2,0,0,2,0,0,0,5,3,0,0,2,4,15,8,0,7,2,0,7,0,0,0,0,2,0,0,0,2,9,2,0,5,2,6,13,4,0,3,6,17,0,0,5,0,9,5,0,10,0,2
0,0,0,6,0,4,8,3,5,9,10,0,0,6,7,6,1,0,12,3,0,1,2,31,2,0,13,5,0,8,2,0,0,0,6,0,0,0,6,10,7,0,0,3,1,2,0,3,22,0,0,6,0,2,0,0,12,2,0,0,0,0,43,5,0,0,4,3,1,17,0,1,1,3,1,0,2,11,0,2,14,0,0,8,1,0,0,3,0,4,13,0,4,0,5,3,1,2,0,2,3,1,0,0,0,0,0,3,0,9,0,0,21,0,0,0,20,1,1,6,3,0,0,0,0,0,2,0,0,6,0,2,0,11,15,1,5,3,15,1,0,0,14,9,5,3,0,20,1,10,0,8
0,5,0,0,0,0,0,0,0,1,1,21,1,4,8,0,0,7,0,5,1,0,4,0,0,6,1,6,0,1,0,6,9,0,0,19,12,2,0,2,3,11,0,0,1,0,0,16,1,7,0,1,0,0,0,4,5,17,4,0,8,4,3,1,25,23,2,5,0,0,3,17,12,0,0,18,3,1,4,2,0,3,16,0,0,11,2,8,10,8,1,6,7,0,0,4,1,1,0,0,0,4,2,0,0,3,0,0,22,0,3,12,3,3,4,0,0,5,17,0,2,0,0,20,0,14,6,0,5,8,28,3,0,3,3,8,12,5,0,11,25,6,0,5,30,0,2,2,0,36,2,3
0,9,0,0,0,4,0,2,0,10,0,13,0,2,9,0,7,26,6,28,0,14,7,0,0,3,3,17,3,4,0,37,1,0,0,3,2,4,0,8,2,10,0,0,0,5,19,15,0,20,15,0,0,5,0,4,0,18,0,0,21,11,35,0,24,12,8,19,16,0,7,17,46,3,0,34,14,3,15,0,0,0,51,0,4,22,48,2,9,19,0,10,6,0,0,0,0,2,3,7,1,0,0,0,3,0,0,0,3,0,12,16,2,10,3,9,3,9,3,0,6,0,0,3,0,14,35,0,12,2,5,3,3,4,6,17,42,5,2,25,6,32,1,2,22,16,7,18,0,10,3,3
8,0,18,1,0,11,11,1,13,2,0,0,0,0,1,1,0,0,2,0,0,0,0,9,5,0,0,0,4,2,3,0,0,34,4,0,0,1,0,3,10,0,12,0,2,0,8,0,3,0,19,7,3,1,12,0,3,0,3,58,1,4,2,0,0,0,8,1,0,3,1,6,1,2,6,2,2,0,0,33,0,8,0,5,8,0,0,1,0,7,15,0,0,0,0,1,5,0,13,3,11,7,0,0,0,0,0,0,0,4,0,1,4,0,0,1,0,0,2,2,7,4,0,1,33,0,0,2,0,3,2,2,0,5,6,0,0,0,3,0,3,2,0,6,0,1,1,0,11,0,1,6
0,1,0,0,5,10,33,3,2,6,2,1,0,14,0,0,2,0,1,0,2,19,4,0,2,0,5,8,0,9,5,0,0,0,3,0,0,0,1,1,0,2,2,1,4,0,0,1,2,0,0,4,0,0,0,0,3,0,0,0,1,4,9,14,0,0,0,0,0,1,0,10,4,1,0,0,0,3,0,0,12,0,0,5,0,0,0,3,4,2,11,0,2,0,11,4,0,1,0,9,4,11,0,3,0,0,0,0,0,3,0,0,0,0,1,1,2,0,0,0,6,0,24,2,0,0,0,2,0,1,0,0,0,9,3,0,1,9,33,0,0,0,12,3,3,0,0,4,3,8,0,4
0,15,0,1,1,1,0,0,0,3,0,26,0,7,22,0,5,13,1,14,4,1,0,0,0,3,0,2,4,2,1,12,5,0,1,19,3,4,0,4,2,5,0,0,0,10,5,6,0,6,0,0,0,5,0,1,0,12,2,0,12,17,7,0,17,14,1,19,2,0,14,49,20,2,0,16,12,1,1,0,1,0,4,0,5,9,14,10,26,2,1,18,5,10,3,6,0,1,0,5,0,0,5,0,22,3,0,0,0,2,12,1,0,2,8,2,0,0,3,0,2,0,1,30,0,7,8,0,0,1,17,0,0,11,5,8,24,15,1,19,21,9,1,6,15,8,0,1,0,19,1,2
0,2,3,12,2,0,0,1,0,3,1,1,0,4,5,9,0,0,0,5,2,0,3,6,0,0,9,1,2,7,4,4,0,0,2,5,0,3,4,4,0,0,1,8,5,2,1,0,2,0,0,5,0,6,0,1,6,4,5,8,0,0,12,13,3,0,6,2,15,1,0,2,6,0,1,3,0,11,0,0,1,1,1,0,5,0,2,6,0,10,11,2,9,1,4,4,0,7,0,4,5,13,3,9,0,0,4,3,2,0,1,0,0,0,0,12,2,4,0,5,6,0,8,0,0,9,2,1,0,2,0,3,0,8,0,6,0,4,18,0,1,0,2,1,0,1,0,5,0,5,0,2
0,7,0,0,0,0,0,0,0,0,0,12,18,1,7,0,0,16,0,9,1,0,0,0,1,37,1,1,1,0,0,54,0,0,0,3,18,1,0,1,0,21,0,0,0,0,4,29,0,52,3,0,0,0,0,5,2,19,1,0,17,0,5,0,10,32,0,0,9,1,0,2,17,0,0,82,1,0,23,1,0,0,41,0,0,11,10,2,18,0,0,20,3,7,0,0,0,0,0,0,0,0,0,0,3,12,0,0,12,1,0,18,0,1,0,0,0,8,15,0,0,0,1,24,0,29,8,0,8,0,26,0,3,0,6,17,5,0,0,40,28,25,1,0,14,3,0,2,0,3,0,0
1,0,3,0,0,0,0,2,0,0,0,13,37,0,0,0,0,10,0,35,0,0,0,0,0,53,0,0,0,0,0,51,0,0,0,0,43,2,0,0,0,26,0,0,0,0,0,30,0,35,0,0,0,0,0,30,0,27,0,1,15,0,0,0,0,14,0,0,0,0,0,0,32,2,0,71,0,0,4,2,0,0,20,0,0,35,19,0,3,0,2,13,0,14,0,0,0,0,0,0,2,0,0,0,12,16,1,0,1,0,18,0,0,0,0,0,0,0,29,0,0,0,0,15,1,48,0,3,36,0,8,1,13,0,0,1,1,1,0,7,78,6,0,0,0,0,0,0,3,5,0,0
12,0,10,33,14,20,14,18,28,4,14,1,0,13,0,17,0,1,4,0,0,10,10,16,2,0,4,7,5,10,7,1,0,12,14,0,0,0,10,5,16,0,12,10,8,0,8,0,5,0,4,20,10,4,10,0,8,2,4,34,0,0,27,3,4,0,0,2,5,5,2,4,1,0,2,0,0,10,0,0,11,7,3,16,9,0,0,0,1,0,6,0,2,0,16,4,10,0,5,4,6,27,2,21,3,2,4,0,0,0,0,0,0,0,3,0,26,2,0,17,6,11,11,3,3,1,0,5,0,2,0,2,0,3,3,2,0,0,6,3,0,0,9,6,1,8,0,14,12,3,0,6
0,17,0,0,0,0,2,1,0,0,0,6,0,6,1,0,1,1,0,6,0,5,18,0,2,1,5,2,1,3,3,0,1,0,1,3,0,6,0,5,0,0,0,0,0,4,0,2,3,0,0,0,0,1,0,0,0,5,1,0,7,5,3,0,14,9,2,6,3,0,4,16,2,0,0,0,4,0,0,0,0,0,10,0,0,0,6,5,6,3,1,5,4,0,3,14,0,2,0,4,0,1,4,0,3,10,0,0,2,0,1,0,0,0,9,4,0,0,0,0,0,0,0,0,0,0,1,1,0,9,3,0,0,1,6,8,1,7,0,4,8,5,1,3,14,2,11,1,0,11,0,0
0,14,0,0,0,0,1,3,0,8,0,7,0,4,24,0,3,0,0,2,3,0,2,1,0,1,1,1,10,0,5,1,19,0,4,9,0,5,4,11,1,1,0,0,1,6,2,1,3,0,0,2,0,10,0,0,5,7,13,0,3,18,0,2,11,1,0,10,2,0,22,3,9,5,0,1,1,0,0,2,3,3,1,0,1,0,3,10,20,13,0,5,0,5,0,22,1,7,0,10,0,0,15,0,4,3,0,1,8,0,0,0,3,9,0,6,0,1,11,2,6,0,0,8,3,2,1,1,0,3,8,1,0,2,5,1,8,13,6,8,12,0,3,4,4,12,4,0,0,8,0,3
0,16,0,0,0,4,0,1,0,8,1,2,0,0,7,3,7,0,0,5,8,4,9,0,1,0,3,2,6,4,5,0,6,0,0,0,0,8,1,11,0,0,0,0,10,27,1,0,0,1,0,2,0,10,1,0,2,6,1,0,7,1,7,4,5,0,0,12,0,1,4,7,5,0,2,0,8,4,0,0,22,5,0,0,10,0,3,12,15,10,5,1,3,3,1,9,0,5,1,4,8,4,8,0,0,9,1,1,2,12,0,0,0,4,6,0,0,12,0,4,4,0,0,3,0,7,6,0,0,4,5,0,0,13,35,1,4,8,8,8,5,0,11,2,10,4,6,3,0,9,0,6
0,0,0,13,6,5,18,0,2,6,6,0,0,6,0,2,2,0,17,0,2,0,11,4,0,0,18,2,2,5,0,5,0,0,6,1,0,0,3,3,10,0,0,1,0,0,0,0,12,0,0,3,13,0,0,0,0,0,0,0,2,0,12,18,0,1,0,0,1,0,0,2,0,4,0,0,1,8,0,0,6,2,2,9,8,0,0,0,0,5,15,0,0,0,1,3,2,1,0,0,5,6,0,20,0,3,0,2,0,2,0,0,26,0,0,0,0,1,0,6,4,1,6,2,0,0,0,3,0,2,0,1,0,3,3,3,3,2,2,1,0,4,10,11,1,6,0,19,0,12,0,10
0,2,0,2,0,2,0,3,0,6,0,17,0,8,6,0,7,4,6,13,0,0,9,0,2,0,0,20,1,11,1,1,7,0,0,12,11,26,0,6,0,0,0,0,3,1,0,18,2,12,0,0,0,5,0,0,6,7,3,0,11,9,3,4,30,4,1,0,7,0,4,28,13,13,0,10,7,1,1,0,4,4,18,0,4,0,7,8,15,6,0,25,5,0,0,0,0,1,0,1,1,0,7,1,5,9,0,0,0,4,8,0,2,0,1,12,1,0,3,4,8,0,1,19,0,13,5,1,0,9,0,3,0,1,15,9,37,6,1,16,0,14,9,8,9,17,0,6,0,8,4,0
0,4,0,0,0,0,1,3,0,1,0,25,19,1,4,0,4,11,0,42,4,0,0,0,1,25,0,1,1,0,3,14,1,2,0,6,31,10,0,1,0,13,0,0,0,0,0,15,3,9,0,0,0,1,0,9,0,15,0,0,9,10,3,0,17,18,1,7,0,0,1,12,22,6,0,25,2,1,10,4,0,0,13,0,0,28,8,2,8,2,0,24,0,34,0,0,0,1,0,3,1,0,2,1,17,3,2,0,3,0,15,29,0,0,11,0,0,3,0,0,0,0,1,28,0,30,9,1,12,1,13,0,13,0,0,6,10,0,0,17,48,13,0,5,25,2,1,0,1,25,0,0
12,1,0,16,1,14,7,15,4,2,11,0,0,11,0,0,0,1,1,0,2,0,2,2,0,0,0,2,0,0,0,0,0,0,2,0,0,0,5,1,8,0,1,3,3,0,0,2,1,1,3,0,0,0,3,0,0,0,2,8,0,0,4,3,4,0,2,4,6,12,0,0,3,1,7,0,1,0,0,0,4,2,0,1,0,0,0,0,3,1,2,0,5,0,7,0,10,8,7,0,2,0,0,6,0,0,2,0,0,5,0,0,17,0,2,4,6,4,0,0,3,4,0,0,0,1,2,2,0,0,0,0,0,0,3,3,3,6,0,0,1,0,1,4,9,2,0,11,0,0,1,5
7,5,0,2,5,2,1,5,0,25,5,0,0,4,8,3,2,4,13,3,9,5,2,11,2,0,3,3,22,14,4,0,4,0,6,10,0,0,1,58,10,0,4,0,17,4,0,2,17,0,2,8,0,2,10,0,0,0,81,0,7,5,21,3,12,0,3,6,0,9,3,9,11,2,1,0,0,4,0,6,10,18,0,1,1,0,2,4,3,1,6,0,24,1,1,1,0,7,2,9,0,4,7,3,2,6,7,6,2,6,0,0,6,0,6,4,4,8,0,3,0,1,2,1,0,1,2,5,0,60,0,9,0,18,10,3,1,10,13,1,3,0,4,15,1,2,2,6,2,11,9,5
12,0,4,1,6,12,0,0,0,0,10,0,0,0,0,0,0,0,6,0,0,3,0,1,6,0,0,0,1,1,3,0,0,34,0,0,0,0,4,0,2,0,3,2,4,0,2,0,22,0,3,2,3,0,13,0,0,0,0,33,0,0,0,0,0,0,0,0,0,6,0,1,0,0,8,0,0,0,0,0,0,0,0,2,0,0,0,0,0,0,0,0,1,0,5,1,16,0,3,0,4,0,0,0,0,0,4,0,0,0,0,0,11,0,0,0,1,0,0,4,1,0,1,0,10,0,0,5,0,0,0,0,0,0,0,0,0,0,10,0,0,0,0,0,0,0,0,0,24,0,0,0
0,0,0,6,0,6,4,17,7,0,3,0,0,0,4,12,0,3,9,1,2,2,0,18,0,0,4,0,0,6,0,0,0,0,1,0,0,0,3,0,2,0,0,5,7,0,0,0,4,0,0,4,0,0,0,0,3,0,0,0,0,0,5,1,0,0,0,1,2,0,1,4,0,0,0,0,0,2,0,0,1,0,0,3,3,1,0,2,2,0,4,0,7,0,1,0,0,10,5,0,0,3,0,0,0,0,0,24,1,8,1,0,11,0,0,0,6,1,1,0,2,1,0,0,3,0,2,0,0,0,0,1,0,5,2,1,0,0,6,0,0,0,3,0,0,3,0,18,0,2,0,0
1,8,3,0,0,2,2,0,0,6,0,58,17,2,7,0,5,13,0,30,0,0,2,0,0,31,3,9,1,0,1,17,0,3,1,69,23,12,0,2,0,30,0,0,1,0,7,17,4,10,5,1,0,3,0,21,0,24,0,0,39,2,5,0,57,43,3,0,3,0,3,38,22,3,0,32,4,0,7,0,0,0,55,0,0,26,38,0,34,9,0,32,4,15,1,2,0,3,2,2,0,2,0,0,20,3,1,2,30,0,24,15,3,0,8,3,2,19,28,0,1,0,0,0,1,50,13,0,4,0,26,0,6,0,0,38,17,15,2,28,50,52,4,8,58,10,0,2,0,24,0,2
18,0,32,0,0,2,0,8,2,0,5,0,0,0,0,0,1,0,0,0,0,5,2,10,2,0,0,0,11,6,0,0,4,14,0,0,0,0,5,4,2,0,10,9,0,0,5,0,3,0,49,0,0,0,4,0,3,0,0,31,0,0,0,0,0,0,14,0,0,5,0,1,0,35,15,2,0,0,0,20,0,10,1,1,12,0,0,0,0,0,0,0,5,0,42,0,7,0,28,0,0,0,0,0,0,0,33,0,0,0,0,1,3,0,3,0,0,0,0,0,0,10,3,1,0,1,0,14,0,0,1,4,0,0,7,0,0,0,0,0,0,4,0,0,0,0,0,0,8,0,6,0
2,4,0,1,0,0,0,0,0,1,1,24,49,3,13,0,3,26,0,34,4,0,3,0,0,55,4,5,1,0,0,48,0,0,0,20,20,11,0,4,0,13,0,0,0,7,0,12,1,35,0,0,0,0,0,12,2,53,1,0,40,6,1,2,14,17,3,2,2,0,1,16,31,2,0,68,3,0,40,0,0,2,48,0,1,33,66,0,28,1,0,17,0,13,0,3,0,1,3,0,0,4,2,0,14,14,0,0,7,9,29,48,1,0,2,7,0,13,30,1,1,0,0,50,1,0,31,0,22,4,33,0,11,0,0,4,10,5,0,40,26,16,0,6,17,15,1,0,0,14,0,0
1,3,0,0,0,0,2,1,0,4,0,15,4,2,15,0,1,16,1,28,4,4,0,0,2,2,0,43,0,0,2,14,0,0,0,7,6,9,0,2,4,6,0,1,0,2,0,30,7,18,0,0,0,0,0,3,3,21,0,0,10,10,3,2,6,14,20,0,6,1,0,21,24,3,0,21,2,0,4,0,5,0,17,0,7,0,41,1,16,0,1,16,6,1,0,7,0,0,1,2,0,2,0,2,6,35,0,0,8,2,8,0,0,1,1,6,0,5,9,2,2,0,2,13,0,31,0,0,8,1,3,0,6,0,8,7,20,14,0,6,16,29,11,5,22,4,4,12,0,16,3,2
33,6,5,1,0,4,15,5,8,1,6,0,0,0,4,0,0,0,0,0,1,0,0,0,0,0,0,11,3,0,0,5,0,9,0,0,0,5,10,2,0,3,17,0,1,0,11,1,17,0,5,0,0,0,0,1,0,0,0,8,0,4,10,0,2,0,4,0,0,1,0,5,0,4,5,4,5,6,0,11,0,7,8,0,1,0,2,0,2,0,0,0,0,0,8,0,4,0,8,0,0,5,0,0,0,0,2,2,0,1,0,3,5,1,1,0,3,1,1,2,5,5,0,0,14,0,0,0,0,0,0,31,0,2,0,0,0,0,0,3,0,2,7,6,0,6,0,3,0,0,0,0
0,0,0,0,0,0,0,0,0,0,0,0,7,0,0,0,0,2,0,2,0,0,0,0,0,20,0,0,0,0,0,38,0,0,0,0,9,0,0,0,0,17,0,0,0,0,0,11,0,8,0,0,0,0,0,3,0,8,0,0,14,0,0,0,0,0,0,0,0,0,0,0,11,0,0,31,0,0,3,0,0,0,28,0,0,24,12,0,0,0,0,11,0,9,0,0,0,0,0,0,0,0,0,0,5,12,0,0,0,0,8,36,0,0,0,0,0,0,12,0,0,0,0,4,0,22,8,0,0,0,4,0,2,0,0,0,0,0,0,7,24,1,0,0,6,0,0,0,0,1,0,0
0,2,0,2,4,0,0,0,0,15,0,6,0,10,10,0,10,0,0,4,0,7,17,3,8,0,4,0,11,7,2,0,5,0,0,2,10,7,2,45,1,0,0,0,4,4,2,1,0,0,0,5,0,10,0,0,12,2,27,1,13,10,13,5,22,5,2,3,0,2,11,7,5,0,0,0,3,4,0,8,1,14,0,0,0,0,1,11,13,21,4,1,11,1,7,6,1,1,0,27,5,0,2,6,8,2,3,1,1,2,0,0,2,9,3,4,2,9,1,0,60,0,0,0,0,4,1,0,0,0,12,7,0,8,11,1,11,5,8,8,2,4,15,2,7,2,4,2,1,17,0,1
0,4,0,0,0,0,0,3,0,4,0,28,0,4,5,0,4,8,0,24,7,1,3,0,3,7,4,4,2,1,0,11,11,0,0,25,10,20,0,3,2,2,0,0,0,0,0,10,0,7,0,3,0,6,0,5,0,20,3,0,18,11,1,3,17,8,0,1,1,3,7,24,13,0,0,8,2,0,1,0,0,1,4,0,1,7,23,3,17,7,0,6,0,0,0,0,0,0,0,5,0,0,9,0,28,5,2,0,17,0,26,8,0,3,8,5,0,0,13,0,0,0,0,26,1,33,3,0,4,12,0,0,1,2,7,20,14,6,1,24,32,3,0,0,25,0,8,2,0,17,0,3
7,1,25,2,2,8,9,0,1,4,6,0,0,5,1,8,6,0,0,2,0,13,2,0,2,0,6,5,13,3,6,0,5,22,0,4,0,1,0,12,0,0,3,2,0,1,5,0,16,0,8,2,0,1,0,0,3,0,24,0,3,0,3,2,0,0,9,5,0,3,1,0,1,12,0,1,0,0,0,21,1,3,0,0,0,0,0,0,1,14,0,0,16,0,3,0,0,0,9,10,2,4,2,2,3,3,2,0,0,3,0,1,2,0,1,0,1,3,0,0,9,0,1,0,4,0,0,31,0,7,0,0,0,4,5,5,2,0,4,4,0,2,2,7,1,1,0,1,1,0,3,3
0,0,0,0,0,0,0,0,0,0,0,2,11,0,0,0,0,1,0,2,0,0,0,0,0,8,0,0,2,0,0,48,0,0,0,0,11,0,0,0,0,6,0,0,0,0,0,1,0,15,0,0,0,0,0,2,0,7,1,0,2,0,0,0,1,2,0,0,0,0,0,0,9,0,0,10,0,0,0,0,0,0,19,0,0,4,8,0,2,0,0,1,0,6,0,0,0,0,0,0,0,0,0,0,0,3,0,0,0,0,3,13,0,0,0,0,0,0,13,0,0,0,0,6,0,11,6,0,2,0,1,0,0,0,0,0,0,0,0,1,12,5,0,0,0,0,0,0,0,0,0,0
0,2,1,0,5,0,8,4,0,24,8,0,0,7,9,7,2,0,12,0,6,8,10,4,8,0,3,1,12,3,9,0,2,4,16,0,0,8,6,14,8,0,2,0,6,13,1,0,14,0,0,2,0,8,2,0,13,1,7,4,9,10,16,11,5,4,20,7,0,2,2,4,5,3,8,0,0,10,0,8,6,7,0,0,10,0,0,8,3,11,13,7,16,0,4,13,0,2,1,13,12,6,5,11,3,4,5,9,11,8,0,0,3,1,2,13,3,1,0,0,18,0,5,0,0,0,0,2,0,8,2,4,0,0,22,0,4,3,10,6,0,5,3,10,14,6,12,4,1,15,3,1
7,11,0,2,3,0,14,13,0,12,2,8,0,10,11,0,4,3,4,8,22,19,7,0,2,0,2,19,8,15,14,6,10,15,6,8,0,9,0,10,7,1,0,0,7,34,3,0,14,0,11,1,0,1,7,0,28,2,3,8,3,28,18,7,9,1,24,23,5,2,5,5,2,5,2,1,10,6,0,4,6,13,2,0,17,0,0,15,3,19,18,1,26,0,8,34,2,7,1,46,1,15,2,15,3,6,6,3,5,0,6,0,3,6,5,35,3,15,0,3,10,0,2,0,7,0,8,0,0,11,7,5,0,22,0,6,16,3,6,7,0,0,20,13,29,14,11,9,0,16,15,13
3,7,0,6,3,0,0,0,1,1,0,28,0,6,4,1,0,29,0,19,1,3,0,0,0,6,0,20,6,0,1,10,0,0,0,26,1,2,1,3,0,14,0,0,0,0,7,12,6,19,1,3,0,0,0,0,1,11,0,0,8,7,10,1,11,5,2,0,16,0,2,28,21,5,0,24,8,1,6,0,9,0,31,0,2,16,18,0,22,0,2,19,2,6,1,0,0,1,0,0,0,3,6,1,8,17,0,0,8,6,17,1,2,8,1,1,3,9,6,3,3,0,1,38,0,4,7,0,0,1,20,5,0,0,6,0,20,13,0,12,4,23,1,8,19,6,0,12,0,19,0,2
0,10,0,2,1,0,1,10,0,2,0,44,0,10,26,1,8,1,4,24,9,6,18,2,3,2,2,18,1,1,7,12,19,0,2,22,3,5,1,3,2,11,0,0,0,3,10,20,9,9,0,2,0,2,0,0,7,11,4,0,14,15,38,5,32,8,2,19,4,0,6,28,10,25,0,14,5,2,1,0,5,9,18,1,0,16,18,16,25,15,0,7,3,12,1,10,0,5,0,5,1,6,13,5,12,42,0,1,24,0,5,1,0,1,8,4,3,37,10,3,1,0,0,17,0,10,20,0,0,11,14,2,0,4,16,20,0,4,1,23,18,24,1,23,34,10,7,4,0,16,1,1
1,0,27,0,1,2,0,1,2,0,0,6,0,6,7,0,3,9,3,20,0,9,1,0,1,2,0,29,4,0,0,0,0,0,1,19,1,3,0,14,4,4,0,0,6,3,4,3,4,0,1,0,0,1,0,1,4,2,5,0,3,4,22,0,5,0,1,0,13,0,0,21,6,2,1,0,4,11,0,2,3,3,9,1,3,5,16,8,2,0,7,6,10,5,3,3,0,19,0,4,0,2,4,3,5,5,0,9,15,4,0,1,0,7,13,8,2,6,0,6,10,0,0,15,0,5,14,0,0,5,6,0,0,3,3,13,4,0,0,6,3,6,2,15,14,2,2,5,0,10,0,11
0,7,0,15,2,0,7,8,5,16,3,0,0,15,7,1,10,1,0,4,1,12,11,2,0,0,7,0,12,12,12,0,1,0,13,0,0,6,2,18,5,0,0,7,3,1,1,0,2,0,0,15,3,3,7,0,3,1,10,2,2,3,6,8,6,0,12,5,0,4,0,3,5,4,12,0,2,13,0,0,11,0,4,1,1,0,3,7,1,11,5,0,14,2,0,6,2,5,2,9,6,10,0,15,0,2,3,33,1,18,0,0,6,0,6,8,2,1,0,0,13,10,6,2,0,0,0,0,0,8,1,4,0,10,6,0,1,0,0,0,0,3,1,0,0,5,4,3,7,4,6,11
0,6,1,0,0,0,1,12,0,1,0,40,9,4,13,0,4,8,0,15,15,0,10,0,0,17,1,11,5,5,7,45,9,0,0,37,15,3,2,17,1,25,0,0,3,5,0,13,7,14,0,0,0,12,0,5,0,24,1,0,25,39,6,1,20,32,11,11,3,2,21,33,26,2,0,18,13,0,1,0,14,1,28,0,0,6,47,9,25,18,5,31,8,5,0,3,0,1,4,2,1,2,3,1,11,25,0,0,19,0,40,7,3,4,8,8,1,16,17,0,1,0,0,28,0,40,6,3,7,8,24,4,1,6,7,12,23,6,0,0,31,19,9,12,26,5,0,8,0,36,0,6
0,2,0,0,1,0,0,0,0,4,0,38,15,8,9,1,5,23,0,36,0,0,1,0,3,52,0,0,2,3,0,25,6,0,0,22,41,2,0,1,1,51,0,0,0,0,0,12,0,20,0,0,0,1,0,26,0,59,0,0,46,9,0,0,18,37,0,5,0,0,11,24,30,6,0,28,3,0,5,1,0,1,40,0,0,156,16,1,34,1,0,54,1,13,0,2,0,0,0,1,0,1,6,0,25,6,3,0,21,1,28,78,0,8,12,5,0,0,48,1,3,0,0,50,0,26,16,0,24,2,32,0,12,0,0,4,18,3,0,31,0,19,0,0,21,2,9,0,0,34,1,0
3,7,0,0,0,0,1,0,1,3,0,17,0,5,4,0,3,6,4,21,1,0,7,0,0,10,0,7,1,0,0,15,0,1,0,29,7,2,0,2,0,31,0,0,0,0,1,22,2,11,4,0,0,4,0,20,4,24,0,0,8,3,7,0,26,6,2,19,7,0,11,15,28,1,2,74,9,0,18,0,6,0,42,0,0,24,28,3,18,13,0,18,2,8,0,0,0,0,0,0,0,5,17,0,6,32,2,0,9,0,25,6,0,5,0,0,4,14,13,0,0,0,0,52,4,16,29,2,1,4,3,2,5,5,0,23,24,6,3,19,19,0,0,4,17,9,0,0,0,23,0,1
0,0,0,9,4,17,16,0,6,0,0,8,0,1,0,1,1,1,3,0,0,1,7,20,3,0,3,30,3,7,7,6,4,0,0,9,0,1,7,3,0,1,0,0,0,0,5,7,2,3,1,3,8,0,0,0,1,8,0,4,1,0,15,10,4,7,14,3,11,10,0,8,1,12,0,2,6,1,0,4,29,10,5,4,2,0,0,6,0,1,7,0,3,0,12,11,2,2,0,2,5,11,0,14,0,1,0,12,1,2,1,0,9,1,3,11,10,9,0,1,4,0,3,4,0,0,11,7,0,15,0,2,0,3,20,1,1,2,1,9,0,0,0,0,18,5,1,42,0,3,9,9
0,1,0,4,1,8,3,8,0,5,3,6,0,6,9,4,0,11,1,5,2,0,3,3,1,0,22,5,2,1,1,4,0,0,28,3,0,0,1,4,0,0,0,0,1,1,0,7,4,0,0,0,0,0,1,0,1,0,0,0,6,1,5,1,7,0,4,0,9,14,1,32,2,19,0,0,0,0,0,0,1,0,7,0,0,0,9,1,3,0,6,4,6,1,0,0,0,1,4,5,0,9,0,9,5,2,6,3,6,1,0,0,6,3,4,2,11,8,5,4,15,0,0,8,0,6,5,6,0,2,0,7,0,10,13,8,23,15,0,12,0,4,0,0,5,15,0,6,0,13,0,0
0,1,0,4,0,12,6,1,0,8,9,49,0,21,10,0,9,16,0,36,0,5,10,0,0,0,2,26,5,2,0,5,0,0,1,46,0,20,1,4,0,8,0,1,0,3,0,7,12,0,0,2,0,7,0,8,0,20,4,0,21,24,10,0,21,5,0,4,2,0,16,34,18,0,0,2,9,0,1,0,7,3,6,6,2,16,57,13,13,1,0,116,9,8,11,2,3,13,1,3,3,3,5,5,30,22,0,3,15,0,14,0,1,14,4,10,1,9,25,9,1,0,0,58,0,17,22,0,6,7,25,1,0,14,29,19,34,14,0,26,21,17,18,5,0,4,4,11,0,48,5,12
1,9,0,2,5,1,1,17,5,1,1,21,0,3,9,9,5,5,0,27,5,9,6,0,3,0,4,17,2,1,5,14,1,0,1,23,1,16,2,10,0,0,0,0,3,0,0,8,0,9,1,0,0,11,0,1,2,2,0,0,7,0,2,0,28,11,8,19,21,3,1,13,25,6,3,11,14,0,0,0,9,3,29,0,2,0,5,8,1,4,3,5,13,9,0,5,1,5,0,1,2,0,0,3,0,16,1,0,8,1,3,0,8,2,12,4,6,17,2,2,2,0,3,10,0,15,4,6,0,2,0,1,0,6,14,6,10,2,5,5,2,9,5,15,4,0,6,4,0,5,0,0
0,13,0,4,4,0,2,0,0,7,0,0,0,0,11,3,5,0,0,0,10,1,7,0,3,1,0,1,6,10,8,0,28,0,0,0,0,18,0,4,2,0,0,0,1,3,0,0,1,0,0,0,0,12,0,0,8,0,2,0,12,34,4,0,13,20,5,27,0,1,8,5,16,0,4,0,5,1,0,0,0,1,0,0,4,4,4,8,1,15,11,10,4,6,1,4,0,1,0,23,0,1,9,0,2,7,1,0,0,0,0,0,0,11,4,6,0,0,1,0,2,0,0,0,0,1,4,0,0,4,8,0,0,12,11,0,7,2,4,0,9,0,1,0,4,6,0,0,0,13,19,2
4,0,3,35,0,31,10,7,5,4,2,4,0,25,2,2,4,3,7,14,0,0,7,1,0,1,9,1,2,17,2,1,0,0,0,2,0,0,8,9,2,0,6,3,0,7,9,3,7,5,14,14,0,3,0,0,1,3,0,0,3,4,24,13,4,0,0,3,4,7,0,6,2,0,5,7,6,9,0,0,29,8,1,1,10,2,0,2,6,2,6,0,5,1,10,4,1,8,3,5,3,7,5,20,2,18,0,4,1,5,2,0,14,1,0,3,19,6,0,11,6,0,18,2,0,0,12,3,0,2,2,1,0,4,9,12,4,5,3,8,0,0,42,6,11,4,0,0,0,11,0,14
8,2,9,3,7,0,0,4,0,2,5,0,0,0,0,0,0,0,2,0,0,1,0,2,5,0,12,0,3,12,0,0,0,13,5,0,0,0,3,4,0,0,6,1,2,0,3,0,12,0,5,2,0,0,4,0,1,0,0,33,1,0,0,0,0,0,0,0,0,13,0,4,0,3,52,2,0,2,0,21,0,7,0,1,8,0,0,0,0,0,1,0,2,0,7,0,2,0,14,1,15,0,0,1,0,0,11,3,0,0,0,3,12,0,0,0,0,0,1,0,2,24,0,0,8,0,0,0,0,1,0,1,0,1,0,0,0,0,7,0,0,0,0,0,0,0,0,0,0,0,5,0
0,28,0,2,0,2,6,3,0,12,0,30,0,21,24,0,12,7,4,39,10,12,11,13,6,7,4,11,8,9,10,13,13,0,3,35,4,11,7,7,6,17,0,0,2,13,5,1,9,0,0,7,0,13,3,4,12,20,6,0,23,20,14,6,33,11,2,9,5,0,20,21,13,0,6,18,9,4,0,1,7,3,9,2,11,14,32,14,35,12,3,19,9,4,0,7,0,2,1,13,1,7,10,10,36,10,0,8,19,5,3,5,3,11,8,9,12,8,25,0,11,0,2,24,0,14,16,0,1,17,17,0,0,15,16,19,16,10,4,36,34,23,3,13,48,5,13,11,0,0,9,13
0,7,0,0,0,0,0,0,0,4,6,3,0,0,0,1,4,2,0,0,0,6,4,0,10,0,1,41,0,17,15,0,0,0,4,0,0,5,1,9,0,0,0,0,0,10,0,0,6,0,0,0,5,0,8,0,0,0,0,4,3,0,12,0,14,8,3,1,0,0,4,4,1,0,7,0,0,1,0,2,1,2,0,0,0,0,0,10,0,5,0,1,6,1,2,11,1,0,9,6,10,2,0,0,2,3,1,0,1,0,0,0,0,0,0,0,0,4,0,1,9,0,0,0,6,0,3,0,0,0,0,3,0,3,15,0,1,0,6,0,1,0,9,0,5,0,19,0,5,9,0,1
0,7,0,0,8,6,6,0,3,8,12,3,0,11,3,0,2,4,8,7,5,9,3,1,14,0,3,8,14,10,0,0,1,0,7,1,0,1,1,7,0,0,3,0,3,4,2,1,0,0,0,25,4,5,6,0,3,3,6,1,0,6,12,14,2,0,2,2,10,10,1,9,9,0,3,0,1,3,0,0,5,0,0,6,0,0,2,5,1,5,5,3,4,0,5,0,0,0,18,8,2,0,2,8,3,3,6,4,2,2,0,0,6,0,3,6,10,0,0,5,5,0,0,2,0,0,2,0,0,1,3,3,0,1,13,2,1,11,11,6,0,1,9,0,12,0,2,14,0,13,1,0
