Ant57,Ant260,Ant52,Ant397,Ant929,Ant2,Ant6,Ant7,Ant9,Ant14,Ant19,Ant24,Ant26,Ant30,Ant38,Ant60,Ant64,Ant72,Ant74,Ant102,Ant158,Ant161,Ant196,Ant202,Ant209,Ant227,Ant245,Ant252,Ant268,Ant308,Ant311,Ant534,Ant604,Ant620,Ant646,Ant673,Ant740,Ant838,Ant954,Ant0,Ant1,Ant12,Ant13,Ant20,Ant23,Ant27,Ant29,Ant42,Ant43,Ant48,Ant49,Ant51,Ant54,Ant55,Ant62,Ant63,Ant66,Ant68,Ant70,Ant80,Ant91,Ant96,Ant97,Ant98,Ant109,Ant113,Ant118,Ant120,Ant124,Ant126,Ant127,Ant131,Ant135,Ant137,Ant140,Ant144,Ant147,Ant149,Ant156,Ant159,Ant169,Ant170,Ant172,Ant174,Ant175,Ant176,Ant190,Ant195,Ant206,Ant207,Ant210,Ant212,Ant215,Ant229,Ant232,Ant242,Ant250,Ant257,Ant261,Ant262,Ant263,Ant264,Ant289,Ant296,Ant299,Ant301,Ant313,Ant324,Ant326,Ant331,Ant332,Ant334,Ant353,Ant356,Ant376,Ant380,Ant387,Ant391,Ant395,Ant433,Ant437,Ant458,Ant462,Ant482,Ant492,Ant501,Ant507,Ant509,Ant530,Ant549,Ant560,Ant576,Ant592,Ant593,Ant607,Ant610,Ant614,Ant621,Ant635,Ant638,Ant647,Ant650,Ant665
0,0,19,0,33,3,4,2,15,0,12,1,18,0,0,0,43,6,31,14,11,6,6,0,2,1,11,9,25,0,1,4,13,17,0,26,3,1,3,1,2,9,5,0,0,63,5,0,0,0,1,9,31,0,22,3,0,4,5,32,8,9,8,10,19,0,1,9,0,1,4,16,0,1,10,3,6,5,12,9,0,8,0,39,0,7,1,0,5,3,3,3,28,2,11,23,4,1,3,12,37,10,8,1,6,0,2,0,0,0,1,1,2,13,5,0,10,14,19,3,0,14,2,5,3,0,10,20,13,0,0,9,1,4,1,0,4,1,29,38,0,5,8
0,0,0,18,0,6,18,21,0,3,0,9,0,7,5,29,1,0,0,0,0,0,19,29,1,2,0,0,1,4,2,0,3,0,30,0,3,1,10,0,24,0,1,0,12,0,0,56,27,36,22,0,0,28,0,1,0,0,2,0,0,0,7,3,0,9,10,0,11,0,3,0,15,1,0,0,58,26,2,0,11,2,7,1,10,0,0,3,5,4,0,16,0,1,1,0,0,27,0,0,0,0,3,16,0,13,5,3,13,4,5,12,14,0,7,0,5,0,0,1,22,0,8,1,14,16,0,0,1,10,17,1,0,2,17,21,4,9,1,0,19,5,0
19,0,0,0,3,6,2,0,15,1,6,0,6,0,0,3,5,8,0,2,4,8,2,0,16,2,5,0,8,4,2,7,1,20,0,16,0,0,0,1,0,6,8,4,0,12,0,1,0,1,0,0,4,4,41,3,1,11,1,31,8,10,1,6,0,2,1,3,4,0,0,23,2,4,15,2,3,5,0,2,0,14,0,16,0,5,1,0,8,0,1,1,5,0,16,1,2,0,9,20,3,0,7,5,0,0,0,1,0,0,0,0,2,4,4,0,9,6,1,0,0,0,1,11,0,0,2,58,7,0,0,27,0,1,0,0,6,3,9,7,3,1,12
0,18,0,0,1,12,6,4,1,3,4,3,1,0,6,9,1,2,0,0,0,4,29,11,0,9,0,0,1,8,25,0,0,0,20,0,3,2,26,0,16,3,2,1,16,5,1,21,27,16,33,0,0,28,0,0,6,2,9,1,9,5,4,0,0,14,12,0,18,0,5,4,20,7,0,6,35,13,2,7,6,2,0,10,11,0,2,0,25,23,5,2,1,0,5,1,0,28,0,1,0,5,2,15,0,5,12,19,15,2,4,2,13,1,20,1,4,0,1,10,15,1,23,30,6,3,1,2,0,20,21,2,2,0,1,19,24,29,3,1,23,16,0
33,0,3,1,0,4,0,0,3,1,5,3,13,0,0,0,26,14,13,4,16,11,4,0,5,13,4,17,11,0,3,14,13,13,0,15,2,10,1,0,1,8,3,10,1,11,3,0,0,0,1,2,19,0,3,8,0,2,0,21,12,4,15,20,13,0,2,0,1,0,1,5,3,3,5,0,2,3,25,7,0,14,0,10,4,9,5,0,1,0,1,0,7,0,9,4,1,0,1,3,4,6,2,0,14,3,1,1,0,0,10,1,0,3,1,0,7,1,31,4,0,3,1,7,0,0,10,18,3,0,0,7,1,16,0,0,1,0,21,14,0,3,9
3,6,6,12,4,0,3,1,6,6,3,4,0,0,5,3,5,16,0,0,0,6,12,0,2,14,0,4,10,4,23,0,3,2,2,2,2,2,5,0,8,2,0,5,0,5,13,2,4,4,8,0,24,3,5,1,0,1,11,3,20,3,17,0,4,12,4,0,10,3,8,8,2,1,7,20,19,7,6,14,1,10,0,7,3,0,2,2,24,11,5,9,0,2,16,1,2,7,0,3,1,5,2,14,0,1,16,1,6,2,5,1,4,0,9,0,18,3,1,10,1,0,7,19,12,0,0,10,4,3,0,17,4,8,8,0,5,11,10,5,11,16,1
4,18,2,6,0,3,0,4,0,5,0,4,0,0,6,2,2,0,0,0,4,0,26,7,0,2,1,0,5,16,14,1,0,5,1,0,4,4,14,0,14,0,1,4,5,1,3,8,5,20,16,0,9,3,0,8,9,2,0,1,1,2,3,2,1,9,26,0,3,1,17,1,9,2,1,8,24,18,0,1,2,1,0,0,4,0,4,12,28,5,5,8,0,2,1,1,2,11,0,0,0,2,7,8,0,8,4,1,7,4,23,1,11,1,29,0,4,1,0,6,7,2,21,12,14,0,0,1,5,1,0,2,6,1,13,0,6,8,5,1,13,23,1
2,21,0,4,0,1,4,0,0,4,0,4,1,11,11,31,0,0,0,0,0,0,29,7,0,1,0,0,3,4,0,0,3,0,9,0,0,3,1,0,54,0,0,0,36,0,0,7,13,36,25,0,0,10,0,1,1,0,0,1,1,0,2,0,0,0,19,0,1,0,0,1,11,1,1,1,47,53,2,0,30,0,2,0,14,0,0,20,2,0,0,5,2,1,1,1,0,16,0,0,0,0,2,13,0,11,2,0,16,13,2,2,1,0,6,0,0,1,0,6,16,0,2,1,13,10,0,4,0,7,9,0,4,1,3,12,11,11,2,3,3,2,0
15,0,15,1,3,6,0,0,0,0,23,0,9,0,0,1,33,2,28,27,14,44,0,0,3,0,26,5,0,0,0,23,17,14,0,39,0,2,1,2,0,14,7,0,0,52,16,0,0,0,0,6,24,0,22,5,0,5,1,6,2,2,2,9,4,2,2,7,0,0,16,23,0,11,23,0,3,0,4,0,0,21,2,19,0,9,0,1,1,0,4,0,14,2,11,10,1,0,2,9,31,4,8,2,8,1,1,0,0,0,0,0,3,6,0,0,1,5,19,1,0,9,0,10,0,0,6,39,14,0,0,7,0,5,0,0,5,0,7,18,0,0,11
0,3,1,3,1,6,5,4,0,0,2,3,0,0,5,7,3,0,0,2,0,1,10,4,0,1,1,1,7,3,21,0,0,1,6,3,29,3,20,0,5,0,0,11,2,2,6,4,0,6,6,0,5,6,1,12,12,1,4,2,8,2,16,2,0,12,4,0,3,1,9,5,2,0,1,18,8,5,1,13,1,2,0,1,9,0,14,4,11,15,2,0,6,2,3,0,1,5,1,0,0,4,8,13,0,6,9,1,1,4,4,7,17,0,17,0,15,3,5,20,2,0,11,13,0,0,3,6,3,2,0,0,5,3,3,0,5,2,5,2,3,4,0
12,0,6,4,5,3,0,0,23,2,0,0,3,0,0,0,2,14,2,2,2,24,4,0,5,11,26,0,8,13,1,9,11,21,0,20,5,4,0,2,0,8,1,2,1,47,3,1,0,3,2,14,20,0,1,4,0,15,0,25,19,22,0,10,8,1,0,4,4,12,7,7,0,11,21,0,3,8,6,2,0,10,0,4,0,3,3,0,1,6,3,0,21,7,17,6,3,0,14,6,9,10,2,0,0,0,1,1,0,0,2,9,2,7,2,0,6,11,2,0,0,10,4,5,0,0,15,23,5,0,0,5,0,8,0,0,1,2,15,2,0,0,26
1,9,0,3,3,4,4,4,0,3,0,0,0,0,8,4,0,0,0,0,0,0,10,3,1,3,0,0,1,5,13,1,0,0,1,0,19,3,10,0,5,0,0,7,1,1,13,3,1,15,9,0,4,0,0,10,12,0,6,0,7,0,1,0,1,6,7,1,10,1,2,6,3,0,0,11,5,7,0,11,1,0,0,0,7,0,1,2,4,6,0,5,1,6,1,0,0,5,0,0,0,1,6,17,0,14,8,0,6,9,3,4,0,1,3,0,14,2,1,20,0,0,5,4,9,1,1,2,4,0,0,2,1,2,1,0,3,20,4,0,1,7,0
18,0,6,1,13,0,0,1,9,0,3,0,0,0,0,0,13,3,4,27,9,3,5,2,3,4,13,10,19,0,3,2,18,11,2,17,2,4,0,0,2,0,7,0,0,8,17,0,0,4,0,6,23,0,1,2,0,14,6,4,10,21,17,7,6,1,0,7,3,0,19,1,0,7,12,3,1,1,17,31,0,4,0,0,0,1,8,0,0,0,4,3,14,16,11,1,11,0,29,8,6,2,10,2,7,1,6,0,0,0,0,0,3,2,0,0,6,8,3,3,0,13,0,6,0,0,15,7,5,0,0,1,1,19,0,0,2,0,7,16,0,1,16
0,7,0,0,0,0,0,11,0,0,0,0,0,0,4,19,0,0,0,0,0,0,2,0,0,0,0,0,0,0,0,0,0,0,1,0,0,0,0,0,26,0,0,0,10,0,0,6,18,8,8,0,0,0,0,0,0,0,0,0,0,0,0,0,0,0,0,0,0,0,0,0,3,0,0,0,25,3,0,0,37,0,2,0,9,0,0,0,0,0,0,4,0,0,0,0,0,2,0,0,0,0,0,4,0,11,0,0,2,1,0,0,0,0,0,0,0,0,0,0,4,0,0,0,1,3,0,0,0,18,1,0,0,0,0,0,9,0,0,0,4,0,0
0,5,0,6,0,5,6,11,0,5,0,8,0,4,0,35,0,1,0,0,1,0,28,10,1,4,2,3,3,12,6,7,0,0,19,0,15,2,12,0,8,1,1,4,2,0,4,11,5,7,9,0,1,1,1,1,16,0,3,0,2,1,1,2,0,9,10,0,22,1,1,1,11,0,0,4,20,14,0,8,11,2,4,0,16,0,0,9,5,3,0,11,1,2,4,0,1,4,1,0,0,3,5,27,0,13,8,2,9,9,11,1,19,0,21,0,4,1,0,5,6,0,2,2,12,3,0,1,2,4,4,1,22,5,4,0,16,10,2,0,8,10,0
0,29,3,9,0,3,2,31,1,7,0,4,0,19,35,0,0,2,1,0,0,1,19,20,0,0,0,0,7,3,6,1,0,0,16,0,2,0,8,0,30,0,1,1,24,0,2,18,21,22,19,0,3,11,0,0,4,1,2,1,2,4,0,0,0,11,13,0,8,0,2,3,26,8,1,6,58,38,1,8,16,3,2,7,16,0,0,1,15,6,8,10,0,0,0,0,0,22,0,0,1,2,1,32,0,15,13,2,3,13,5,2,3,0,17,0,1,0,0,4,17,0,0,4,5,10,0,2,0,13,15,2,5,2,16,6,1,31,0,4,16,4,0
43,1,5,1,26,5,2,0,33,3,2,0,13,0,0,0,0,12,6,11,17,20,3,0,8,3,17,20,29,1,1,15,24,13,0,14,2,8,0,0,0,31,22,0,1,20,32,1,0,0,0,8,38,0,38,4,1,27,7,7,5,2,40,19,18,0,0,16,3,3,11,20,0,17,10,2,3,4,6,0,0,7,0,40,0,7,9,0,5,0,11,0,8,10,23,16,4,0,6,8,22,34,12,1,9,1,1,0,0,2,0,1,0,1,1,0,2,16,2,6,0,7,2,40,1,0,4,20,9,0,1,5,0,23,0,0,2,0,33,31,2,1,3
6,0,8,2,14,16,0,0,2,0,14,0,3,0,1,2,12,0,1,7,4,6,6,3,2,18,13,3,10,26,11,10,7,2,0,11,1,10,11,0,2,33,3,12,0,3,5,0,1,7,1,1,10,0,4,4,0,8,6,28,8,10,13,6,8,6,1,0,1,7,11,6,3,2,2,9,9,4,15,10,1,2,0,7,2,1,1,0,6,1,2,0,22,6,9,27,2,0,7,8,0,4,3,5,0,4,7,0,1,3,8,2,15,1,10,0,9,10,9,4,0,8,4,2,2,0,5,7,4,0,0,8,0,5,4,0,4,1,6,12,0,2,5
31,0,0,0,13,0,0,0,28,0,2,0,4,0,0,1,6,1,0,63,34,28,1,0,5,0,10,26,0,0,0,4,0,43,0,68,0,2,0,25,0,0,27,0,0,34,0,0,0,0,0,3,50,0,13,0,0,0,1,11,7,0,1,86,0,0,0,29,0,0,0,3,0,2,1,0,0,5,3,0,0,17,0,21,0,31,0,0,0,0,6,0,0,0,18,1,13,0,0,7,54,7,0,1,30,3,0,0,0,0,0,0,0,20,0,0,0,0,59,1,0,20,0,0,0,0,4,6,24,0,0,0,0,15,0,0,0,0,18,42,0,0,5
14,0,2,0,4,0,0,0,27,2,2,0,27,0,0,0,11,7,63,0,11,11,0,0,20,0,32,3,7,0,2,6,17,30,0,1,0,10,0,8,0,1,26,0,0,20,3,0,0,0,0,27,7,0,8,3,0,3,5,6,1,26,14,26,11,1,0,25,1,0,2,7,1,4,21,2,2,0,14,4,0,8,0,15,0,33,1,0,0,0,6,0,14,4,1,7,13,0,12,14,10,3,3,0,16,0,0,0,0,0,0,0,0,41,0,0,1,3,6,4,0,21,0,0,0,0,19,5,16,0,0,2,0,6,0,0,0,0,20,6,2,2,57
11,0,4,0,16,0,4,0,14,0,2,0,9,0,1,0,17,4,34,11,0,0,0,0,2,2,33,16,5,11,0,6,6,15,0,27,2,5,0,38,0,8,4,1,0,6,4,0,0,0,0,16,9,0,3,11,0,0,0,8,6,15,1,33,14,0,0,11,2,0,2,2,0,22,2,6,1,0,11,3,0,11,0,9,1,9,0,0,0,0,4,0,3,23,3,11,16,0,7,8,12,3,14,3,7,0,0,0,0,0,25,6,1,15,0,0,1,16,23,3,2,24,3,1,0,0,16,3,4,0,0,0,1,5,0,0,1,11,11,15,0,1,16
6,0,8,4,11,6,0,0,44,1,24,0,3,0,0,1,20,6,28,11,0,0,7,0,1,4,16,0,14,1,3,7,40,22,1,25,4,10,1,0,7,19,1,0,8,5,6,4,0,2,1,2,19,2,8,0,1,14,9,26,7,12,4,14,7,6,1,7,6,6,6,21,1,1,24,9,5,5,20,13,0,12,0,3,1,0,21,0,3,4,10,1,9,7,11,13,1,0,2,7,3,12,34,1,6,1,4,2,0,0,5,2,2,5,2,0,10,3,16,12,1,4,1,13,1,0,12,43,10,3,0,5,0,7,0,0,4,1,16,40,1,18,16
6,19,2,29,4,12,26,29,0,10,4,10,5,2,28,19,3,6,1,0,0,7,0,37,3,2,4,5,9,3,19,4,14,0,32,4,8,2,24,0,35,11,4,17,28,2,10,53,17,34,24,0,1,21,3,6,29,3,1,20,11,3,26,1,0,25,36,0,6,4,15,17,23,42,0,3,49,33,3,13,31,1,7,2,9,0,3,11,27,6,8,20,3,1,2,3,0,8,2,1,4,3,6,30,1,13,10,10,19,12,11,8,7,2,21,0,10,7,4,6,17,0,24,8,14,10,7,15,1,16,15,8,5,2,15,14,8,30,6,2,17,10,0
0,29,0,11,0,0,7,7,0,4,0,3,2,0,10,20,0,3,0,0,0,0,37,0,1,4,0,2,3,3,3,3,0,2,34,0,5,6,8,0,37,2,2,3,10,0,1,30,23,33,10,3,1,13,0,5,6,0,1,0,7,0,6,0,0,3,15,0,2,2,0,5,4,0,0,1,30,17,2,10,10,2,3,0,36,0,1,3,1,9,0,19,1,0,0,0,0,17,0,2,3,0,3,25,0,34,8,0,3,6,7,2,8,0,8,2,14,0,0,6,3,1,2,2,11,8,1,0,2,11,23,1,9,1,7,7,7,7,4,0,8,5,0
2,1,16,0,5,2,0,0,3,0,5,1,3,0,1,0,8,2,5,20,2,1,3,1,0,4,9,5,2,2,3,6,7,6,2,1,1,0,2,0,3,3,4,8,2,2,2,4,0,1,0,49,3,0,2,5,2,2,2,8,7,3,4,7,2,8,0,4,2,5,2,0,1,1,0,2,3,2,4,0,1,10,0,6,0,6,2,0,3,0,19,0,3,1,7,0,2,0,0,3,4,1,3,6,0,6,3,1,0,0,4,0,3,5,1,0,1,7,0,18,3,1,4,9,0,0,0,13,0,2,0,6,1,10,0,0,1,1,4,7,2,0,6
1,2,2,9,13,14,2,1,0,1,11,3,4,0,4,0,3,18,0,0,2,4,2,4,4,0,1,4,14,2,10,15,9,0,0,1,3,3,13,0,1,46,4,8,3,0,16,7,2,22,12,0,10,0,0,0,8,10,3,17,24,8,23,4,18,13,4,1,20,3,34,2,1,16,0,11,2,16,15,45,7,7,6,16,0,1,2,1,19,8,10,1,0,9,5,0,2,0,0,3,3,8,11,6,0,22,16,3,1,6,2,2,48,0,7,1,21,17,0,3,2,0,29,18,1,0,1,4,3,2,0,10,9,8,9,0,4,1,7,3,3,8,1
11,0,5,0,4,0,1,0,26,1,26,0,13,0,2,0,17,13,10,32,33,16,4,0,9,1,0,15,5,3,0,6,35,35,0,6,4,1,0,5,1,18,24,0,0,16,9,0,0,3,1,20,27,0,15,5,0,14,3,31,4,3,16,21,40,1,0,5,1,8,6,20,2,6,15,0,0,5,15,8,0,18,0,24,0,33,7,0,4,2,3,1,7,8,19,12,4,0,18,14,29,11,10,3,10,2,3,0,0,0,0,0,0,17,0,0,4,10,31,5,0,25,6,9,2,1,3,16,34,0,0,1,1,25,0,0,2,0,23,30,0,4,26
9,0,0,0,17,4,0,0,5,1,0,0,10,0,3,0,20,3,26,3,16,0,5,2,5,4,15,0,9,0,2,30,23,15,0,89,5,5,0,0,2,23,5,6,0,26,16,0,0,2,0,6,41,0,8,15,0,0,9,49,12,27,18,6,22,0,0,2,6,0,9,1,0,24,5,2,5,1,16,19,0,16,0,3,0,19,0,1,4,5,2,1,4,5,12,7,3,0,12,24,36,34,15,0,0,4,0,0,0,2,1,0,4,4,0,0,19,6,26,5,0,5,0,2,1,0,14,19,3,0,0,3,0,19,0,0,2,0,29,33,0,3,12
25,1,8,1,11,10,5,3,0,7,8,1,19,0,3,7,29,10,0,7,5,14,9,3,2,14,5,9,0,2,11,13,17,3,2,0,2,11,7,1,1,9,5,2,1,0,5,0,0,1,5,2,6,2,0,5,0,18,9,10,13,14,14,14,5,23,5,2,1,2,18,3,0,7,14,5,8,5,7,15,0,4,2,19,1,0,3,0,12,3,11,4,19,10,6,6,1,3,4,9,5,1,15,5,0,9,14,4,1,0,2,7,7,1,6,0,7,6,9,3,0,5,6,19,0,0,10,13,1,4,0,5,1,9,1,0,2,6,11,14,3,7,1
0,4,4,8,0,4,16,4,0,3,13,5,0,0,12,3,1,26,0,0,11,1,3,3,2,2,3,0,2,0,43,1,2,1,1,0,9,4,4,0,3,1,2,11,1,3,14,5,4,10,9,0,0,1,0,8,18,1,14,0,13,0,0,0,1,0,3,1,5,5,3,8,4,5,0,7,5,6,3,4,1,4,1,0,3,6,1,0,11,12,6,4,3,4,3,4,10,0,0,0,0,4,7,9,0,6,6,0,2,14,17,11,14,2,10,0,15,3,0,10,1,0,6,2,2,0,0,1,1,0,0,8,2,2,5,0,10,7,2,1,1,0,6
1,2,2,25,3,23,14,0,0,21,1,13,3,0,6,6,1,11,0,2,0,3,19,3,3,10,0,2,11,43,0,4,2,8,5,1,24,17,11,1,6,0,8,13,2,0,41,6,4,10,14,1,1,1,2,5,17,0,14,3,12,1,15,0,7,9,9,0,11,2,12,5,13,6,0,28,2,8,14,15,1,2,2,2,12,0,2,4,26,7,0,11,4,1,9,7,8,0,1,3,3,19,21,14,0,16,35,1,2,15,7,26,16,1,9,1,8,20,0,14,5,2,11,11,4,0,6,7,13,1,0,0,25,7,3,0,9,16,13,2,10,12,3
4,0,7,0,14,0,1,0,23,0,9,1,2,0,7,1,15,10,4,6,6,7,4,3,6,15,6,30,13,1,4,0,8,10,0,11,2,9,1,1,1,3,2,1,0,9,10,0,0,3,0,2,50,0,29,1,1,10,13,10,4,7,7,5,4,0,1,8,2,4,11,13,0,7,9,1,4,3,7,40,0,8,0,16,1,0,2,0,2,0,5,1,9,7,3,9,3,0,1,6,3,5,2,4,1,8,2,0,0,5,1,1,2,6,3,0,5,8,3,6,0,7,2,4,3,0,2,17,4,2,0,2,1,3,1,0,2,9,6,18,1,3,6
13,3,1,0,13,3,0,3,17,0,11,0,18,0,0,0,24,7,0,17,6,40,14,0,7,9,35,23,17,2,2,8,0,19,0,27,2,8,0,0,0,8,10,9,2,30,34,2,1,1,1,24,17,0,46,3,0,5,27,16,7,5,17,23,29,2,5,13,1,2,28,15,3,10,15,3,10,4,9,19,2,12,1,39,0,16,10,0,2,11,27,0,40,4,27,54,7,0,60,19,13,9,27,6,16,0,0,1,0,1,12,6,6,24,2,0,22,28,17,10,0,45,3,13,0,0,9,141,20,2,0,52,0,16,2,0,27,0,8,27,1,3,16
17,0,20,0,13,2,5,0,14,1,21,0,11,0,0,0,13,2,43,30,15,22,0,2,6,0,35,15,3,1,8,10,19,0,0,4,0,2,0,10,0,4,9,3,0,10,3,0,0,0,0,17,20,0,4,2,1,21,0,16,11,19,3,8,4,2,0,18,2,8,5,7,0,12,8,0,0,2,9,1,0,25,0,4,0,19,7,0,0,0,5,0,9,21,9,38,2,0,19,8,15,10,3,2,30,2,0,0,0,0,0,1,1,23,5,0,0,7,23,1,0,23,2,3,0,0,6,4,19,0,0,4,1,1,0,0,3,2,13,14,0,0,23
0,30,0,20,0,2,1,9,0,6,0,1,2,1,19,16,0,0,0,0,0,1,32,34,2,0,0,0,2,1,5,0,0,0,0,0,2,0,14,0,19,0,0,2,13,0,0,30,17,27,7,0,0,20,0,0,1,0,2,1,4,0,1,0,0,13,6,0,1,3,1,1,9,7,4,4,52,40,1,1,9,0,10,0,16,0,1,3,0,17,2,5,0,0,0,0,0,6,0,0,0,0,2,9,0,0,0,9,17,14,4,2,9,0,9,1,0,1,0,10,12,1,2,2,4,2,0,1,0,14,19,3,1,0,1,5,7,6,0,2,16,3,1
26,0,16,0,15,2,0,0,39,3,20,0,17,0,0,0,14,11,68,1,27,25,4,0,1,1,6,89,0,0,1,11,27,4,0,0,0,6,0,0,2,9,20,0,0,22,2,0,0,0,0,10,20,0,17,2,0,0,0,18,0,3,2,7,9,0,0,11,0,0,8,25,0,5,29,0,4,1,7,14,0,34,0,10,0,9,3,0,11,0,12,0,7,7,8,3,20,0,2,14,16,9,17,0,16,1,0,0,0,0,3,2,0,14,0,0,7,2,28,4,0,4,0,1,0,0,2,34,0,0,0,43,0,4,0,0,1,0,1,9,0,0,32
3,3,0,3,2,2,4,0,0,29,5,19,2,0,15,2,2,1,0,0,2,4,8,5,1,3,4,5,2,9,24,2,2,0,2,0,0,1,4,0,5,3,2,11,0,0,21,41,3,1,1,1,1,1,0,7,11,5,6,3,5,1,2,1,1,11,7,0,5,3,7,3,1,0,2,1,0,12,2,8,2,0,3,0,10,0,1,12,7,9,1,5,0,1,5,1,0,0,0,0,0,9,9,12,0,8,17,0,9,1,27,10,11,0,12,0,3,2,0,11,8,0,15,2,6,0,0,0,0,1,0,1,9,2,5,0,0,11,4,1,5,3,16
1,1,0,2,10,2,4,3,2,3,4,3,4,0,2,0,8,10,2,10,5,10,2,6,0,3,1,5,11,4,17,9,8,2,0,6,1,0,3,0,4,3,1,4,0,9,8,1,0,0,0,1,15,0,1,5,2,7,6,3,15,14,16,15,9,1,0,0,4,4,9,8,1,3,7,11,1,2,21,10,0,6,0,1,2,0,16,0,7,3,5,1,9,5,15,1,3,1,6,9,6,7,11,5,1,4,6,0,0,0,5,2,2,6,4,0,11,9,15,9,2,15,3,13,0,0,5,25,6,0,1,3,3,6,0,0,0,2,8,13,1,14,3
3,10,0,26,1,5,14,1,1,20,0,10,0,0,12,8,0,11,0,0,0,1,24,8,2,13,0,0,7,4,11,1,0,0,14,0,4,3,0,0,9,0,5,14,5,0,5,10,1,7,18,0,4,2,0,3,6,3,0,1,12,6,7,0,0,14,13,2,13,1,3,7,23,3,2,14,7,20,8,6,3,2,1,0,17,1,3,13,27,17,7,12,0,1,1,0,0,23,0,0,0,3,0,40,0,20,9,11,8,7,19,5,9,4,23,0,10,2,0,19,28,0,7,14,3,5,2,2,2,2,7,0,23,1,9,5,6,5,10,0,1,14,2
1,0,1,0,0,0,0,0,2,0,2,0,0,0,0,0,0,0,25,8,38,0,0,0,0,0,5,0,1,0,1,1,0,10,0,0,0,0,0,0,2,0,0,0,0,3,0,0,0,0,0,1,0,0,0,2,0,7,0,0,1,2,0,3,0,0,0,11,0,0,0,1,0,0,1,0,0,0,5,0,0,0,0,1,0,6,0,0,0,0,7,0,0,6,1,4,0,0,23,3,0,1,0,0,5,0,0,0,0,0,0,0,0,12,0,0,0,1,9,0,0,1,3,3,0,0,0,0,11,0,0,0,0,0,0,0,0,0,2,0,0,0,9
2,24,0,16,1,8,14,54,0,5,0,5,2,26,8,30,0,2,0,0,0,7,35,37,3,1,1,2,1,3,6,1,0,0,19,2,5,4,9,2,0,8,1,1,17,0,0,22,32,46,29,0,3,35,0,0,10,1,7,7,5,1,62,3,0,25,34,0,13,3,13,7,24,2,0,6,103,17,0,12,17,2,4,1,19,2,0,5,13,5,7,3,0,0,1,0,1,23,0,0,0,0,1,10,0,10,1,16,44,19,9,6,8,0,38,2,11,2,0,9,24,0,6,17,12,17,1,4,0,17,12,1,6,0,10,24,14,51,4,7,7,5,0
9,0,6,3,8,2,0,0,14,0,8,0,0,0,1,0,31,33,0,1,8,19,11,2,3,46,18,23,9,1,0,3,8,4,0,9,3,3,0,0,8,0,23,0,0,31,25,0,0,0,1,0,12,0,25,2,0,24,12,35,9,10,13,17,3,0,3,1,1,2,5,4,0,14,6,2,13,0,16,19,0,16,0,13,0,1,4,0,10,0,5,0,8,3,20,27,4,0,0,14,8,4,7,3,0,7,5,0,0,0,0,0,6,2,0,0,20,4,5,5,1,5,25,51,0,0,0,36,5,1,0,2,3,12,0,0,2,1,6,37,0,7,19
5,1,8,2,3,0,1,0,7,0,1,0,7,0,1,1,22,3,27,26,4,1,4,2,4,4,24,5,5,2,8,2,10,9,0,20,2,1,5,0,1,23,0,4,0,20,1,0,0,1,1,2,18,0,20,3,1,3,18,10,9,7,14,19,1,0,3,9,3,0,1,13,0,4,3,1,1,0,4,0,0,2,0,20,0,9,0,0,4,0,3,1,2,6,1,10,2,0,4,7,5,4,4,0,6,3,0,0,1,1,0,0,1,1,0,0,8,21,13,6,0,14,0,10,1,0,2,23,4,1,0,0,3,1,1,0,7,2,15,8,1,3,4
0,0,4,1,10,5,4,0,0,11,2,7,0,0,4,1,0,12,0,0,1,0,17,3,8,8,0,6,2,11,13,1,9,3,2,0,11,4,14,0,1,0,4,0,5,0,11,4,3,6,9,0,4,1,0,1,10,5,8,3,11,2,10,0,0,2,1,1,10,7,1,10,3,2,1,6,7,0,7,15,1,0,3,1,1,0,9,12,3,2,1,0,9,7,7,12,3,0,6,2,0,4,13,10,0,8,3,1,2,6,10,10,0,3,12,0,3,6,2,11,4,4,5,4,7,0,0,3,4,3,0,3,12,8,11,0,14,5,11,0,3,2,1
0,12,0,16,1,0,5,36,0,2,1,1,0,10,2,24,1,0,0,0,0,8,28,10,2,3,0,0,1,1,2,0,2,0,13,0,0,0,5,0,17,0,0,5,0,0,0,10,18,37,12,0,0,17,0,0,1,0,0,0,5,0,5,0,0,5,24,0,3,0,2,0,6,2,0,8,32,25,4,5,19,0,1,1,5,0,0,3,6,11,2,2,0,3,1,1,0,12,0,0,0,0,0,6,0,6,3,3,12,21,18,0,2,0,11,0,17,3,0,4,10,0,4,5,10,12,0,8,0,13,4,2,1,2,9,17,7,8,1,4,8,8,5
63,0,12,5,11,5,1,0,52,2,47,1,8,0,0,0,20,3,34,20,6,5,2,0,2,0,16,26,0,3,0,9,30,10,0,22,0,9,0,3,0,31,20,0,0,0,10,1,0,2,0,13,11,0,27,5,0,15,1,3,7,6,2,29,14,0,0,25,1,0,7,6,0,21,17,0,1,0,11,3,0,51,3,35,0,16,1,0,0,0,4,2,26,6,10,8,8,1,15,10,35,13,15,1,25,2,0,0,0,0,0,0,0,53,5,0,9,13,2,6,1,21,1,1,0,0,14,32,4,0,0,24,1,12,0,0,7,0,3,16,0,4,25
5,0,0,1,3,13,3,0,16,6,3,13,17,0,4,2,32,5,0,3,4,6,10,1,2,16,9,16,5,14,41,10,34,3,0,2,21,8,5,0,0,25,1,11,0,10,0,0,0,2,7,10,1,0,13,11,3,4,47,13,11,16,40,34,2,5,8,1,13,5,31,2,1,23,2,9,7,2,3,18,0,5,0,10,0,1,4,5,6,7,1,3,12,4,39,8,4,3,2,3,5,17,29,5,0,6,1,4,0,18,1,12,20,6,6,0,4,11,4,18,0,8,29,25,2,0,4,53,10,2,0,11,4,6,2,0,21,5,3,8,7,27,3
0,56,1,21,0,2,8,7,0,4,1,3,0,6,11,18,1,0,0,0,0,4,53,30,4,7,0,0,0,5,6,0,2,0,30,0,41,1,10,0,22,0,0,4,10,1,0,0,14,16,22,2,2,16,1,1,30,0,14,0,8,0,1,0,0,10,21,0,6,5,0,8,13,2,0,6,155,33,0,5,14,1,7,0,24,1,2,6,3,8,0,6,2,1,0,0,1,10,0,0,0,3,0,28,0,8,11,3,17,5,7,9,10,0,8,2,4,2,0,3,22,2,1,5,9,15,0,7,0,24,4,0,19,3,10,9,7,6,8,0,8,2,1
0,27,0,27,0,4,5,13,0,0,0,1,0,18,5,21,0,1,0,0,0,0,17,23,0,2,0,0,0,4,4,0,1,0,17,0,3,0,1,0,32,0,0,3,18,0,0,14,0,34,27,0,0,27,0,2,6,0,2,0,2,2,0,1,0,9,11,0,7,0,0,1,16,1,1,0,42,18,0,2,19,0,8,0,14,0,0,5,6,2,1,1,0,0,2,0,0,17,0,1,0,0,1,7,0,11,5,6,8,10,9,1,17,0,8,0,0,0,0,0,17,0,0,1,26,9,0,0,2,17,13,0,4,0,2,26,23,8,3,0,1,3,0
0,36,1,16,0,4,20,36,0,6,3,15,4,8,7,22,0,7,0,0,0,2,34,33,1,22,3,2,1,10,10,3,1,0,27,0,1,0,7,0,46,0,1,6,37,2,2,16,34,0,28,0,2,27,7,0,11,2,0,0,6,2,6,0,0,11,19,2,11,1,12,2,20,0,0,11,68,36,1,8,26,0,1,3,20,1,2,1,24,16,1,6,0,1,3,0,0,15,0,1,1,2,1,27,0,15,3,9,23,34,8,6,15,0,26,0,7,2,0,10,15,1,10,4,20,9,2,2,2,15,27,4,4,1,14,22,14,17,2,0,1,4,2
1,22,0,33,1,8,16,25,0,6,2,9,0,8,9,19,0,1,0,0,0,1,24,10,0,12,1,0,5,9,14,0,1,0,7,0,1,0,18,0,29,1,1,9,12,0,7,22,27,28,0,0,4,32,0,1,18,2,1,1,11,0,16,2,0,8,24,0,6,2,8,3,17,4,1,7,55,17,0,18,11,1,3,5,24,0,0,15,24,17,3,11,3,2,3,0,1,18,0,0,0,0,6,17,0,12,12,11,29,5,18,7,10,0,34,0,3,1,0,16,32,0,6,11,25,18,1,14,1,15,29,1,13,8,23,35,22,32,2,0,19,11,1
9,0,0,0,2,0,0,0,6,0,14,0,6,0,0,0,8,1,3,27,16,2,0,3,49,0,20,6,2,0,1,2,24,17,0,10,1,1,0,1,0,0,2,0,0,13,10,2,0,0,0,0,7,0,1,4,1,20,2,3,2,100,5,54,3,0,0,12,0,1,0,5,0,9,22,0,1,0,3,0,0,12,0,0,0,19,10,2,0,2,7,1,7,4,1,2,18,0,7,25,45,8,6,4,2,0,0,0,0,0,0,0,0,8,0,0,1,3,11,3,0,3,1,4,0,0,7,2,7,0,0,0,0,0,0,0,7,1,9,0,0,0,17
31,0,4,0,19,24,9,0,24,5,20,4,23,0,1,3,38,10,50,7,9,19,1,1,3,10,27,41,6,0,1,50,17,20,0,20,1,15,4,0,3,12,18,4,0,11,1,2,0,2,4,7,0,0,27,10,1,16,1,21,2,3,11,33,10,0,0,4,1,3,8,15,1,10,13,2,1,1,1,26,0,15,0,38,4,7,12,0,13,0,5,0,11,0,9,17,5,0,11,13,2,9,6,0,2,5,8,0,0,3,0,1,7,2,5,0,6,9,19,3,0,11,3,6,0,0,3,32,5,0,0,10,0,7,2,0,9,1,17,17,1,9,4
0,28,4,28,0,3,3,10,0,6,0,0,0,0,1,11,0,0,0,0,0,2,21,13,0,0,0,0,2,1,1,0,0,0,20,0,1,0,2,0,35,0,0,1,17,0,0,16,27,27,32,0,0,0,0,0,1,0,0,0,2,0,0,0,0,20,13,0,1,0,0,0,8,1,0,10,63,40,0,0,5,0,1,0,7,0,0,0,2,9,0,0,0,0,0,0,0,7,0,0,0,0,0,10,0,1,0,18,11,0,0,0,5,0,5,0,4,0,0,2,22,0,4,1,27,8,0,5,0,26,72,0,7,0,4,13,2,10,0,0,4,1,0
22,0,41,0,3,5,0,0,22,1,1,0,1,0,1,0,38,4,13,8,3,8,3,0,2,0,15,8,0,0,2,29,46,4,0,17,0,1,0,0,0,25,20,0,0,27,13,1,0,7,0,1,27,0,0,1,3,11,1,4,5,2,0,5,0,0,0,3,1,0,36,39,0,6,0,0,2,0,16,20,0,3,0,6,0,4,3,0,5,0,6,0,25,4,6,16,2,0,2,13,8,16,2,0,35,3,2,0,0,0,0,0,1,11,0,0,0,5,3,1,0,11,0,8,0,0,2,8,15,0,0,10,1,5,0,0,3,0,11,4,0,3,17
3,1,3,0,8,1,8,1,5,12,4,10,2,0,1,0,4,4,0,3,11,0,6,5,5,0,5,15,5,8,5,1,3,2,0,2,7,5,3,2,0,2,3,1,0,5,11,1,2,0,1,4,10,0,1,0,4,4,7,1,3,6,2,9,1,6,0,0,8,1,0,0,1,5,1,12,2,2,6,1,0,0,0,5,5,0,1,0,6,0,0,2,10,9,3,0,3,1,3,0,0,6,8,8,0,12,4,0,3,1,25,0,1,1,5,0,4,6,7,17,4,2,1,2,2,0,1,17,4,0,0,0,7,17,0,0,35,6,5,0,1,0,4
0,0,1,6,0,0,9,1,0,12,0,12,0,0,16,4,1,0,0,0,0,1,29,6,2,8,0,0,0,18,17,1,0,1,1,0,11,2,6,0,10,0,1,10,1,0,3,30,6,11,18,1,1,1,3,4,0,0,4,0,7,2,2,1,1,7,21,0,5,0,3,0,5,3,0,4,6,8,2,1,9,1,2,0,10,0,7,7,3,2,4,22,3,1,2,0,1,0,0,0,0,1,0,15,0,11,7,0,8,7,11,4,7,1,17,0,8,2,0,10,1,0,1,0,9,0,0,3,4,7,5,0,69,0,1,0,5,1,9,1,7,6,8
4,0,11,2,2,1,2,0,5,1,15,0,14,0,0,1,27,8,0,3,0,14,3,0,2,10,14,0,18,1,0,10,5,21,0,0,5,7,3,7,1,24,3,5,0,15,4,0,0,2,2,20,16,0,11,4,0,0,6,2,12,16,19,14,15,0,0,12,7,7,5,5,0,7,10,1,1,0,8,7,0,9,0,18,0,0,7,0,11,0,5,0,1,8,7,1,1,0,6,9,4,2,6,2,1,1,2,0,0,1,2,1,3,8,2,0,3,4,9,3,0,6,7,13,2,0,6,29,7,1,1,16,0,1,1,0,3,3,8,6,1,0,8
5,2,1,9,0,11,0,0,1,4,0,6,6,0,3,2,7,6,1,5,0,9,1,1,2,3,3,9,9,14,14,13,27,0,2,0,6,6,0,0,7,12,18,8,0,1,47,14,2,0,1,2,1,0,1,7,4,6,0,2,24,6,37,0,0,6,3,1,3,3,33,11,0,15,4,4,6,2,4,3,2,13,0,6,1,0,7,0,5,8,6,6,6,4,14,0,5,1,2,6,0,11,10,2,0,1,3,2,1,13,2,7,5,4,4,0,0,18,5,16,5,0,2,15,0,1,0,8,5,4,0,7,1,2,9,0,2,6,6,13,1,6,10
32,0,31,1,21,3,1,1,6,2,25,0,4,0,0,1,7,28,11,6,8,26,20,0,8,17,31,49,10,0,3,10,16,16,1,18,3,3,1,0,7,35,10,3,0,3,13,0,0,0,1,3,21,0,4,1,0,2,2,0,1,8,15,14,2,2,2,0,0,1,24,8,1,15,5,0,6,0,10,8,0,18,1,38,0,12,12,3,1,1,5,0,7,1,28,11,1,0,0,22,19,11,13,1,22,1,0,0,0,1,1,1,1,11,0,0,2,6,6,2,0,8,1,6,0,0,20,48,32,0,0,19,0,18,0,0,1,0,9,51,0,0,19
8,0,8,9,12,20,1,1,2,8,19,7,10,0,2,2,5,8,7,1,6,7,11,7,7,24,4,12,13,13,12,4,7,11,4,0,5,15,12,1,5,9,9,11,5,7,11,8,2,6,11,2,2,2,5,3,7,12,24,1,0,12,13,1,15,7,4,7,15,18,11,17,6,17,11,5,11,7,29,15,3,5,1,4,4,3,8,2,16,3,17,3,12,21,21,18,6,1,12,0,3,8,20,4,2,17,16,0,2,1,16,15,5,2,8,1,30,29,15,14,0,2,11,11,1,0,8,3,5,2,0,12,5,16,3,0,12,9,29,4,1,9,16
9,0,10,5,4,3,2,0,2,2,22,0,21,0,1,4,2,10,0,26,15,12,3,0,3,8,3,27,14,0,1,7,5,19,0,3,1,14,6,2,1,10,7,2,0,6,16,0,2,2,0,100,3,0,2,6,2,16,6,8,12,0,9,13,34,7,0,10,14,0,6,1,7,10,37,5,4,2,25,5,0,10,0,12,5,5,9,4,2,2,7,2,15,12,3,9,5,1,33,5,2,11,21,1,8,1,1,0,1,6,2,4,2,6,5,0,2,13,5,4,3,4,2,4,0,0,14,19,8,3,0,10,2,21,1,0,8,6,5,9,0,2,13
8,7,1,4,15,17,3,2,2,16,0,1,17,0,1,0,40,13,1,14,1,4,26,6,4,23,16,18,14,0,15,7,17,3,1,2,2,16,7,0,62,13,14,10,5,2,40,1,0,6,16,5,11,0,0,2,2,19,37,15,13,9,0,6,8,8,5,3,8,3,33,4,2,15,2,8,6,5,3,10,5,6,0,7,6,12,10,0,17,2,31,0,10,2,15,5,4,0,18,4,4,8,9,5,0,6,4,3,2,6,5,4,15,4,7,0,19,15,16,9,2,3,5,10,0,1,2,35,24,5,0,2,2,12,5,0,20,11,2,27,9,16,11
10,3,6,0,20,0,2,0,9,2,10,0,7,0,2,0,19,6,86,26,33,14,1,0,7,4,21,6,14,0,0,5,23,8,0,7,1,15,0,3,3,17,19,0,0,29,34,0,1,0,2,54,33,0,5,9,1,14,0,14,1,13,6,0,6,6,3,23,1,0,5,0,0,4,3,5,1,2,9,3,0,7,0,11,0,21,5,2,5,0,10,1,17,3,6,22,6,0,6,11,19,6,2,0,19,5,2,0,0,0,2,8,0,56,4,0,8,0,5,3,2,11,0,5,0,0,3,10,5,0,0,6,3,10,0,0,1,2,12,12,0,0,1
19,0,0,0,13,4,1,0,4,0,8,1,6,0,0,0,18,8,0,11,14,7,0,0,2,18,40,22,5,1,7,4,29,4,0,9,1,9,0,0,0,3,1,0,0,14,2,0,0,0,0,3,10,0,0,1,1,15,0,2,15,34,8,6,0,2,0,7,2,5,3,3,0,7,9,0,5,0,13,5,0,8,0,3,0,2,5,0,0,0,7,0,29,3,14,0,6,0,7,8,6,6,1,1,0,0,0,0,0,0,0,1,5,7,1,0,11,7,6,3,0,11,16,0,0,0,11,20,31,0,0,0,0,10,0,0,4,0,27,10,0,1,8
0,9,2,14,0,12,9,0,2,12,1,6,1,0,9,11,0,6,0,1,0,6,25,3,8,13,1,0,23,0,9,0,2,2,13,0,11,1,14,0,25,0,0,2,5,0,5,10,9,11,8,0,0,20,0,6,7,0,6,2,7,7,8,6,2,0,15,0,12,6,4,1,14,18,5,8,42,25,4,3,1,1,1,5,23,1,0,2,40,7,4,4,0,0,12,2,0,14,0,0,0,2,5,19,0,2,16,1,5,3,8,1,21,0,36,0,13,6,1,15,10,1,17,23,3,2,0,6,0,6,0,6,7,6,5,6,5,54,2,5,13,22,3
1,10,1,12,2,4,26,19,2,4,0,7,0,0,10,13,0,1,0,0,0,1,36,15,0,4,0,0,5,3,9,1,5,0,6,0,7,0,13,0,34,3,3,1,24,0,8,21,11,19,24,0,0,13,0,0,21,0,3,2,4,0,5,3,0,15,0,0,12,1,12,11,13,19,0,6,36,8,2,3,24,1,0,0,14,0,0,7,25,5,3,9,8,1,3,2,0,3,0,1,2,0,11,17,1,9,4,3,18,5,9,5,4,0,22,0,8,1,0,12,20,5,11,8,5,1,1,24,0,9,10,0,5,0,12,19,21,28,6,0,10,17,4
9,0,3,0,0,0,0,0,7,0,4,1,7,0,0,0,16,0,29,25,11,7,0,0,4,1,5,2,2,1,0,8,13,18,0,11,0,0,2,11,0,1,9,1,0,25,1,0,0,2,0,12,4,0,3,0,0,12,1,0,7,10,3,23,7,0,0,0,2,0,0,1,0,2,8,1,1,2,4,0,0,28,0,3,0,18,3,0,3,0,5,0,2,0,4,1,10,0,3,24,1,12,2,3,15,1,0,0,0,0,0,1,2,27,1,0,0,3,7,2,0,1,0,1,0,0,5,4,11,0,0,2,1,3,1,0,5,0,3,1,0,0,9
0,11,4,18,1,10,3,1,0,3,4,10,3,0,22,8,3,1,0,1,2,6,6,2,2,20,1,6,1,5,11,2,1,2,1,0,5,4,13,0,13,1,3,10,3,1,13,6,7,11,6,0,1,1,1,8,5,7,3,0,15,14,8,1,2,12,12,2,0,7,9,8,3,7,1,5,42,21,7,7,1,9,0,3,7,2,3,5,26,38,5,2,1,2,4,0,3,8,0,1,5,3,11,14,0,20,15,19,3,5,6,5,38,0,28,0,15,4,8,4,3,4,14,27,8,0,1,3,3,3,1,9,4,4,3,2,13,45,1,0,6,16,10
1,0,0,0,0,3,1,0,0,1,12,1,0,0,1,0,3,7,0,0,0,6,4,2,5,3,8,0,2,5,2,4,2,8,3,0,3,4,1,0,3,2,0,7,0,0,5,5,0,1,2,1,3,0,0,1,0,7,3,1,18,0,3,0,5,6,1,0,7,0,8,16,0,2,0,2,3,5,6,2,0,1,0,0,2,0,7,0,15,3,4,1,6,1,4,0,5,2,1,1,0,3,7,6,0,9,1,0,0,0,3,0,5,1,0,0,4,3,1,2,1,2,2,4,0,0,0,1,4,4,0,7,0,0,0,0,3,0,4,1,0,4,0
4,3,0,5,1,8,17,0,16,9,7,2,19,0,1,2,11,11,0,2,2,6,15,0,2,34,6,9,18,3,12,11,28,5,1,8,7,9,3,0,13,5,1,1,2,7,31,0,0,12,8,0,8,0,36,0,3,5,33,24,11,6,33,5,3,4,12,0,9,8,0,4,1,30,1,21,6,25,11,36,6,9,2,6,8,1,4,3,16,8,17,2,5,5,30,0,2,8,7,0,0,9,24,4,0,6,3,18,13,1,5,4,13,0,14,0,25,10,1,3,8,1,17,22,4,0,2,29,0,8,0,6,5,7,4,0,4,10,2,21,2,3,8
16,0,23,4,5,8,1,1,23,5,7,6,1,0,1,3,20,6,3,7,2,21,17,5,0,2,20,1,3,8,5,13,15,7,1,25,3,8,7,1,7,4,13,10,0,6,2,8,1,2,3,5,15,0,39,0,0,5,11,8,17,1,4,0,3,1,11,1,8,16,4,0,1,5,10,0,13,9,4,2,5,7,0,10,6,11,8,0,9,2,7,3,3,0,19,1,4,4,1,18,12,10,8,5,12,4,12,0,0,2,6,1,3,7,13,0,10,16,4,12,0,1,5,22,1,0,3,28,2,0,0,10,4,6,0,0,5,17,10,14,0,8,15
0,15,2,20,3,2,9,11,0,2,0,3,0,3,11,26,0,3,0,1,0,1,23,4,1,1,2,0,0,4,13,0,3,0,9,0,1,1,23,0,24,0,0,3,6,0,1,13,16,20,17,0,1,8,0,1,5,0,0,1,6,7,2,0,0,14,13,0,3,0,1,1,0,0,1,3,26,13,1,9,8,1,3,1,16,0,4,7,6,9,3,6,2,0,1,0,0,5,0,0,0,0,2,7,0,5,7,1,14,6,6,3,1,1,14,1,6,0,0,11,17,3,9,2,5,15,0,1,2,17,9,1,9,5,14,17,7,6,2,0,7,4,1
1,1,4,7,3,1,2,1,11,0,11,0,7,0,0,8,17,2,2,4,22,1,42,0,1,16,6,24,7,5,6,7,10,12,7,5,0,3,3,0,2,14,4,2,2,21,23,2,1,0,4,9,10,1,6,5,3,7,15,15,17,10,15,4,7,18,19,2,7,2,30,5,0,0,14,6,32,1,4,36,7,32,0,18,3,5,3,2,13,1,21,2,5,2,33,3,4,2,10,1,3,9,12,8,0,9,6,1,0,2,0,1,20,2,1,0,3,10,1,7,2,7,7,10,2,0,8,40,14,0,0,7,1,2,0,0,11,13,5,9,2,2,17
10,0,15,0,5,7,1,1,23,1,21,0,12,0,0,1,10,2,1,21,2,24,0,0,0,0,15,5,14,0,0,9,15,8,4,29,2,7,2,1,0,6,3,1,0,17,2,0,1,0,1,22,13,0,0,1,0,10,4,5,11,37,2,3,9,5,0,8,1,0,1,10,1,14,0,0,5,1,30,0,0,24,0,12,0,0,7,0,5,1,2,0,9,12,19,1,1,1,6,17,13,8,5,1,1,3,5,0,0,3,2,3,2,25,2,0,12,3,1,5,0,13,0,2,0,0,0,59,5,0,0,26,0,12,0,0,4,1,1,20,0,3,8
3,0,2,6,0,20,8,1,0,18,0,11,3,0,4,6,2,9,0,2,6,9,3,1,2,11,0,2,5,7,28,1,3,0,4,0,1,11,14,0,6,2,1,6,8,0,9,6,0,11,7,0,2,10,0,12,4,1,4,0,5,5,8,5,0,8,6,1,5,2,21,0,3,6,0,0,5,3,15,9,1,15,0,0,10,0,0,0,12,15,4,7,9,5,6,0,1,2,2,0,3,9,10,18,0,8,13,0,2,3,22,5,9,0,8,0,15,11,1,26,4,0,6,6,1,0,0,11,3,3,0,0,9,11,5,0,8,13,3,1,4,8,2
6,58,3,35,2,19,24,47,3,8,3,5,1,25,20,58,3,9,0,2,1,5,49,30,3,2,0,5,8,5,2,4,10,0,52,4,0,1,7,0,103,13,1,7,32,1,7,155,42,68,55,1,1,63,2,2,6,1,6,6,11,4,6,1,5,42,36,1,42,3,6,13,26,32,5,5,0,38,1,14,25,6,3,8,29,0,3,9,55,17,14,19,2,1,12,2,2,33,2,1,1,3,5,37,0,14,36,7,17,26,7,9,27,0,60,0,14,2,0,15,55,0,27,26,25,7,1,35,1,33,61,10,17,3,24,47,26,159,6,6,10,18,0
5,26,5,13,3,7,18,53,0,5,8,7,1,3,14,38,4,4,5,0,0,5,33,17,2,16,5,1,5,6,8,3,4,2,40,1,12,2,20,0,17,0,0,0,25,0,2,33,18,36,17,0,1,40,0,2,8,0,2,0,7,2,5,2,0,25,8,2,21,5,25,9,13,1,1,3,38,0,6,10,12,0,1,3,9,0,4,1,39,13,7,13,1,0,1,0,1,11,1,0,0,5,3,30,0,5,7,4,16,23,8,2,44,0,26,3,14,2,1,9,24,1,59,9,22,7,3,1,1,11,17,17,7,9,16,35,4,24,0,1,10,7,1
12,2,0,2,25,6,0,2,4,1,6,0,17,0,0,1,6,15,3,14,11,20,3,2,4,15,15,16,7,3,14,7,9,9,1,7,2,21,8,5,0,16,4,7,4,11,3,0,0,1,0,3,1,0,16,6,2,8,4,10,29,25,3,9,13,4,2,4,7,6,11,4,1,4,30,15,1,6,0,6,0,13,0,15,6,2,8,2,2,12,2,0,16,1,8,5,3,0,8,2,16,25,10,9,0,0,4,1,0,0,4,7,7,20,4,0,10,16,26,6,3,2,16,12,1,0,10,13,9,0,0,0,0,2,0,0,9,1,26,15,3,8,17
9,0,2,7,7,14,1,0,0,13,2,11,31,0,8,8,0,10,0,4,3,13,13,10,0,45,8,19,15,4,15,40,19,1,1,14,8,10,6,0,12,19,0,15,5,3,18,5,2,8,18,0,26,0,20,1,1,7,3,8,15,5,10,3,5,3,3,0,7,2,36,2,9,36,0,9,14,10,6,0,5,20,0,4,2,0,2,1,11,8,14,5,6,11,10,10,3,5,11,6,2,10,4,21,0,18,5,0,2,0,2,2,7,3,6,0,37,7,2,30,4,1,5,7,4,0,10,16,17,1,0,7,7,37,1,0,13,14,6,13,9,7,26
0,11,0,6,0,1,2,30,0,1,0,1,0,37,11,16,0,1,0,0,0,0,31,10,1,7,0,0,0,1,1,0,2,0,9,0,2,0,3,0,17,0,0,1,19,0,0,14,19,26,11,0,0,5,0,0,9,0,2,0,3,0,5,0,0,1,24,0,1,0,6,5,8,7,0,1,25,12,0,5,0,1,5,0,7,0,0,19,0,9,1,11,0,0,2,0,0,7,0,0,0,0,3,10,0,13,0,6,6,10,0,0,1,0,13,0,8,0,0,8,6,0,0,1,5,9,0,1,0,9,19,2,9,0,8,13,1,4,0,0,2,2,0
8,2,14,2,14,10,1,0,21,2,10,0,4,0,2,3,7,2,17,8,11,12,1,2,10,7,18,16,4,4,2,8,12,25,0,34,0,6,2,0,2,16,2,0,0,51,5,1,0,0,1,12,15,0,3,0,1,9,13,18,5,10,6,7,8,1,1,28,9,1,9,7,1,32,24,15,6,0,13,20,1,0,2,12,3,11,6,2,2,2,27,5,16,13,25,3,15,1,3,9,29,14,11,5,6,1,4,1,0,0,2,2,3,14,3,0,32,10,7,15,0,9,1,19,0,0,9,25,15,2,0,14,0,7,1,0,6,13,6,26,2,7,28
0,7,0,0,0,0,0,2,2,0,0,0,0,2,4,2,0,0,0,0,0,0,7,3,0,6,0,0,2,1,2,0,1,0,10,0,3,0,1,0,4,0,0,3,1,3,0,7,8,1,3,0,0,1,0,0,2,0,0,1,1,0,0,0,0,1,0,0,0,0,2,0,3,0,0,0,3,1,0,0,5,2,0,0,5,0,2,2,0,7,0,0,0,1,2,0,2,1,0,0,0,0,0,0,0,0,2,2,1,1,0,1,0,0,1,0,2,0,1,0,4,0,3,0,2,0,0,0,0,0,7,0,1,0,0,20,9,1,0,0,2,1,0
39,1,16,10,10,7,0,0,19,1,4,0,0,0,0,7,40,7,21,15,9,3,2,0,6,16,24,3,19,0,2,16,39,4,0,10,0,1,0,1,1,13,20,1,1,35,10,0,0,3,5,0,38,0,6,5,0,18,6,38,4,12,7,11,3,5,0,3,3,0,6,10,1,18,12,0,8,3,15,4,0,12,0,0,0,15,4,1,20,1,13,1,13,10,14,20,5,0,10,39,5,9,7,1,8,3,2,0,0,0,2,2,4,3,2,0,4,16,2,3,0,4,2,7,1,0,32,60,14,0,0,31,0,9,1,0,8,2,8,15,1,3,6
0,10,0,11,4,3,4,14,0,9,0,7,0,9,16,16,0,2,0,0,1,1,9,36,0,0,0,0,1,3,12,1,0,0,16,0,10,2,17,0,19,0,0,1,5,0,0,24,14,20,24,0,4,7,0,5,10,0,1,0,4,5,6,0,0,23,14,0,7,2,8,6,16,3,0,10,29,9,6,2,7,3,5,0,0,0,1,3,13,6,11,3,0,0,5,0,0,10,0,0,0,6,3,10,0,12,4,1,11,12,6,8,7,2,8,0,3,2,6,11,11,2,5,6,10,3,2,0,2,19,8,0,16,1,3,1,18,22,6,0,10,17,1
7,0,5,0,9,0,0,0,9,0,3,0,1,0,0,0,7,1,31,33,9,0,0,0,6,1,33,19,0,6,0,0,16,19,0,9,0,0,1,6,2,1,9,0,0,16,1,1,0,1,0,19,7,0,4,0,0,0,0,12,3,5,12,21,2,1,0,18,2,0,1,11,0,5,0,0,0,0,2,0,0,11,0,15,0,0,0,0,2,0,5,0,9,0,3,7,12,0,5,7,1,8,2,0,19,1,0,0,0,0,2,0,1,44,0,0,3,11,5,0,0,6,0,1,0,0,9,7,22,0,0,0,0,7,0,0,9,0,14,22,0,0,16
1,0,1,2,5,2,4,0,0,14,3,1,8,0,0,0,9,1,0,1,0,21,3,1,2,2,7,0,3,1,2,2,10,7,1,3,1,16,3,0,0,4,0,9,0,1,4,2,0,2,0,10,12,0,3,1,7,7,7,12,8,9,10,5,5,0,0,3,3,7,4,8,4,3,7,0,3,4,8,2,0,6,2,4,1,0,0,0,3,0,0,1,9,9,3,0,6,0,0,2,12,15,3,4,0,6,11,0,0,0,5,4,1,3,4,0,0,11,34,7,1,6,2,7,0,0,6,3,5,0,0,15,0,1,0,0,2,4,13,21,1,15,19
0,3,0,0,0,2,12,20,1,4,0,2,0,0,9,1,0,0,0,0,0,0,11,3,0,1,0,1,0,0,4,0,0,0,3,0,12,0,13,0,5,0,0,12,3,0,5,6,5,1,15,2,0,0,0,0,7,0,0,3,2,4,0,2,0,2,7,0,5,0,3,0,7,2,0,0,9,1,2,1,19,2,2,1,3,0,0,0,0,0,5,4,1,1,0,0,0,4,0,0,0,1,10,13,0,3,1,0,3,16,8,18,2,0,14,0,3,1,0,6,9,0,2,4,4,0,0,0,2,0,1,0,26,1,15,0,3,4,5,0,7,7,0
5,5,8,25,1,24,28,2,1,11,1,4,0,0,5,15,5,6,0,0,0,3,27,1,3,19,4,4,12,11,26,2,2,0,0,11,7,7,27,0,13,10,4,3,6,0,6,3,6,24,24,0,13,2,5,6,3,11,5,1,16,2,17,5,0,40,25,3,26,15,16,9,6,13,5,12,55,39,2,11,0,2,0,20,13,2,3,0,0,32,14,13,3,2,6,0,2,20,0,12,0,0,3,10,3,8,21,0,10,11,12,1,51,6,11,0,12,16,0,6,5,0,40,6,10,0,0,13,2,13,0,10,8,4,1,0,11,11,14,11,3,21,2
3,4,0,23,0,11,5,0,0,15,6,6,0,0,3,6,0,1,0,0,0,4,6,9,0,8,2,5,3,12,7,0,11,0,17,0,9,3,17,0,5,0,0,2,11,0,7,8,2,16,17,2,0,9,0,0,2,0,8,1,3,2,2,0,0,7,5,0,38,3,8,2,9,1,1,15,17,13,12,8,9,2,7,1,6,0,0,0,32,0,8,7,0,0,5,0,0,16,0,0,0,14,2,8,0,7,16,8,2,0,8,17,17,0,16,0,4,7,0,5,1,2,21,8,1,0,0,0,4,2,0,4,4,5,8,4,4,18,2,0,11,3,1
3,0,1,5,1,5,5,0,4,2,3,0,4,0,0,8,11,2,6,6,4,10,8,0,19,10,3,2,11,6,0,5,27,5,2,12,1,5,7,7,7,5,3,1,2,4,1,0,1,1,3,7,5,0,6,0,4,5,6,5,17,7,31,10,7,4,3,5,5,4,17,7,3,21,2,4,14,7,2,14,1,27,0,13,11,5,0,5,14,8,0,3,6,1,18,6,4,0,4,2,1,4,4,4,4,6,11,0,1,0,11,9,10,1,5,0,1,2,2,12,0,2,10,10,1,0,4,11,7,2,6,4,1,42,0,0,16,2,11,7,0,2,6
3,16,1,2,0,9,8,5,0,0,0,5,3,4,11,10,0,0,0,0,0,1,20,19,0,1,1,1,4,4,11,1,0,0,5,0,5,1,12,0,3,0,1,0,2,2,3,6,1,6,11,1,0,0,0,2,22,0,6,0,3,2,0,1,0,4,9,0,2,1,2,3,6,2,0,7,19,13,0,5,11,5,0,1,3,0,1,4,13,7,3,0,0,0,0,0,0,9,0,0,0,1,2,4,0,8,9,2,8,2,9,3,2,0,7,0,0,0,0,7,1,0,6,4,2,5,1,0,2,7,1,1,15,0,14,5,6,12,0,0,5,7,0
28,0,5,1,7,0,0,2,14,6,21,1,14,0,1,0,8,22,0,14,3,9,3,1,3,0,7,4,19,3,4,9,40,9,0,7,0,9,0,0,0,8,2,9,0,26,12,2,0,0,3,7,11,0,25,10,3,1,6,7,12,15,10,17,29,0,8,2,1,6,5,3,2,5,9,9,2,1,16,6,0,16,0,13,0,9,9,1,3,0,6,0,0,14,12,15,25,0,7,21,7,6,8,0,7,5,2,0,0,0,1,9,0,20,1,0,4,18,15,0,0,13,1,3,1,0,13,11,20,0,0,7,0,8,2,0,4,0,11,18,0,5,28
2,1,0,0,0,2,2,1,2,2,7,6,16,0,2,0,10,6,0,4,23,7,1,0,1,9,8,5,10,4,1,7,4,21,0,7,1,5,1,6,0,3,6,7,3,6,4,1,0,1,2,4,0,0,4,9,1,8,4,1,21,12,2,3,3,0,1,0,2,1,5,0,0,2,12,5,1,0,1,11,0,13,1,10,0,0,9,1,2,0,1,0,14,0,4,34,15,0,4,9,2,5,10,4,4,1,7,1,0,1,0,6,2,5,0,0,6,4,12,7,0,6,2,0,2,0,9,12,31,0,2,1,2,14,0,0,3,0,12,2,0,1,7
11,1,16,5,9,16,1,1,11,3,17,1,11,0,4,0,23,9,18,1,3,11,2,0,7,5,19,12,6,3,9,3,27,9,0,8,5,15,1,1,1,20,1,7,1,10,39,0,2,3,3,1,9,0,6,3,2,7,14,28,21,3,15,6,14,12,3,4,4,4,30,19,1,33,19,6,12,1,8,10,2,25,2,14,5,3,3,0,6,5,18,0,12,4,0,8,13,0,2,4,11,9,19,3,0,8,0,4,0,3,4,1,12,8,10,0,5,6,7,16,0,8,5,23,4,0,0,57,5,7,0,7,11,3,0,0,10,10,10,28,5,20,3
23,0,1,1,4,1,1,1,10,0,6,0,1,0,0,0,16,27,1,7,11,13,3,0,0,0,12,7,6,4,7,9,54,38,0,3,1,1,0,4,0,27,10,12,1,8,8,0,0,0,0,2,17,0,16,0,0,1,0,11,18,9,5,22,0,2,2,1,0,0,0,1,0,3,1,0,2,0,5,10,0,3,0,20,0,7,0,0,0,0,6,0,15,34,8,0,1,0,35,0,1,38,7,1,24,0,0,0,0,0,0,1,0,11,0,0,2,7,10,2,0,10,0,7,0,0,17,11,39,0,0,2,0,2,0,0,4,1,30,10,0,0,21
4,0,2,0,1,2,2,0,1,1,3,0,11,0,1,0,4,2,13,13,16,1,0,0,2,2,4,3,1,10,8,3,7,2,0,20,0,3,0,0,1,4,2,3,0,8,4,1,0,0,1,18,5,0,2,3,1,1,5,1,6,5,4,6,6,0,0,10,3,5,2,4,0,4,1,1,2,1,3,3,0,15,2,5,0,12,6,0,2,0,4,0,25,15,13,1,0,0,9,0,5,0,25,2,19,4,0,0,0,0,5,0,0,22,3,0,2,8,3,4,0,12,1,1,0,0,14,2,12,0,0,1,0,13,0,0,4,1,15,2,0,2,4
1,27,0,28,0,7,11,16,0,5,0,5,0,2,4,22,0,0,0,0,0,0,8,17,0,0,0,0,3,0,0,0,0,0,6,0,0,1,23,0,23,0,0,0,12,1,3,10,17,15,18,0,0,7,0,1,0,0,1,0,1,1,0,0,0,14,3,0,8,2,8,4,5,2,1,2,33,11,0,5,7,1,1,0,10,0,0,4,20,16,0,9,0,0,0,0,0,0,0,0,0,0,0,2,0,6,8,0,23,7,2,0,18,0,6,0,2,1,0,2,23,0,14,1,9,4,1,0,1,16,0,0,9,0,25,14,16,30,0,0,5,4,0
3,0,9,0,1,0,0,0,2,1,14,0,29,0,1,0,6,7,0,12,7,2,2,0,0,0,18,12,4,0,1,1,60,19,0,2,0,6,0,23,0,0,4,6,0,15,2,0,0,0,0,7,11,0,2,3,0,6,2,0,12,33,18,6,7,0,0,3,0,1,7,1,0,10,6,2,2,1,8,11,0,3,0,10,0,5,0,0,0,0,4,0,7,4,2,35,9,0,0,1,4,4,3,1,78,1,0,0,0,0,0,2,0,17,2,0,6,4,22,0,0,8,0,0,1,0,38,14,15,0,1,13,0,28,0,0,8,0,4,0,0,2,11
12,0,20,1,3,3,0,0,9,0,6,0,8,0,0,0,8,8,7,14,8,7,1,2,3,3,14,24,9,0,3,6,19,8,0,14,0,9,0,3,0,14,7,2,0,10,3,0,1,1,0,25,13,0,13,0,0,9,6,22,0,5,4,11,8,0,1,24,1,1,0,18,0,1,17,0,1,0,2,6,0,9,0,39,0,7,2,0,12,0,2,0,21,9,4,0,0,0,1,0,13,5,5,3,20,0,1,1,0,0,0,3,4,9,0,0,0,0,5,3,1,6,1,5,0,1,2,15,8,0,0,12,0,1,0,0,2,0,8,28,4,0,11
37,0,3,0,4,1,0,0,31,0,9,0,6,0,0,1,22,0,54,10,12,3,4,3,4,3,29,36,5,0,3,3,13,15,0,16,0,6,0,0,0,8,5,0,0,35,5,0,0,1,0,45,2,0,8,0,0,4,0,19,3,2,4,19,6,0,2,1,5,0,0,12,0,3,13,3,1,0,16,2,0,29,0,5,0,1,12,0,0,0,1,0,7,2,11,1,5,0,4,13,0,5,5,0,6,0,0,0,0,0,0,0,1,8,0,0,0,16,8,3,0,4,1,0,2,0,1,12,3,0,2,16,0,0,0,0,5,0,12,23,0,0,24
10,0,0,5,6,5,2,0,4,4,10,1,2,0,3,2,34,4,7,3,3,12,3,0,1,8,11,34,1,4,19,5,9,10,0,9,9,7,3,1,0,4,4,4,0,13,17,3,0,2,0,8,9,0,16,6,1,2,11,11,8,11,8,6,6,2,0,12,3,3,9,10,0,9,8,9,3,5,25,10,0,14,0,9,6,8,15,1,0,14,4,1,6,5,9,38,0,0,4,5,5,0,15,11,1,2,5,0,1,2,5,3,6,6,1,0,23,9,10,6,0,2,4,7,1,0,6,7,8,1,0,2,3,8,2,0,5,1,3,5,0,13,4
8,3,7,2,2,2,7,2,8,8,2,6,10,0,5,1,12,3,0,3,14,34,6,3,3,11,10,15,15,7,21,2,27,3,2,17,9,11,0,0,1,7,4,13,0,15,29,0,1,1,6,6,6,0,2,8,0,6,10,13,20,21,9,2,1,5,11,2,11,7,24,8,2,12,5,10,5,3,10,4,3,11,0,7,3,2,3,10,3,2,4,2,8,10,19,7,25,0,3,5,5,15,0,14,4,11,3,4,0,4,26,4,13,1,5,0,15,25,1,3,3,3,8,20,2,0,7,35,7,0,0,13,1,20,0,0,15,8,8,7,1,1,8
1,16,5,15,0,14,8,13,2,13,0,17,2,4,27,32,1,5,1,0,3,1,30,25,6,6,3,0,5,9,14,4,6,2,9,0,12,5,40,0,10,3,0,10,6,1,5,28,7,27,17,4,0,10,0,8,15,2,2,1,4,1,5,0,1,19,17,3,14,6,4,5,7,8,1,18,37,30,9,21,10,5,0,1,10,0,4,13,10,8,4,4,0,4,3,1,2,2,1,3,0,11,14,0,0,19,24,0,4,15,13,19,14,1,26,0,14,8,5,22,4,6,7,16,12,4,1,2,3,4,5,1,14,4,11,2,10,39,3,5,7,7,3
6,0,0,0,14,0,0,0,8,0,0,0,7,0,0,0,9,0,30,16,7,6,1,0,0,0,10,0,0,0,0,1,16,30,0,16,0,1,0,5,0,0,6,0,0,25,0,0,0,0,0,2,2,0,35,0,0,1,0,22,2,8,0,19,0,0,1,15,0,0,0,12,0,0,1,0,0,0,0,0,0,6,0,8,0,19,0,0,3,0,4,0,7,4,0,24,19,0,78,20,6,1,4,0,0,0,0,0,0,0,0,0,1,34,0,0,0,2,1,4,0,12,0,3,0,0,15,18,18,0,0,13,0,2,0,0,4,2,23,1,0,0,1
0,13,0,5,3,1,8,11,1,6,0,14,1,11,13,15,1,4,3,0,0,1,13,34,6,22,2,4,9,6,16,8,0,2,0,1,8,4,20,0,10,7,3,8,6,2,6,8,11,15,12,0,5,1,3,12,11,1,1,1,17,1,6,5,0,2,9,1,20,9,6,4,5,9,3,8,14,5,0,18,13,1,0,3,12,1,6,3,8,7,6,8,5,1,8,0,4,6,1,0,0,2,11,19,0,0,9,2,4,10,9,7,8,0,6,0,7,5,0,11,3,0,3,7,22,0,1,0,2,12,2,0,23,2,7,9,3,15,5,1,6,5,1
2,5,0,12,1,16,4,2,1,9,1,8,6,0,8,13,1,7,0,0,0,4,10,8,3,16,3,0,14,6,35,2,0,0,0,0,17,6,9,0,1,5,0,3,3,0,1,11,5,3,12,0,8,0,2,4,7,2,3,0,16,1,4,2,0,16,4,0,15,1,3,12,7,6,5,13,36,7,4,5,0,4,2,2,4,0,11,1,21,16,11,9,2,7,0,0,0,8,0,1,0,5,3,24,0,9,0,2,0,5,0,6,27,0,17,0,13,3,0,16,7,1,4,29,2,1,0,2,9,3,0,1,6,4,7,0,14,21,14,0,5,12,2
0,3,1,19,1,1,1,0,0,1,1,0,0,0,2,2,0,0,0,0,0,2,10,0,1,3,0,0,4,0,1,0,1,0,9,0,0,0,11,0,16,0,0,1,3,0,4,3,6,9,11,0,0,18,0,0,0,0,2,0,0,0,3,0,0,1,3,0,19,0,18,0,1,1,0,0,7,4,1,0,6,1,2,0,1,0,0,0,0,8,0,2,0,1,4,0,0,0,0,1,0,0,4,0,0,2,2,0,2,3,0,7,1,0,1,0,1,0,0,2,13,0,7,1,14,3,0,6,0,23,10,0,0,0,1,6,3,17,0,1,1,4,0
0,13,0,15,0,6,7,16,0,1,0,6,0,2,9,3,0,1,0,0,0,0,19,3,0,1,0,0,1,2,2,0,0,0,17,0,9,0,8,0,44,0,1,2,12,0,0,17,8,23,29,0,0,11,0,3,8,0,1,0,2,1,2,0,0,5,18,0,3,0,13,0,14,0,0,2,17,16,0,2,6,0,1,0,11,0,0,3,10,2,1,8,0,0,0,0,0,23,0,0,0,1,0,4,0,4,0,2,0,13,4,1,14,0,9,0,5,1,0,0,7,0,6,5,14,4,1,0,1,10,10,0,3,0,14,9,5,8,1,0,4,1,0
0,4,0,2,0,2,4,13,0,4,0,9,0,1,9,13,2,3,0,0,0,0,12,6,0,6,0,2,0,14,15,5,1,0,14,0,1,0,7,0,19,0,1,6,21,0,18,5,10,34,5,0,3,0,0,1,7,1,13,1,1,6,6,0,0,3,5,0,5,0,1,2,6,2,3,3,26,23,0,0,10,0,1,0,12,0,0,16,11,0,0,2,0,1,3,0,0,7,0,0,0,2,4,15,0,10,5,3,13,0,23,22,5,0,7,0,1,2,0,8,3,0,3,16,17,33,1,2,0,11,0,0,10,2,12,10,3,2,1,0,8,4,0
1,5,0,4,10,5,23,2,0,4,2,3,0,0,11,5,0,8,0,0,25,5,11,7,4,2,0,1,2,17,7,1,12,0,4,3,27,5,19,0,9,0,0,10,18,0,1,7,9,8,18,0,0,0,0,25,11,2,2,1,16,2,5,2,0,8,9,0,6,3,5,6,6,0,2,22,7,8,4,2,0,2,0,2,6,2,5,8,12,8,11,9,1,0,4,0,5,2,0,0,0,5,26,13,0,9,0,0,4,23,0,9,3,2,19,0,4,7,2,15,5,2,5,5,9,1,2,0,3,1,0,1,24,10,14,0,10,17,8,0,8,6,0
1,12,0,2,1,1,1,2,0,7,9,4,0,0,1,2,1,2,0,0,6,2,8,2,0,2,0,0,7,11,26,1,6,1,2,2,10,2,5,0,6,0,0,10,0,0,12,9,1,6,7,0,1,0,0,0,4,1,7,1,15,4,4,8,1,1,5,1,5,0,4,1,3,1,3,5,9,2,7,2,0,2,1,2,8,0,4,18,1,17,9,3,9,6,1,1,0,0,2,3,0,3,4,19,0,7,6,7,1,22,9,0,4,0,6,0,10,3,10,13,0,0,6,5,6,0,5,0,0,0,5,1,10,2,3,0,5,0,5,0,4,3,0
2,14,2,13,0,4,11,1,3,17,2,0,3,0,19,3,0,15,0,0,1,2,7,8,3,48,0,4,7,14,16,2,6,1,9,0,11,2,9,0,8,6,1,0,2,0,20,10,17,15,10,0,7,5,1,1,7,3,5,1,5,2,15,0,5,21,4,2,38,5,13,3,1,20,2,9,27,44,7,7,1,3,0,4,7,1,1,2,51,17,10,2,0,2,12,0,0,18,0,4,1,6,13,14,1,8,27,1,14,5,3,4,0,1,31,0,8,2,1,9,1,1,23,19,9,7,1,14,1,20,0,0,9,3,14,8,11,26,3,10,9,12,0
13,0,4,1,3,0,1,0,6,0,7,1,2,0,0,0,1,1,20,41,15,5,2,0,5,0,17,4,1,2,1,6,24,23,0,14,0,6,4,12,0,2,1,3,0,53,6,0,0,0,0,8,2,0,11,1,1,8,4,11,2,6,4,56,7,0,0,27,0,1,0,7,1,2,25,0,0,0,20,3,0,14,0,3,2,44,3,0,6,0,1,0,20,5,8,11,22,0,17,9,8,6,1,1,34,0,0,0,0,0,2,0,1,0,0,0,0,0,9,2,0,12,0,4,0,0,19,13,3,0,0,3,1,3,0,0,8,0,2,5,0,0,12
5,7,4,20,1,9,29,6,0,17,2,3,0,0,21,17,1,10,0,0,0,2,21,8,1,7,0,0,6,10,9,3,2,5,9,0,12,4,23,0,38,0,0,12,11,5,6,8,8,26,34,0,5,5,0,5,17,2,4,0,8,5,7,4,1,36,22,1,28,0,14,13,14,1,2,8,60,26,4,6,13,3,1,2,8,0,4,14,11,16,5,7,1,0,10,0,3,6,2,0,0,1,5,26,0,6,17,1,9,7,19,6,31,0,0,0,8,2,0,7,3,0,5,39,3,0,0,4,6,7,0,1,22,3,5,0,12,31,11,3,21,11,2
0,0,0,1,0,0,0,0,0,0,0,0,0,0,0,0,0,0,0,0,0,0,0,2,0,1,0,0,0,0,1,0,0,0,1,0,0,0,0,0,2,0,0,0,0,0,0,2,0,0,0,0,0,0,0,0,0,0,0,0,1,0,0,0,0,0,0,0,0,0,0,0,1,0,0,0,0,3,0,0,0,0,0,0,0,0,0,0,0,0,0,0,0,0,0,0,0,0,0,0,0,0,0,0,0,0,0,0,0,0,0,0,0,0,0,0,0,0,0,0,0,0,0,0,0,1,0,0,0,0,0,0,0,0,0,0,2,0,0,0,0,3,0
10,5,9,4,7,18,4,0,1,15,6,14,6,0,4,1,2,9,0,1,1,10,10,14,1,21,4,19,7,15,8,5,22,0,0,7,3,11,10,0,11,20,8,3,17,9,4,4,0,7,3,1,6,4,0,4,8,3,0,2,30,2,19,8,11,13,8,0,15,4,25,10,6,3,12,15,14,14,10,37,8,32,2,4,3,3,0,3,12,4,1,0,4,6,5,2,2,2,6,0,0,23,15,14,0,7,13,1,5,1,4,10,8,0,8,0,0,15,0,6,0,0,5,1,3,1,0,16,7,0,0,1,14,16,9,0,4,5,3,10,2,13,12
14,0,6,0,1,3,1,1,5,3,11,2,8,0,1,0,16,10,0,3,16,3,7,0,7,17,10,6,6,3,20,8,28,7,1,2,2,9,2,1,2,4,21,6,3,13,11,2,0,2,1,3,9,0,5,6,2,4,18,6,29,13,15,0,7,6,1,3,4,3,10,16,0,10,3,11,2,2,16,7,0,10,0,16,2,11,11,1,16,7,2,0,18,4,6,7,8,1,4,0,16,9,25,8,2,5,3,0,1,2,7,3,2,0,2,0,15,0,30,3,3,13,6,5,0,0,16,27,13,1,0,16,0,16,0,0,1,1,26,6,0,7,11
19,0,1,1,31,1,0,0,19,5,2,1,3,0,0,0,2,9,59,6,23,16,4,0,0,0,31,26,9,0,0,3,17,23,0,28,0,15,0,9,0,5,13,2,0,2,4,0,0,0,0,11,19,0,3,7,0,9,5,6,15,5,16,5,6,1,0,7,8,1,1,4,0,1,1,1,0,1,26,2,0,7,1,2,6,5,34,0,0,0,2,0,15,12,7,10,3,0,22,5,8,10,1,5,1,0,0,0,0,0,2,10,1,9,0,0,0,30,0,0,0,6,2,1,0,0,7,0,7,0,3,1,1,14,0,0,1,1,5,6,0,4,12
3,1,0,10,4,10,6,6,1,20,0,20,3,0,5,4,6,4,1,4,3,12,6,6,18,3,5,5,3,10,14,6,10,1,10,4,11,9,19,0,9,5,6,11,4,6,18,3,0,10,16,3,3,2,1,17,10,3,16,2,14,4,9,3,3,15,12,2,4,2,3,12,11,7,5,26,15,9,6,30,8,15,0,3,11,0,7,6,6,5,12,7,0,7,16,2,4,2,0,3,3,6,3,22,4,11,16,2,0,8,15,13,9,2,7,0,6,3,0,0,2,2,6,9,1,0,2,8,8,5,0,3,2,7,1,0,14,23,15,1,7,17,1
0,22,0,15,0,1,7,16,0,2,0,0,0,4,6,17,0,0,0,0,2,1,17,3,3,2,0,0,0,1,5,0,0,0,12,0,8,2,28,0,24,1,0,4,10,1,0,22,17,15,32,0,0,22,0,4,1,0,5,0,0,3,2,2,0,10,20,0,3,1,8,0,17,2,0,4,55,24,3,4,6,0,4,0,11,0,1,9,5,1,0,1,0,0,0,0,0,23,0,1,0,0,3,4,0,3,7,13,7,3,5,0,1,0,3,0,0,3,0,2,0,1,0,0,12,8,0,0,0,9,18,7,2,0,4,4,9,13,7,0,6,2,1
14,0,0,1,3,0,2,0,9,0,10,0,13,0,0,0,7,8,20,21,24,4,0,1,1,0,25,5,5,0,2,7,45,23,1,4,0,15,0,1,0,5,14,4,0,21,8,2,0,1,0,3,11,0,11,2,0,6,0,8,2,4,3,11,11,1,5,1,4,2,1,1,3,7,13,0,0,1,2,1,0,9,0,4,2,6,6,0,0,2,2,0,13,6,8,10,12,0,8,6,4,2,3,6,12,0,1,0,0,0,2,0,1,12,0,0,0,13,6,2,1,0,0,0,1,0,8,3,9,0,0,2,1,12,0,0,10,1,6,23,0,1,47
2,8,1,23,1,7,21,2,0,11,4,5,0,0,2,0,2,4,0,0,3,1,24,2,4,29,6,0,6,6,11,2,3,2,2,0,15,3,7,3,6,25,0,5,4,1,29,1,0,10,6,1,3,4,0,1,1,7,2,1,11,2,5,0,16,17,11,0,14,2,17,5,9,7,0,6,27,59,16,5,0,1,3,2,5,0,2,2,40,21,10,6,1,2,5,0,1,14,0,1,1,4,8,7,0,3,4,7,6,3,5,6,23,0,5,0,5,6,2,6,0,0,0,2,1,0,0,24,5,2,10,14,0,16,5,0,6,62,0,4,4,11,7
5,1,11,30,7,19,12,1,10,13,5,4,6,0,2,4,40,2,0,0,1,13,8,2,9,18,9,2,19,2,11,4,13,3,2,1,2,13,14,3,17,51,10,4,5,1,25,5,1,4,11,4,6,1,8,2,0,13,15,6,11,4,10,5,0,23,8,1,27,4,22,22,2,10,2,6,26,9,12,7,1,19,0,7,6,1,7,4,6,8,10,4,3,0,23,7,1,1,0,5,0,7,20,16,3,7,29,1,5,16,5,5,19,4,39,0,1,5,1,9,0,0,2,0,3,0,2,14,5,4,0,17,51,3,7,0,17,23,3,11,2,19,3
3,14,0,6,0,12,14,13,0,0,0,9,0,1,12,5,1,2,0,0,0,1,14,11,0,1,2,1,0,2,4,3,0,0,4,0,6,0,3,0,12,0,1,7,10,0,2,9,26,20,25,0,0,27,0,2,9,2,0,0,1,0,0,0,0,3,5,0,8,0,4,1,5,2,0,1,25,22,1,4,5,0,2,1,10,0,0,4,10,1,1,2,1,2,4,0,0,9,1,0,2,1,2,12,0,22,2,14,14,17,9,6,9,0,3,0,3,0,0,1,12,1,1,3,0,10,0,0,1,44,7,0,6,1,13,22,11,7,4,0,4,4,1
0,16,0,3,0,0,0,10,0,0,0,1,0,3,3,10,0,0,0,0,0,0,10,8,0,0,1,0,0,0,0,0,0,0,2,0,0,0,5,0,17,0,0,0,12,0,0,15,9,9,18,0,0,8,0,0,0,0,1,0,0,0,1,0,0,2,1,0,0,0,0,0,15,0,0,0,7,7,0,0,9,0,0,0,3,0,0,0,0,0,0,5,0,0,0,0,0,4,0,1,0,0,0,4,0,0,1,3,4,33,1,0,7,0,0,1,1,0,0,0,8,0,0,0,10,0,0,0,0,10,5,0,0,0,2,9,9,2,0,1,2,0,0
10,0,2,1,10,0,0,0,6,3,15,1,15,0,0,0,4,5,4,19,16,12,7,1,0,1,3,14,10,0,6,2,9,6,0,2,0,5,2,0,1,0,2,0,0,14,4,0,0,2,1,7,3,0,2,1,0,6,0,20,8,14,2,3,11,0,1,5,1,0,2,3,0,8,0,0,1,3,10,10,0,9,0,32,2,9,6,0,0,0,4,1,13,9,0,17,14,1,38,2,1,6,7,1,15,1,0,0,1,1,2,5,1,19,0,0,0,16,7,2,0,8,0,2,0,0,0,10,18,0,0,1,0,0,1,0,1,8,12,9,0,2,14
20,0,58,2,18,10,1,4,39,6,23,2,7,0,1,2,20,7,6,5,3,43,15,0,13,4,16,19,13,1,7,17,141,4,1,34,0,25,2,0,4,36,23,3,8,32,53,7,0,2,14,2,32,5,8,17,3,29,8,48,3,19,35,10,20,6,24,4,3,1,29,28,1,40,59,11,35,1,13,16,1,25,0,60,0,7,3,0,13,0,11,0,11,12,57,11,2,0,14,15,12,7,35,2,18,0,2,6,0,2,0,0,14,13,4,0,16,27,0,8,0,3,24,14,0,0,10,0,8,0,0,52,2,23,1,0,9,3,23,54,1,5,19
13,1,7,0,3,4,5,0,14,3,5,4,5,0,2,0,9,4,24,16,4,10,1,2,0,3,34,3,1,1,13,4,20,19,0,0,0,6,2,11,0,5,4,4,0,4,10,0,2,2,1,7,5,0,15,4,4,7,5,32,5,8,24,5,31,0,0,11,3,4,0,2,2,14,5,3,1,1,9,17,0,15,0,14,2,22,5,2,2,4,7,2,20,31,5,39,12,1,15,8,3,8,7,3,18,2,9,0,1,0,3,0,1,3,6,0,7,13,7,8,0,9,5,5,1,0,18,8,0,1,0,1,0,16,0,0,3,5,16,6,0,1,23
0,10,0,20,0,3,1,7,0,2,0,0,0,18,4,13,0,0,0,0,0,3,16,11,2,2,0,0,4,0,1,2,2,0,14,0,1,0,2,0,17,1,1,3,13,0,2,24,17,15,15,0,0,26,0,0,7,1,4,0,2,3,5,0,0,6,9,0,3,4,8,0,17,0,0,3,33,11,0,1,9,2,0,0,19,0,0,0,13,2,2,7,0,0,7,0,0,16,0,0,0,1,0,4,0,12,3,23,10,11,1,0,20,0,7,0,0,1,0,5,9,0,2,4,44,10,0,0,1,0,7,1,0,0,10,14,8,9,0,2,5,3,0
0,17,0,21,0,0,0,9,0,0,0,0,0,1,4,15,1,0,0,0,0,0,15,23,0,0,0,0,0,0,0,0,0,0,19,0,0,1,7,0,12,0,0,0,4,0,0,4,13,27,29,0,0,72,0,0,5,1,0,0,0,0,0,0,0,0,10,0,1,0,0,0,9,0,0,0,61,17,0,0,19,0,7,0,8,0,0,1,0,0,6,1,0,2,0,0,0,0,1,0,2,0,0,5,0,2,0,10,10,0,0,5,0,0,0,0,0,0,3,0,18,0,10,0,7,5,0,0,0,7,0,0,1,0,4,18,2,11,0,0,4,2,0
9,1,27,2,7,17,2,0,7,0,5,2,1,0,1,2,5,8,0,2,0,5,8,1,6,10,1,3,5,8,0,2,52,4,3,43,1,3,0,0,1,2,0,3,2,24,11,0,0,4,1,0,10,0,10,0,0,16,7,19,12,10,2,6,0,6,0,2,9,7,6,10,1,7,26,0,10,17,0,7,2,14,0,31,0,0,15,0,10,4,4,1,7,1,7,2,1,0,13,12,16,2,13,1,13,0,1,0,0,0,1,1,0,3,1,0,1,16,1,3,7,2,14,17,0,0,1,52,1,1,0,0,0,9,0,0,3,0,2,13,1,1,18
1,0,0,2,1,4,6,4,0,5,0,1,1,0,22,5,0,0,0,0,1,0,5,9,1,9,1,0,1,2,25,1,0,1,1,0,9,3,23,0,6,3,3,12,1,1,4,19,4,4,13,0,0,7,1,7,69,0,1,0,5,2,2,3,0,7,5,1,4,0,5,4,9,1,0,9,17,7,0,7,9,0,1,0,16,0,0,26,8,4,1,15,0,2,11,0,0,9,0,0,0,3,1,14,0,23,6,0,3,10,24,10,9,1,22,0,14,0,1,2,2,1,0,51,6,0,0,2,0,0,1,0,0,2,6,0,9,15,2,0,4,3,1
4,2,1,0,16,8,1,1,5,3,8,2,19,0,5,2,23,5,15,6,5,7,2,1,10,8,25,19,9,2,7,3,16,1,0,4,2,6,1,0,0,12,1,8,2,12,6,3,0,1,8,0,7,0,5,17,0,1,2,18,16,21,12,10,10,6,0,3,4,0,7,6,5,2,12,11,3,9,2,37,0,7,0,9,1,7,1,1,4,5,42,0,8,14,3,2,13,0,28,1,0,8,20,4,2,2,4,0,0,2,10,2,3,3,3,0,16,16,14,7,0,12,16,3,1,0,0,23,16,0,0,9,2,0,0,0,2,0,6,22,1,1,21
1,17,0,1,0,8,13,3,0,3,0,1,0,0,4,16,0,4,0,0,0,0,15,7,0,9,0,0,1,5,3,1,2,0,1,0,5,0,9,0,10,0,1,11,9,0,2,10,2,14,23,0,2,4,0,0,1,1,9,0,3,1,5,0,0,5,12,1,3,0,4,0,14,0,0,5,24,16,0,1,8,1,0,1,3,0,0,15,1,8,0,14,2,0,0,0,0,25,0,0,0,2,0,11,0,7,7,1,14,12,14,3,14,0,5,0,9,0,0,1,4,0,5,7,13,2,1,1,0,10,4,0,6,0,0,10,13,5,3,1,16,2,0
0,21,0,19,0,0,0,12,0,0,0,0,0,0,0,6,0,0,0,0,0,0,14,7,0,0,0,0,0,0,0,0,0,0,5,0,0,0,5,0,24,0,0,0,17,0,0,9,26,22,35,0,0,13,0,0,0,0,0,0,0,0,0,0,0,6,19,0,2,0,0,0,17,0,0,0,47,35,0,0,13,0,20,0,1,0,0,0,0,4,0,5,0,0,0,0,0,14,0,0,0,0,0,2,0,9,0,6,9,10,0,0,8,0,0,0,0,0,0,0,4,0,0,0,22,9,0,0,0,14,18,0,0,0,10,0,3,0,0,0,3,1,0
4,4,6,24,1,5,6,11,5,5,1,3,2,9,16,1,2,4,0,0,1,4,8,7,1,4,2,2,2,10,9,2,27,3,7,1,0,0,6,0,14,2,7,14,7,7,21,7,23,14,22,7,9,2,3,35,5,3,2,1,12,8,20,1,4,5,21,5,13,3,4,5,7,11,4,8,26,4,9,13,1,6,9,8,18,9,2,3,11,4,16,6,4,3,10,4,4,16,8,2,5,5,15,10,4,3,14,3,5,3,10,5,11,8,12,2,4,1,1,14,9,10,6,17,11,9,1,9,3,8,2,3,9,2,13,3,0,35,2,7,1,8,4
1,9,3,29,0,11,8,11,0,2,2,20,0,0,10,31,0,1,0,0,11,1,30,7,1,1,0,0,6,7,16,9,0,2,6,0,11,2,5,0,51,1,2,5,8,0,5,6,8,17,32,1,1,10,0,6,1,3,6,0,9,6,11,2,0,54,28,0,45,0,10,17,6,13,1,13,159,24,1,14,4,13,1,2,22,0,4,4,11,18,2,12,0,0,10,1,1,30,0,0,0,1,8,39,2,15,21,17,8,2,17,0,26,0,31,0,5,1,1,23,13,1,62,23,7,2,8,3,5,9,11,0,15,0,5,0,35,0,2,1,27,34,7
29,1,9,3,21,10,5,2,7,5,15,4,7,0,2,0,33,6,18,20,11,16,6,4,4,7,23,29,11,2,13,6,8,13,0,1,4,8,10,2,4,6,15,11,1,3,3,8,3,2,2,9,17,0,11,5,9,8,6,9,29,5,2,12,27,2,6,3,1,4,2,10,2,5,1,3,6,0,26,6,0,6,0,8,6,14,13,5,14,2,11,0,11,12,10,30,15,0,4,8,12,3,8,3,23,5,14,0,1,1,8,5,3,2,11,0,3,26,5,15,7,6,0,3,4,0,12,23,16,0,0,2,2,6,3,0,2,2,0,11,0,4,10
38,0,7,1,14,5,1,3,18,2,2,0,16,0,0,4,31,12,42,6,15,40,2,0,7,3,30,33,14,1,2,18,27,14,2,9,1,13,0,0,7,37,8,0,4,16,8,0,0,0,0,0,17,0,4,0,1,6,13,51,4,9,27,12,10,5,0,1,0,1,21,14,0,9,20,1,6,1,15,13,0,26,0,15,0,22,21,0,11,0,7,0,18,2,28,10,2,0,0,28,23,5,7,5,1,1,0,1,0,0,0,0,10,5,3,0,10,6,6,1,0,23,4,11,0,1,9,54,6,2,0,13,0,22,1,0,7,1,11,0,3,6,23
0,19,3,23,0,11,13,3,0,3,0,1,0,4,8,16,2,0,0,2,0,1,17,8,2,3,0,0,3,1,10,1,1,0,16,0,5,1,1,0,7,0,1,3,8,0,7,8,1,1,19,0,1,4,0,1,7,1,1,0,1,0,9,0,0,13,10,0,6,0,2,0,7,2,0,4,10,10,3,9,2,2,2,1,10,0,1,7,3,11,0,5,0,0,5,0,0,5,0,4,0,0,1,7,0,6,5,1,4,8,8,4,9,0,21,0,2,0,0,7,6,0,4,2,4,2,0,1,0,5,4,1,4,1,16,3,1,27,0,3,0,5,0
5,5,1,16,3,16,23,2,0,4,0,7,1,0,10,4,1,2,0,2,1,18,10,5,0,8,4,3,7,0,12,3,3,0,3,0,3,14,14,0,5,7,3,2,8,4,27,2,3,4,11,0,9,1,3,0,6,0,6,0,9,2,16,0,1,22,17,0,16,4,3,8,4,2,3,8,18,7,8,7,2,7,1,3,17,0,15,7,21,3,2,7,5,1,20,0,2,4,2,0,0,13,1,7,0,5,12,4,1,4,6,3,12,0,11,3,13,7,4,17,2,1,11,19,4,0,2,5,1,3,2,1,3,1,2,1,8,34,4,6,5,0,4
8,0,12,0,9,1,1,0,11,0,26,0,16,0,0,0,3,5,5,57,16,16,0,0,6,1,26,12,1,6,3,6,16,23,1,32,16,3,2,9,0,19,4,1,5,25,3,1,0,2,1,17,4,0,17,4,8,8,10,19,16,13,11,1,8,3,4,9,10,0,8,15,1,17,8,2,0,1,17,26,0,28,0,6,1,16,19,0,2,1,6,0,28,7,3,21,4,0,11,11,24,4,8,3,1,1,2,0,0,0,0,0,0,12,2,0,12,11,12,1,1,47,7,3,1,0,14,19,23,0,0,18,1,21,0,0,4,7,10,23,0,4,0
