Ant57,Ant5,Ant52,Ant59,Ant929,Ant6,Ant25,Ant26,Ant30,Ant74,Ant99,Ant102,Ant148,Ant191,Ant196,Ant209,Ant245,Ant268,Ant308,Ant620,Ant646,Ant673,Ant13,Ant20,Ant27,Ant29,Ant32,Ant40,Ant43,Ant50,Ant55,Ant62,Ant66,Ant68,Ant71,Ant81,Ant91,Ant97,Ant100,Ant105,Ant111,Ant113,Ant114,Ant126,Ant135,Ant139,Ant142,Ant156,Ant159,Ant169,Ant170,Ant174,Ant195,Ant198,Ant207,Ant218,Ant226,Ant229,Ant242,Ant243,Ant250,Ant255,Ant256,Ant261,Ant263,Ant294,Ant305,Ant318,Ant320,Ant332,Ant334,Ant342,Ant347,Ant353,Ant376,Ant387,Ant391,Ant437,Ant492,Ant549,Ant580,Ant592,Ant607,Ant614,Ant632,Ant638,Ant650,Ant663,Ant665
0,1,0,3,21,6,4,15,1,1,2,15,2,3,3,1,4,8,0,2,62,4,2,10,5,2,0,1,3,8,0,2,0,2,0,2,5,3,32,2,20,64,3,1,3,2,2,0,4,1,30,4,4,23,4,12,3,11,27,0,20,3,9,2,1,7,1,9,15,37,3,21,0,1,0,1,0,12,5,8,2,18,3,8,2,11,45,2,1
1,0,1,32,1,0,0,0,3,1,0,1,1,5,4,3,10,0,2,0,0,36,0,0,0,6,15,18,3,0,0,4,7,4,1,0,12,1,1,12,6,0,2,8,0,0,6,0,1,2,3,2,0,0,1,2,2,0,4,4,0,6,1,10,0,0,7,0,1,2,0,1,0,0,9,4,6,1,0,1,2,0,3,0,1,3,0,2,21
0,1,0,7,2,1,0,4,4,12,3,1,5,2,7,7,5,4,7,0,1,4,2,7,5,2,3,6,5,7,0,3,5,1,4,3,4,1,8,9,6,3,0,4,0,0,4,0,3,1,9,2,5,3,1,14,22,5,9,2,0,8,0,5,5,2,6,0,1,2,5,4,0,8,0,0,3,2,1,2,7,1,2,2,0,4,8,8,0
3,32,7,0,2,2,8,4,6,15,0,0,12,24,11,8,12,0,8,0,0,66,0,8,2,16,15,21,1,34,0,5,10,4,7,7,10,4,16,14,3,1,2,32,0,0,9,0,2,4,4,1,0,0,1,3,6,1,6,13,0,31,0,15,6,12,29,2,2,0,15,2,0,21,2,3,2,4,2,4,9,0,9,7,9,7,2,3,23
21,1,2,2,0,0,27,43,9,6,14,9,4,6,10,15,15,25,27,2,1,14,28,11,3,5,14,3,51,37,0,0,2,12,2,23,0,71,9,6,70,6,167,16,49,0,0,0,32,4,10,2,32,1,159,17,1,15,31,6,33,7,8,1,9,11,1,2,7,14,1,24,0,0,3,0,11,9,13,35,12,18,11,105,67,7,25,118,15
6,0,1,2,0,0,0,5,1,0,12,2,1,1,5,1,1,7,3,8,12,1,2,13,1,1,1,2,0,9,3,2,0,1,0,2,0,9,0,1,6,14,0,0,4,5,0,1,0,0,9,0,8,5,0,8,4,1,2,0,2,0,12,0,0,6,2,5,10,4,2,4,5,0,0,0,0,5,4,2,4,20,0,8,4,0,7,4,1
4,0,0,8,27,0,0,10,6,8,0,4,1,7,14,14,10,7,9,3,2,5,9,6,6,0,3,6,11,7,0,0,2,10,12,0,0,7,17,3,5,2,5,8,1,0,0,0,5,9,7,3,0,1,6,5,0,0,7,16,0,11,0,0,1,7,5,0,1,0,0,16,0,0,8,1,2,2,11,4,10,0,23,1,11,13,13,3,7
15,0,4,4,43,5,10,0,8,0,0,4,0,0,6,2,10,16,48,46,11,2,6,8,1,1,4,3,15,11,6,0,0,8,1,4,0,20,15,1,42,15,31,1,27,1,10,25,21,5,11,0,16,2,29,16,3,14,22,6,15,5,9,4,1,8,0,16,28,6,2,12,5,1,5,1,9,8,7,13,5,17,5,29,31,6,22,22,8
1,3,4,6,9,1,6,8,0,7,4,0,3,9,25,4,7,3,5,0,1,5,4,8,7,2,3,6,6,16,0,5,7,7,2,9,4,4,8,15,10,2,5,21,3,0,0,0,4,11,6,2,3,2,8,7,8,10,10,7,2,1,0,1,7,6,5,1,6,7,1,6,0,0,3,0,3,10,4,0,20,4,8,7,2,3,4,5,34
1,1,12,15,6,0,8,0,7,0,0,0,1,8,1,1,7,4,9,0,2,9,3,6,7,11,8,1,3,16,0,0,2,7,7,4,0,0,16,6,3,1,0,6,0,1,0,0,1,12,9,4,0,1,1,10,0,2,9,8,0,4,2,1,3,4,6,1,2,11,1,12,0,17,2,8,8,0,2,0,1,6,5,2,1,2,3,9,11
2,0,3,0,14,12,0,0,4,0,0,21,2,1,1,0,2,6,4,0,8,7,4,6,0,0,0,8,0,9,5,0,1,4,1,2,0,19,2,4,20,5,34,0,7,1,0,17,10,0,8,0,20,9,8,8,1,8,6,0,4,0,19,0,0,2,0,0,0,7,0,6,5,0,9,0,5,6,3,22,7,10,1,27,26,0,9,0,8
15,1,1,0,9,2,4,4,0,0,21,0,1,0,5,0,4,6,3,5,13,0,2,10,1,0,0,0,3,5,8,0,0,5,0,1,0,7,2,0,16,8,26,3,8,32,0,10,2,5,2,1,6,7,15,12,3,14,4,3,4,2,13,1,2,4,2,10,1,8,0,15,1,0,2,3,9,7,4,11,1,9,5,11,18,0,5,4,4
2,1,5,12,4,1,1,0,3,1,2,1,0,5,33,11,17,3,6,0,0,12,2,0,7,1,2,24,2,21,0,6,2,11,2,0,1,0,1,11,4,2,4,2,0,0,1,0,1,0,22,5,16,0,0,15,4,0,4,5,4,1,0,0,4,15,0,3,2,1,0,3,0,0,0,0,9,48,6,2,29,0,0,3,1,1,1,1,5
3,5,2,24,6,1,7,0,9,8,1,0,5,0,13,15,14,0,7,0,14,23,0,9,6,4,0,7,1,18,0,12,20,16,4,5,0,3,14,12,4,7,3,16,1,2,0,0,3,5,7,40,2,0,0,11,5,3,4,4,1,34,4,3,3,4,8,0,1,2,6,2,0,2,16,19,13,14,8,2,6,1,8,5,2,7,2,6,2
3,4,7,11,10,5,14,6,25,1,1,5,33,13,0,3,24,9,8,0,1,11,10,7,7,0,0,29,8,32,0,0,4,9,1,9,0,13,1,11,8,1,4,3,0,2,0,0,4,2,4,0,5,0,0,12,8,3,13,3,6,5,2,1,5,14,0,2,3,2,0,5,0,4,7,0,11,45,10,0,44,4,5,3,10,1,9,2,17
1,3,7,8,15,1,14,2,4,1,0,0,11,15,3,0,11,6,2,2,3,13,0,6,1,2,8,4,2,6,0,1,3,10,0,3,0,1,6,13,5,8,1,1,1,0,0,0,10,3,10,1,3,0,10,11,23,0,3,9,6,1,1,3,8,0,6,0,1,6,7,7,0,5,2,0,11,1,2,5,3,7,12,1,0,14,4,2,2
4,10,5,12,15,1,10,10,7,7,2,4,17,14,24,11,0,6,11,0,7,23,11,5,3,1,6,20,8,26,0,2,0,8,1,2,5,17,11,7,15,6,5,6,1,0,4,0,5,8,9,3,7,2,16,14,3,8,8,4,2,18,2,8,6,13,0,2,7,7,1,6,0,0,1,1,3,12,6,8,38,7,13,6,4,11,12,20,26
8,0,4,0,25,7,7,16,3,4,6,6,3,0,9,6,6,0,11,11,1,6,16,7,1,0,2,8,2,16,0,3,5,2,2,2,1,17,9,5,13,6,15,4,5,0,6,0,6,12,13,0,6,2,10,11,0,5,2,2,2,2,4,7,2,1,5,1,0,8,4,18,0,0,2,1,11,18,4,18,3,3,10,20,16,1,12,6,9
0,2,7,8,27,3,9,48,5,9,4,3,6,7,8,2,11,11,0,1,7,8,18,15,2,5,4,5,9,21,0,0,7,11,0,8,3,11,6,27,19,2,10,8,8,1,0,0,10,1,10,0,6,2,16,5,7,4,20,7,7,6,3,2,8,11,2,0,1,2,4,10,0,0,2,0,11,14,12,7,8,11,5,9,14,0,5,6,11
2,0,0,0,2,8,3,46,0,0,0,5,0,0,0,2,0,11,1,0,1,0,0,0,0,0,1,0,0,0,18,0,0,0,0,2,0,0,11,4,5,3,6,5,0,5,4,12,0,5,17,0,5,4,15,3,0,3,0,0,6,0,4,0,2,1,0,6,5,7,0,3,4,0,4,2,1,2,0,0,0,6,2,1,0,0,15,6,1
62,0,1,0,1,12,2,11,1,2,8,13,0,14,1,3,7,1,7,1,0,0,13,42,2,1,1,2,0,4,0,0,1,0,1,0,0,0,5,4,4,63,1,9,2,0,2,0,2,2,8,2,2,37,9,11,2,19,31,1,5,0,18,2,0,7,3,31,10,26,0,4,0,1,1,3,0,8,0,13,1,7,9,9,1,7,40,0,1
4,36,4,66,14,1,5,2,5,9,7,0,12,23,11,13,23,6,8,0,0,0,3,4,0,4,5,1,5,5,0,7,5,2,5,13,9,5,1,13,7,0,4,2,2,1,1,0,8,2,6,0,6,1,6,7,7,1,19,3,3,26,2,2,8,2,6,1,4,0,12,2,0,11,1,2,19,6,10,5,20,2,4,10,6,4,4,4,47
2,0,2,0,28,2,9,6,4,3,4,2,2,0,10,0,11,16,18,0,13,3,0,11,1,0,1,6,11,6,0,0,9,3,5,12,0,5,8,4,9,2,8,6,1,0,0,0,7,3,11,0,4,0,4,8,1,16,9,2,1,1,2,2,0,13,2,0,4,5,0,10,0,0,1,0,2,18,30,6,16,2,3,3,5,6,15,4,8
10,0,7,8,11,13,6,8,8,6,6,10,0,9,7,6,5,7,15,0,42,4,11,0,5,6,4,10,6,13,0,4,6,9,3,14,9,7,23,1,22,20,4,4,7,0,8,0,2,8,12,1,8,4,15,22,2,10,8,5,5,5,2,12,3,10,7,2,20,12,3,20,0,0,2,2,2,4,2,8,8,9,7,4,7,2,22,9,6
5,0,5,2,3,1,6,1,7,7,0,1,7,6,7,1,3,1,2,0,2,0,1,5,0,1,2,2,2,3,0,3,0,11,6,1,12,4,3,7,9,2,0,10,0,0,4,0,2,6,13,1,5,2,14,19,3,0,2,4,2,4,0,3,1,9,1,0,1,10,4,4,0,1,3,1,2,5,2,1,0,1,4,0,0,0,2,3,8
2,6,2,16,5,1,0,1,2,11,0,0,1,4,0,2,1,0,5,0,1,4,0,6,1,0,14,0,1,8,0,3,14,6,3,0,28,1,8,28,5,2,1,3,0,0,1,0,0,14,1,5,1,1,0,2,7,0,4,1,0,1,2,3,10,1,14,0,2,0,6,8,0,3,3,0,12,4,1,0,2,0,0,1,1,0,3,3,0
0,15,3,15,14,1,3,4,3,8,0,0,2,0,0,8,6,2,4,1,1,5,1,4,2,14,0,4,4,13,0,3,2,5,4,5,4,4,14,23,3,1,1,6,0,0,1,0,2,21,4,24,0,0,9,3,5,1,4,1,0,16,0,12,10,10,3,2,0,4,7,3,0,1,13,1,17,0,0,1,3,2,6,4,2,6,13,11,14
1,18,6,21,3,2,6,3,6,1,8,0,24,7,29,4,20,8,5,0,2,1,6,10,2,0,4,0,7,20,0,2,5,11,2,21,3,8,4,3,4,4,8,6,2,0,0,0,4,1,9,1,0,0,1,12,12,6,1,2,2,17,3,4,2,12,6,2,3,0,8,5,0,2,5,0,13,14,6,4,13,4,2,4,7,4,4,3,16
3,3,5,1,51,0,11,15,6,3,0,3,2,1,8,2,8,2,9,0,0,5,11,6,2,1,4,7,0,9,0,0,2,7,2,7,0,15,9,4,11,6,13,2,12,0,0,0,4,1,10,0,2,0,14,1,2,14,7,2,0,5,0,0,1,4,1,0,5,3,1,15,0,0,4,0,2,11,16,11,12,7,11,8,9,1,16,8,7
8,0,7,34,37,9,7,11,16,16,9,5,21,18,32,6,26,16,21,0,4,5,6,13,3,8,13,20,9,0,0,9,21,11,12,19,22,24,10,8,9,4,16,15,14,0,0,0,14,3,18,3,7,4,19,16,9,4,13,7,11,17,5,6,9,20,11,2,1,9,4,11,0,9,2,5,22,14,13,18,20,5,14,13,5,13,19,14,29
0,0,0,0,0,3,0,6,0,0,5,8,0,0,0,0,0,0,0,18,0,0,0,0,0,0,0,0,0,0,0,0,0,0,0,0,0,0,0,0,0,0,0,0,0,9,0,8,0,0,0,0,0,34,0,0,0,0,0,0,0,0,0,0,0,0,0,5,0,7,0,0,0,0,0,0,0,0,0,0,0,1,0,0,0,0,0,0,0
2,4,3,5,0,2,0,0,5,0,0,0,6,12,0,1,2,3,0,0,0,7,0,4,3,3,3,2,0,9,0,0,0,4,26,0,59,0,14,0,1,3,0,0,0,0,22,0,1,1,5,11,0,7,0,2,1,0,4,3,0,7,0,25,0,2,42,2,0,1,14,1,0,33,7,8,3,3,2,0,1,0,6,0,0,11,0,0,5
0,7,5,10,2,0,2,0,7,2,1,0,2,20,4,3,0,5,7,0,1,5,9,6,0,14,2,5,2,21,0,0,0,8,0,8,7,8,15,1,10,0,2,9,0,1,0,0,6,5,4,0,0,0,0,8,1,1,0,2,0,10,0,1,0,8,21,3,2,5,5,3,0,0,0,2,11,0,0,0,2,2,2,3,0,10,4,10,5
2,4,1,4,12,1,10,8,7,7,4,5,11,16,9,10,8,2,11,0,0,2,3,9,11,6,5,11,7,11,0,4,8,0,0,8,4,2,7,10,3,1,9,29,2,0,7,0,4,9,11,2,4,1,12,3,0,4,10,0,1,11,0,3,13,2,2,2,4,5,1,5,0,1,14,16,2,9,5,3,3,2,9,4,3,10,3,16,10
0,1,4,7,2,0,12,1,2,7,1,0,2,4,1,0,1,2,0,0,1,5,5,3,6,3,4,2,2,12,0,26,0,0,0,8,66,4,1,4,12,3,0,13,0,0,9,0,0,2,0,30,0,1,1,3,3,1,1,0,0,11,1,24,4,1,30,0,0,0,2,4,0,21,6,10,12,0,0,1,0,0,2,2,0,21,6,6,0
2,0,3,7,23,2,0,4,9,4,2,1,0,5,9,3,2,2,8,2,0,13,12,14,1,0,5,21,7,19,0,0,8,8,8,0,8,1,7,6,17,3,3,8,0,2,0,0,0,4,7,1,0,3,8,11,4,7,4,3,6,4,5,1,4,5,5,0,13,2,0,6,0,0,0,7,17,1,1,2,1,4,0,8,5,7,4,10,5
5,12,4,10,0,0,0,0,4,0,0,0,1,0,0,0,5,1,3,0,0,9,0,9,12,28,4,3,0,22,0,59,7,4,66,8,0,0,18,14,6,0,0,2,0,0,11,0,0,0,0,55,0,0,1,5,2,1,12,3,0,26,1,93,4,1,43,0,2,1,3,7,0,91,4,12,2,6,1,0,3,1,6,0,0,36,6,0,9
3,1,1,4,71,9,7,20,4,0,19,7,0,3,13,1,17,17,11,0,0,5,5,7,4,1,4,8,15,24,0,0,8,2,4,1,0,0,2,6,58,0,9,5,9,1,2,0,5,6,20,1,6,2,17,7,2,12,12,3,1,3,15,0,1,13,3,10,3,14,0,40,0,0,2,0,2,6,8,9,3,13,21,12,47,0,40,7,7
32,1,8,16,9,0,17,15,8,16,2,2,1,14,1,6,11,9,6,11,5,1,8,23,3,8,14,4,9,10,0,14,15,7,1,7,18,2,0,8,39,7,3,10,1,0,1,0,7,18,18,1,0,8,23,20,3,3,10,5,3,19,1,4,10,4,4,3,5,22,16,26,0,1,13,7,18,0,1,5,4,4,19,4,10,8,37,15,10
2,12,9,14,6,1,3,1,15,6,4,0,11,12,11,13,7,5,27,4,4,13,4,1,7,28,23,3,4,8,0,0,1,10,4,6,14,6,8,0,12,5,20,11,2,0,3,0,6,9,12,7,0,0,0,20,18,2,6,10,1,6,2,8,11,7,10,2,3,3,4,8,0,1,1,3,11,6,7,1,6,0,11,8,2,0,8,3,2
20,6,6,3,70,6,5,42,10,3,20,16,4,4,8,5,15,13,19,5,4,7,9,22,9,5,3,4,11,9,0,1,10,3,12,17,6,58,39,12,0,23,75,5,20,0,2,0,18,17,27,4,9,16,19,20,3,20,15,10,7,7,19,30,4,16,3,2,22,23,2,19,0,3,2,3,14,18,7,8,9,22,6,49,103,10,55,121,9
64,0,3,1,6,14,2,15,2,1,5,8,2,7,1,8,6,6,2,3,63,0,2,20,2,2,1,4,6,4,0,3,0,1,3,3,0,0,7,5,23,0,21,0,13,4,3,0,4,2,26,0,13,32,28,42,7,16,25,4,20,0,17,9,3,2,0,9,17,29,3,18,0,0,0,0,0,5,6,3,4,8,2,25,6,1,25,0,1
3,2,0,2,167,0,5,31,5,0,34,26,4,3,4,1,5,15,10,6,1,4,8,4,0,1,1,8,13,16,0,0,2,9,0,3,0,9,3,20,75,21,0,2,7,0,0,0,11,5,10,0,13,0,7,19,1,6,7,2,2,0,10,0,2,8,0,1,2,0,0,16,0,1,1,0,20,10,6,13,5,11,6,16,19,0,75,2,3
1,8,4,32,16,0,8,1,21,6,0,3,2,16,3,1,6,4,8,5,9,2,6,4,10,3,6,6,2,15,0,0,9,29,13,8,2,5,10,11,5,0,2,0,1,0,3,0,3,8,4,0,3,0,2,17,3,3,19,15,0,14,0,11,7,6,13,0,4,1,4,7,0,6,2,27,7,4,4,1,12,1,8,3,4,14,4,12,44
3,0,0,0,49,4,1,27,3,0,7,8,0,1,0,1,1,5,8,0,2,2,1,7,0,0,0,2,12,14,0,0,0,2,0,0,0,9,1,2,20,13,7,1,0,0,0,0,11,0,10,0,45,0,7,5,0,8,3,0,2,7,11,0,0,3,0,0,0,18,0,5,0,0,1,0,2,1,4,23,1,3,0,3,14,0,33,0,0
2,0,0,0,0,5,0,1,0,1,1,32,0,2,2,0,0,0,1,5,0,1,0,0,0,0,0,0,0,0,9,0,1,0,0,2,0,1,0,0,0,4,0,0,0,0,0,5,0,1,2,0,2,7,1,1,0,2,0,3,0,0,5,0,0,0,0,11,1,0,0,0,0,0,0,0,1,0,0,0,0,6,1,1,0,0,6,0,0
2,6,4,9,0,0,0,10,0,0,0,0,1,0,0,0,4,6,0,4,2,1,0,8,4,1,1,0,0,0,0,22,0,7,9,0,11,2,1,3,2,3,0,3,0,0,0,0,0,0,5,9,0,1,0,13,1,0,0,0,3,0,1,22,0,0,5,1,5,4,2,1,0,9,0,0,8,0,0,0,0,1,0,0,0,8,5,0,0
0,0,0,0,0,1,0,25,0,0,17,10,0,0,0,0,0,0,0,12,0,0,0,0,0,0,0,0,0,0,8,0,0,0,0,0,0,0,0,0,0,0,0,0,0,5,0,0,0,0,0,0,0,3,0,0,0,0,0,0,0,0,2,0,0,0,0,0,3,1,0,0,5,0,0,0,0,0,0,0,0,8,0,0,0,0,0,0,0
4,1,3,2,32,0,5,21,4,1,10,2,1,3,4,10,5,6,10,0,2,8,7,2,2,0,2,4,4,14,0,1,6,4,0,0,0,5,7,6,18,4,11,3,11,0,0,0,0,8,8,2,9,0,15,3,6,2,14,0,0,3,2,0,2,3,1,0,3,7,1,12,0,0,9,0,5,1,4,4,16,7,5,11,14,2,22,3,3
1,2,1,4,4,0,9,5,11,12,0,5,0,5,2,3,8,12,1,5,2,2,3,8,6,14,21,1,1,3,0,1,5,9,2,4,0,6,18,9,17,2,5,8,0,1,0,0,8,0,4,3,3,1,7,9,0,7,9,11,0,8,3,1,19,2,4,5,2,3,2,13,0,5,15,8,18,1,3,1,7,4,8,2,1,9,10,9,7
30,3,9,4,10,9,7,11,6,9,8,2,22,7,4,10,9,13,10,17,8,6,11,12,13,1,4,9,10,18,0,5,4,11,0,7,0,20,18,12,27,26,10,4,10,2,5,0,8,4,0,0,9,18,7,35,13,8,13,5,10,2,21,2,11,13,1,11,25,9,7,14,0,1,7,1,2,23,5,2,7,16,5,12,10,3,15,5,15
4,2,2,1,2,0,3,0,2,4,0,1,5,40,0,1,3,0,0,0,2,0,0,1,1,5,24,1,0,3,0,11,0,2,30,1,55,1,1,7,4,0,0,0,0,0,9,0,2,3,0,0,0,0,0,0,4,0,0,1,0,3,0,28,0,0,13,0,0,0,2,8,0,25,0,4,3,0,0,0,1,0,13,1,0,9,3,0,2
4,0,5,0,32,8,0,16,3,0,20,6,16,2,5,3,7,6,6,5,2,6,4,8,5,1,0,0,2,7,0,0,0,4,0,0,0,6,0,0,9,13,13,3,45,2,0,0,9,3,9,0,0,0,7,8,8,3,3,3,35,1,12,0,0,6,1,3,3,19,0,10,0,0,7,0,2,13,10,11,16,10,1,14,14,0,14,0,4
23,0,3,0,1,5,1,2,2,1,9,7,0,0,0,0,2,2,2,4,37,1,0,4,2,1,0,0,0,4,34,7,0,1,1,3,0,2,8,0,16,32,0,0,0,7,1,3,0,1,18,0,0,0,0,14,0,6,2,0,8,1,6,0,1,2,0,5,10,17,4,4,4,0,0,1,0,3,1,0,0,24,0,4,1,3,12,1,2
4,1,1,1,159,0,6,29,8,1,8,15,0,0,0,10,16,10,16,15,9,6,4,15,14,0,9,1,14,19,0,0,0,12,1,8,1,17,23,0,19,28,7,2,7,1,0,0,15,7,7,0,7,0,0,0,1,16,6,2,11,4,5,0,4,13,0,0,12,0,0,15,0,0,2,0,0,4,1,10,6,6,3,2,13,2,33,1,4
12,2,14,3,17,8,5,16,7,10,8,12,15,11,12,11,14,11,5,3,11,7,8,22,19,2,3,12,1,16,0,2,8,3,3,11,5,7,20,20,20,42,19,17,5,1,13,0,3,9,35,0,8,14,0,0,12,18,20,6,8,6,5,20,2,14,12,2,23,29,8,15,0,2,6,1,4,9,6,6,14,9,2,18,5,12,14,13,3
3,2,22,6,1,4,0,3,8,0,1,3,4,5,8,23,3,0,7,0,2,7,1,2,3,7,5,12,2,9,0,1,1,0,3,4,2,2,3,18,3,7,1,3,0,0,1,0,6,0,13,4,8,0,1,12,0,1,7,18,1,16,1,11,11,8,0,0,0,1,2,5,0,1,2,1,0,0,5,3,16,2,17,3,1,5,7,0,9
11,0,5,1,15,1,0,14,10,2,8,14,0,3,3,0,8,5,4,3,19,1,16,10,0,0,1,6,14,4,0,0,1,4,1,7,1,12,3,2,20,16,6,3,8,2,0,0,2,7,8,0,3,6,16,18,1,0,13,3,2,0,8,0,3,7,2,0,36,14,4,6,0,0,0,2,3,5,0,3,3,12,1,15,10,1,22,4,0
27,4,9,6,31,2,7,22,10,9,6,4,4,4,13,3,8,2,20,0,31,19,9,8,2,4,4,1,7,13,0,4,0,10,1,4,12,12,10,6,15,25,7,19,3,0,0,0,14,9,13,0,3,2,6,20,7,13,0,9,8,5,6,3,13,5,4,2,3,10,5,9,0,0,8,11,3,16,9,4,10,6,6,21,10,4,29,11,3
0,4,2,13,6,0,16,6,7,8,0,3,5,4,3,9,4,2,7,0,1,3,2,5,4,1,1,2,2,7,0,3,2,0,0,3,3,3,5,10,10,4,2,15,0,3,0,0,0,11,5,1,3,0,2,6,18,3,9,0,0,4,3,3,0,1,10,0,0,6,0,6,0,0,14,1,12,0,4,2,6,2,9,3,4,16,5,11,18
20,0,0,0,33,2,0,15,2,0,4,4,4,1,6,6,2,2,7,6,5,3,1,5,2,0,0,2,0,11,0,0,0,1,0,6,0,1,3,1,7,20,2,0,2,0,3,0,0,0,10,0,35,8,11,8,1,2,8,0,0,2,1,0,2,2,0,6,0,4,4,4,0,1,1,0,0,0,2,1,11,10,4,3,6,0,29,0,5
3,6,8,31,7,0,11,5,1,4,0,2,1,34,5,1,18,2,6,0,0,26,1,5,4,1,16,17,5,17,0,7,10,11,11,4,26,3,19,6,7,0,0,14,7,0,0,0,3,8,2,3,1,1,4,6,16,0,5,4,2,0,0,6,7,2,7,0,0,3,15,6,0,0,13,5,7,4,3,3,11,0,6,0,0,8,9,2,14
9,1,0,0,8,12,0,9,0,2,19,13,0,4,2,1,2,4,3,4,18,2,2,2,0,2,0,3,0,5,0,0,0,0,1,5,1,15,1,2,19,17,10,0,11,5,1,2,2,3,21,0,12,6,5,5,1,8,6,3,1,0,0,1,0,2,0,6,25,5,0,4,4,0,2,0,3,2,0,2,4,38,0,6,6,0,36,1,0
2,10,5,15,1,0,0,4,1,1,0,1,0,3,1,3,8,7,2,0,2,2,2,12,3,3,12,4,0,6,0,25,1,3,24,1,93,0,4,8,30,9,0,11,0,0,22,0,0,1,2,28,0,0,0,20,11,0,3,3,0,6,1,0,1,0,9,0,4,7,7,3,0,23,5,4,5,0,1,0,1,0,1,2,1,6,1,0,5
1,0,5,6,9,0,1,1,7,3,0,2,4,3,5,8,6,2,8,2,0,8,0,3,1,10,10,2,1,9,0,0,0,13,4,4,4,1,10,11,4,3,2,7,0,0,0,0,2,19,11,0,0,1,4,2,11,3,13,0,2,7,0,1,0,4,1,3,6,0,2,4,0,4,2,4,3,8,10,1,5,6,6,2,7,3,1,6,6
7,0,2,12,11,6,7,8,6,4,2,4,15,4,14,0,13,1,11,1,7,2,13,10,9,1,10,12,4,20,0,2,8,2,1,5,1,13,4,7,16,2,8,6,3,0,0,0,3,2,13,0,6,2,13,14,8,7,5,1,2,2,2,0,4,0,0,1,3,14,0,13,0,0,3,0,11,6,3,3,10,10,0,16,7,7,9,7,3
1,7,6,29,1,2,5,0,5,6,0,2,0,8,0,6,0,5,2,0,3,6,2,7,1,14,3,6,1,11,0,42,21,2,30,5,43,3,4,10,3,0,0,13,0,0,5,0,1,4,1,13,1,0,0,12,0,2,4,10,0,7,0,9,1,0,0,1,0,1,12,3,0,8,0,24,5,1,1,1,4,1,5,1,1,12,5,4,5
9,0,0,2,2,5,0,16,1,1,0,10,3,0,2,0,2,1,0,6,31,1,0,2,0,0,2,2,0,2,5,2,3,2,0,0,0,10,3,2,2,9,1,0,0,11,1,0,0,5,11,0,3,5,0,2,0,0,2,0,6,0,6,0,3,1,1,0,10,2,1,3,1,0,1,0,0,12,0,3,0,24,0,1,2,1,12,1,0
15,1,1,2,7,10,1,28,6,2,0,1,2,1,3,1,7,0,1,5,10,4,4,20,1,2,0,3,5,1,0,0,2,4,0,13,2,3,5,3,22,17,2,4,0,1,5,3,3,2,25,0,3,10,12,23,0,36,3,0,0,0,25,4,6,3,0,10,0,3,0,3,0,0,0,0,2,7,2,1,1,21,0,4,15,7,15,0,1
37,2,2,0,14,4,0,6,7,11,7,8,1,2,2,6,7,8,2,7,26,0,5,12,10,0,4,0,3,9,7,1,5,5,0,2,1,14,22,3,23,29,0,1,18,0,4,1,7,3,9,0,19,17,0,29,1,14,10,6,4,3,5,7,0,14,1,2,3,0,1,21,1,0,5,0,1,5,3,3,4,18,0,12,8,3,23,5,3
3,0,5,15,1,2,0,2,1,1,0,0,0,6,0,7,1,4,4,0,0,12,0,3,4,6,7,8,1,4,0,14,5,1,2,0,3,0,16,4,2,3,0,4,0,0,2,0,1,2,7,2,0,4,0,8,2,4,5,0,4,15,0,7,2,0,12,1,0,1,0,3,0,6,2,0,0,0,0,0,1,0,0,5,3,1,13,1,2
21,1,4,2,24,4,16,12,6,12,6,15,3,2,5,7,6,18,10,3,4,2,10,20,4,8,3,5,15,11,0,1,3,5,4,6,7,40,26,8,19,18,16,7,5,0,1,0,12,13,14,8,10,4,15,15,5,6,9,6,4,6,4,3,4,13,3,3,3,21,3,0,0,5,14,6,5,6,8,3,2,9,3,7,7,1,20,14,15
0,0,0,0,0,5,0,5,0,0,5,1,0,0,0,0,0,0,0,4,0,0,0,0,0,0,0,0,0,0,0,0,0,0,0,0,0,0,0,0,0,0,0,0,0,0,0,5,0,0,0,0,0,4,0,0,0,0,0,0,0,0,4,0,0,0,0,1,0,1,0,0,0,0,0,0,0,0,0,0,0,3,0,0,0,0,0,0,0
1,0,8,21,0,0,0,1,0,17,0,0,0,2,4,5,0,0,0,0,1,11,0,0,1,3,1,2,0,9,0,33,0,1,21,0,91,0,1,1,3,0,1,6,0,0,9,0,0,5,1,25,0,0,0,2,1,0,0,0,1,0,0,23,4,0,8,0,0,0,6,5,0,0,0,2,2,0,1,0,0,0,0,0,0,26,6,0,11
0,9,0,2,3,0,8,5,3,2,9,2,0,16,7,2,1,2,2,4,1,1,1,2,3,3,13,5,4,2,0,7,0,14,6,0,4,2,13,1,2,0,1,2,1,0,0,0,9,15,7,0,7,0,2,6,2,0,8,14,1,13,2,5,2,3,0,1,0,5,2,14,0,0,0,0,9,0,2,4,3,1,0,0,0,0,13,3,5
1,4,0,3,0,0,1,1,0,8,0,3,0,19,0,0,1,1,0,2,3,2,0,2,1,0,1,0,0,5,0,8,2,16,10,7,12,0,7,3,3,0,0,27,0,0,0,0,0,8,1,4,0,1,0,1,1,2,11,1,0,5,0,4,4,0,24,0,0,0,0,6,0,2,0,0,30,0,1,0,2,0,12,0,0,4,1,1,6
0,6,3,2,11,0,2,9,3,8,5,9,9,13,11,11,3,11,11,1,0,19,2,2,2,12,17,13,2,22,0,3,11,2,12,17,2,2,18,11,14,0,20,7,2,1,8,0,5,18,2,3,2,0,0,4,0,3,3,12,0,7,3,5,3,11,5,0,2,1,0,5,0,2,9,30,0,3,2,0,6,1,11,6,4,15,7,5,10
12,1,2,4,9,5,2,8,10,0,6,7,48,14,45,1,12,18,14,2,8,6,18,4,5,4,0,14,11,14,0,3,0,9,0,1,6,6,0,6,18,5,10,4,1,0,0,0,1,1,23,0,13,3,4,9,0,5,16,0,0,4,2,0,8,6,1,12,7,5,0,6,0,0,0,0,3,0,8,5,26,12,0,13,6,0,7,8,16
5,0,1,2,13,4,11,7,4,2,3,4,6,8,10,2,6,4,12,0,0,10,30,2,2,1,0,6,16,13,0,2,0,5,0,1,1,8,1,7,7,6,6,4,4,0,0,0,4,3,5,0,10,1,1,6,5,0,9,4,2,3,0,1,10,3,1,0,2,3,0,8,0,1,2,1,2,8,0,1,24,1,8,6,12,0,3,8,22
8,1,2,4,35,2,4,13,0,0,22,11,2,2,0,5,8,18,7,0,13,5,6,8,1,0,1,4,11,18,0,0,0,3,1,2,0,9,5,1,8,3,13,1,23,0,0,0,4,1,2,0,11,0,10,6,3,3,4,2,1,3,2,0,1,3,1,3,1,3,0,3,0,0,4,0,0,5,1,0,4,11,3,20,26,0,13,4,1
2,2,7,9,12,4,10,5,20,1,7,1,29,6,44,3,38,3,8,0,1,20,16,8,0,2,3,13,12,20,0,1,2,3,0,1,3,3,4,6,9,4,5,12,1,0,0,0,16,7,7,1,16,0,6,14,16,3,10,6,11,11,4,1,5,10,4,0,1,4,1,2,0,0,3,2,6,26,24,4,0,9,18,12,2,1,5,2,21
18,0,1,0,18,20,0,17,4,6,10,9,0,1,4,7,7,3,11,6,7,2,2,9,1,0,2,4,7,5,1,0,2,2,0,4,1,13,4,0,22,8,11,1,3,6,1,8,7,4,16,0,10,24,6,9,2,12,6,2,10,0,38,0,6,10,1,24,21,18,0,9,3,0,1,0,1,12,1,11,9,0,16,37,1,0,20,11,3
3,3,2,9,11,0,23,5,8,5,1,5,0,8,5,12,13,10,5,2,9,4,3,7,4,0,6,2,11,14,0,6,2,9,2,0,6,21,19,11,6,2,6,8,0,1,0,0,5,8,5,13,1,0,3,2,17,1,6,9,4,6,0,1,6,0,5,0,0,0,0,3,0,0,0,12,11,0,8,3,18,16,0,5,4,7,11,3,14
8,0,2,7,105,8,1,29,7,2,27,11,3,5,3,1,6,20,9,1,9,10,3,4,0,1,4,4,8,13,0,0,3,4,2,8,0,12,4,8,49,25,16,3,3,1,0,0,11,2,12,1,14,4,2,18,3,15,21,3,3,0,6,2,2,16,1,1,4,12,5,7,0,0,0,0,6,13,6,20,12,37,5,0,26,1,17,11,9
2,1,0,9,67,4,11,31,2,1,26,18,1,2,10,0,4,16,14,0,1,6,5,7,0,1,2,7,9,5,0,0,0,3,0,5,0,47,10,2,103,6,19,4,14,0,0,0,14,1,10,0,14,1,13,5,1,10,10,4,6,0,6,1,7,7,1,2,15,8,3,7,0,0,0,0,4,6,12,26,2,1,4,26,0,1,29,0,1
11,3,4,7,7,0,13,6,3,2,0,0,1,7,1,14,11,1,0,0,7,4,6,2,0,0,6,4,1,13,0,11,10,10,21,7,36,0,8,0,10,1,0,14,0,0,8,0,2,9,3,9,0,3,2,12,5,1,4,16,0,8,0,6,3,7,12,1,7,3,1,1,0,26,0,4,15,0,0,0,1,0,7,1,1,0,2,6,8
45,0,8,2,25,7,13,22,4,3,9,5,1,2,9,4,12,12,5,15,40,4,15,22,2,3,13,4,16,19,0,0,4,3,6,4,6,40,37,8,55,25,75,4,33,6,5,0,22,10,15,3,14,12,33,14,7,22,29,5,29,9,36,1,1,9,5,12,15,23,13,20,0,6,13,1,7,7,3,13,5,20,11,17,29,2,0,24,13
2,2,8,3,118,4,3,22,5,9,0,4,1,6,2,2,20,6,6,6,0,4,4,9,3,3,11,3,8,14,0,0,10,16,6,10,0,7,15,3,121,0,2,12,0,0,0,0,3,9,5,0,0,1,1,13,0,4,11,11,0,2,1,0,6,7,4,1,0,5,1,14,0,0,3,1,5,8,8,4,2,11,3,11,0,6,24,0,17
1,21,0,23,15,1,7,8,34,11,8,4,5,2,17,2,26,9,11,1,1,47,8,6,8,0,14,16,7,29,0,5,5,10,0,5,9,7,10,2,9,1,3,44,0,0,0,0,3,7,15,2,4,2,4,3,9,0,3,18,5,14,0,5,6,3,5,0,1,3,2,15,0,11,5,6,10,16,22,1,21,3,14,9,1,8,13,17,0
