Ant4,Ant57,Ant260,Ant5,Ant52,Ant59,Ant65,Ant244,Ant540,Ant929,Ant2,Ant6,Ant24,Ant25,Ant26,Ant30,Ant38,Ant73,Ant74,Ant99,Ant102,Ant148,Ant158,Ant191,Ant196,Ant202,Ant209,Ant245,Ant268,Ant278,Ant308,Ant604,Ant620,Ant646,Ant673,Ant838,Ant1,Ant12,Ant13,Ant20,Ant27,Ant28,Ant29,Ant32,Ant40,Ant42,Ant43,Ant44,Ant50,Ant55,Ant62,Ant66,Ant68,Ant70,Ant71,Ant80,Ant81,Ant82,Ant85,Ant91,Ant96,Ant97,Ant100,Ant105,Ant111,Ant112,Ant113,Ant114,Ant117,Ant126,Ant135,Ant137,Ant139,Ant142,Ant144,Ant147,Ant149,Ant153,Ant156,Ant159,Ant169,Ant170,Ant173,Ant174,Ant176,Ant178,Ant186,Ant195,Ant198,Ant207,Ant212,Ant217,Ant218,Ant219,Ant220,Ant221,Ant226,Ant229,Ant232,Ant238,Ant242,Ant243,Ant250,Ant255,Ant256,Ant257,Ant261,Ant263,Ant265,Ant294,Ant299,Ant301,Ant305,Ant318,Ant320,Ant332,Ant334,Ant342,Ant347,Ant353,Ant356,Ant376,Ant387,Ant390,Ant391,Ant394,Ant395,Ant398,Ant433,Ant437,Ant475,Ant492,Ant501,Ant527,Ant549,Ant552,Ant556,Ant575,Ant580,Ant592,Ant593,Ant600,Ant607,Ant610,Ant614,Ant621,Ant632,Ant635,Ant638,Ant650,Ant663,Ant665
0,0,4,5,9,2,25,0,1,6,0,0,0,15,1,0,1,0,0,1,0,1,0,4,0,0,3,0,0,0,7,5,0,7,0,0,0,0,0,2,5,0,2,10,0,1,3,0,1,1,28,0,13,0,17,0,3,0,0,45,10,0,13,0,0,0,0,0,0,2,0,2,4,0,1,0,1,1,0,2,0,0,1,25,0,0,1,0,0,0,3,1,2,1,29,4,18,3,17,0,5,1,0,1,0,1,16,0,0,3,0,2,12,0,0,0,12,0,0,2,0,6,2,0,47,5,0,9,0,0,1,0,0,0,0,0,0,4,0,1,0,0,3,0,0,3,0,32,3,2,0,3
0,0,0,1,4,1,0,3,1,4,3,10,1,11,2,1,17,5,6,18,4,9,6,5,12,4,6,3,1,5,5,1,3,0,0,11,0,9,1,10,1,0,12,3,0,1,8,12,10,3,0,3,1,14,0,7,6,11,4,1,14,3,13,0,13,0,0,22,0,1,17,25,9,2,0,8,0,2,1,5,4,3,19,3,0,7,9,14,6,24,0,3,6,1,0,0,0,7,6,22,1,1,16,3,3,24,1,0,12,6,19,19,1,16,10,2,0,3,3,0,10,3,2,29,0,11,17,0,3,7,23,8,0,6,19,8,17,4,5,32,2,2,8,7,6,4,15,0,1,4,7,1
4,0,0,28,13,6,5,0,0,2,19,0,0,1,2,0,0,1,0,9,0,1,0,2,0,6,0,13,0,2,3,0,0,16,5,0,0,0,0,4,4,0,0,9,4,14,0,4,19,3,19,9,2,0,43,5,16,0,0,11,1,1,23,31,0,0,15,0,4,0,0,15,1,0,2,0,0,6,0,0,1,2,1,7,2,0,0,0,0,0,29,0,0,0,3,2,1,2,2,0,23,4,0,4,0,1,20,24,1,1,0,0,4,1,5,0,27,4,1,1,4,3,0,0,13,7,0,2,0,0,0,0,0,0,4,0,0,1,0,4,1,0,3,3,3,7,0,6,1,4,0,2
5,1,28,0,8,36,27,3,9,0,57,1,0,2,0,0,1,0,0,0,1,1,2,10,0,0,15,6,2,6,2,0,2,14,4,0,0,0,14,3,15,0,9,11,16,0,2,1,9,3,22,1,16,0,11,0,3,0,0,47,0,3,4,23,0,0,0,1,2,2,0,6,0,2,13,1,2,25,0,0,4,1,0,37,10,0,1,0,0,0,4,0,6,1,18,2,2,0,9,0,14,12,0,17,0,0,6,18,0,3,1,0,46,0,0,6,33,0,0,31,2,16,10,0,19,6,3,3,0,2,0,0,2,1,5,0,1,3,15,2,0,0,20,2,7,0,0,8,5,0,0,3
9,4,13,8,0,13,14,2,0,3,2,0,0,1,7,1,0,5,1,5,1,0,0,4,4,0,2,8,8,12,4,1,0,0,4,0,0,6,5,3,3,0,55,11,11,13,0,5,2,0,2,7,1,0,0,1,6,0,0,0,6,0,2,0,0,0,4,0,5,2,0,5,4,1,1,1,1,2,1,7,1,0,0,10,5,2,0,9,0,2,3,0,9,0,8,12,3,0,9,1,4,6,0,2,1,4,3,10,0,4,1,2,3,0,1,8,0,3,0,4,6,4,0,4,0,2,0,1,0,3,0,6,0,5,2,3,0,3,5,2,0,0,2,0,2,4,0,2,11,5,1,8
2,1,6,36,13,0,22,2,12,0,11,1,0,4,0,1,0,0,2,6,1,3,0,3,3,3,3,1,3,9,3,0,2,11,7,0,0,0,3,6,15,0,6,7,31,7,1,1,15,0,4,5,7,0,0,0,7,0,2,12,0,2,3,4,0,0,5,0,0,22,0,8,0,0,31,0,1,10,0,7,10,0,3,4,28,1,0,4,1,0,0,0,6,0,7,13,4,1,14,0,5,8,0,0,0,3,15,4,1,3,0,1,30,0,0,5,5,2,0,8,10,10,5,0,0,0,0,5,0,6,0,2,0,7,1,1,1,7,9,0,0,0,6,13,2,1,2,30,21,7,2,3
25,0,5,27,14,22,0,3,37,3,17,3,0,1,2,3,1,0,6,2,0,1,1,15,1,3,0,0,4,3,1,0,1,1,0,0,0,0,20,3,3,0,27,20,12,1,10,2,12,0,13,4,7,0,4,0,16,0,1,9,0,5,8,14,0,0,2,0,3,0,2,5,1,1,4,2,1,11,0,5,14,3,1,23,13,0,0,0,2,1,12,0,7,0,18,13,2,1,4,1,4,6,0,14,0,0,7,2,2,5,0,2,18,0,1,1,16,1,0,15,1,0,3,2,10,1,1,28,0,7,2,0,0,1,14,0,0,2,1,0,0,3,17,3,1,1,1,9,12,2,3,12
0,3,0,3,2,2,3,0,0,2,0,2,0,8,6,2,4,1,14,4,6,1,6,5,15,1,9,13,8,11,28,0,1,1,4,1,0,0,12,8,15,0,0,3,0,5,0,1,5,4,0,0,2,2,0,0,12,1,2,0,5,8,12,0,3,1,2,0,22,6,0,19,2,0,0,1,0,3,0,3,0,8,1,0,24,1,2,2,6,2,13,1,13,6,4,0,0,9,12,7,4,1,0,4,8,0,17,0,1,23,0,4,4,0,3,10,0,0,0,1,22,5,1,0,0,2,2,7,0,6,3,7,0,5,23,5,5,9,6,6,0,0,3,0,4,2,3,7,3,1,0,3
1,1,0,9,0,12,37,0,0,1,11,0,0,0,2,2,0,0,3,3,0,1,0,2,0,0,5,0,3,6,1,6,0,11,9,0,0,0,7,1,5,0,11,10,23,2,3,3,5,0,9,0,1,0,0,0,2,1,0,33,0,0,0,4,0,0,3,0,7,20,0,1,0,18,10,0,2,33,0,5,5,1,1,2,10,0,0,0,0,0,6,1,1,0,12,6,10,1,6,0,2,2,0,14,0,2,4,5,0,1,0,0,11,2,0,7,11,3,0,12,1,4,9,1,0,0,0,9,0,1,2,1,0,4,4,2,1,4,4,1,0,0,7,5,3,3,0,4,41,8,4,2
6,4,2,0,3,0,3,2,1,0,2,3,2,1,4,8,5,0,13,13,5,0,2,4,6,2,14,4,6,6,13,1,9,1,4,4,0,2,3,14,3,0,6,6,2,4,0,0,13,0,5,10,15,3,0,0,12,2,21,5,4,6,5,7,4,3,0,6,12,3,7,1,0,4,4,4,2,3,0,9,9,19,1,10,1,1,0,7,2,8,0,1,13,0,3,1,12,0,1,11,3,9,2,3,4,7,1,4,2,3,0,3,1,4,6,2,1,2,0,7,8,12,1,1,10,2,0,0,0,23,2,14,0,3,4,4,3,4,1,3,1,1,3,8,5,3,3,9,1,4,6,5
0,3,19,57,2,11,17,0,11,2,0,0,0,1,0,9,0,1,0,0,0,4,0,13,0,0,2,0,0,2,3,0,0,2,0,0,0,0,6,4,8,0,6,1,7,0,6,0,22,0,9,2,6,0,14,0,0,0,0,67,0,1,10,2,0,0,4,0,0,2,0,5,0,7,2,0,0,15,0,9,6,0,1,13,4,0,1,0,0,0,16,0,1,0,21,8,4,2,4,0,18,3,0,1,0,2,6,18,0,2,0,0,30,0,0,1,18,0,0,7,10,2,1,0,3,1,4,5,0,0,1,0,0,1,6,0,0,3,3,2,0,0,15,1,1,5,0,13,1,3,1,4
0,10,0,1,0,1,3,2,0,3,0,0,4,5,12,0,4,11,1,14,1,1,3,0,9,28,1,0,7,3,3,6,2,3,1,18,12,6,1,8,0,5,2,0,0,3,10,25,6,18,0,0,0,4,0,21,1,11,26,0,13,11,7,0,9,28,7,24,3,2,8,19,17,1,0,47,29,0,5,4,0,0,45,0,2,20,25,3,27,26,0,18,6,11,4,2,1,0,3,6,0,3,4,0,19,4,1,0,13,1,8,19,0,2,8,3,0,17,18,1,0,0,0,30,0,34,11,0,7,3,34,5,3,17,7,13,12,10,13,7,28,22,8,1,41,11,6,0,2,36,18,1
0,1,0,0,0,0,0,0,0,2,0,4,0,0,3,0,0,16,0,4,0,0,0,0,1,20,0,0,3,0,3,4,2,0,0,0,31,0,0,1,0,7,0,1,0,0,0,3,0,6,0,0,0,5,0,25,0,6,5,0,12,0,0,0,1,23,0,0,0,0,0,3,5,0,0,56,3,0,6,0,0,0,12,0,0,33,16,1,14,4,0,12,0,9,0,0,0,1,1,0,0,0,2,0,7,0,0,0,1,0,11,31,0,0,0,2,0,3,89,0,0,0,0,12,0,35,0,0,30,5,7,2,35,0,0,0,9,0,0,1,27,14,0,0,20,0,0,0,2,5,0,0
15,11,1,2,1,4,1,8,0,1,1,5,0,0,1,8,2,0,4,0,9,11,5,4,5,0,17,41,3,23,2,0,10,10,7,4,0,3,8,16,0,0,2,2,2,6,5,2,10,0,9,11,3,0,20,0,21,1,1,17,2,11,11,3,0,0,0,5,0,4,2,4,5,0,8,8,0,2,0,5,2,3,8,0,25,0,1,11,1,2,6,0,2,0,0,9,15,0,6,6,0,0,1,6,3,9,5,1,0,8,2,2,9,1,7,2,3,2,2,1,0,8,2,4,11,2,13,1,0,4,1,3,0,10,30,12,4,29,1,4,1,0,9,10,2,18,3,7,5,10,0,13
1,2,2,0,7,0,2,6,2,4,0,12,3,1,0,3,3,10,2,34,7,5,3,3,3,11,6,8,3,2,17,29,10,10,4,31,2,6,0,6,6,0,0,0,0,14,10,21,7,5,0,5,0,4,0,5,3,8,2,0,15,5,5,0,0,8,7,8,19,14,3,18,19,14,1,21,18,1,0,3,16,2,12,0,4,5,10,0,13,15,0,0,8,3,4,5,0,2,6,3,0,3,4,10,4,5,1,0,8,3,7,15,3,0,5,6,0,27,6,0,1,10,0,12,3,15,5,1,1,4,14,1,2,2,9,23,8,8,7,19,0,6,3,0,17,4,4,2,20,17,8,5
0,1,0,0,1,1,3,2,2,8,9,0,0,8,3,0,1,5,15,2,1,4,8,3,4,0,1,12,1,2,16,2,21,4,2,1,0,0,3,9,2,0,3,0,0,3,6,5,1,0,0,3,11,1,2,1,2,0,2,2,3,2,11,1,3,0,0,0,6,0,0,5,1,14,1,4,1,1,0,0,5,15,3,0,6,2,0,3,2,0,2,0,15,0,1,13,1,1,1,16,1,0,0,1,0,1,2,4,0,6,1,3,5,0,2,6,0,0,0,0,2,3,0,0,9,3,6,0,0,5,2,4,2,1,5,0,2,5,8,1,1,1,1,5,3,3,2,5,3,3,4,6
1,17,0,1,0,0,1,4,0,5,0,4,0,2,3,1,0,0,3,2,19,1,5,2,7,3,6,0,3,14,12,1,14,0,1,1,0,6,1,5,5,0,0,1,1,11,5,3,10,0,0,1,0,13,1,0,4,6,15,0,10,7,5,0,20,0,2,31,3,0,20,11,6,1,0,4,2,0,0,5,0,4,1,0,0,5,1,19,3,7,0,1,7,1,1,0,1,3,1,24,0,5,18,1,6,17,2,2,15,0,3,7,0,6,7,3,1,0,3,0,14,0,0,10,3,7,3,0,4,9,4,4,0,7,7,5,12,3,4,11,0,4,0,2,6,7,17,0,1,5,3,4
0,5,1,0,5,0,0,1,0,0,1,11,16,0,10,5,0,0,2,3,0,0,0,1,11,23,0,2,0,0,7,17,3,0,0,3,43,7,0,1,8,8,0,0,0,3,14,6,0,6,0,0,0,2,0,19,2,27,0,0,16,10,11,0,1,30,0,2,2,2,2,7,16,11,0,10,13,0,9,1,0,0,32,0,0,20,9,1,16,4,0,23,1,9,4,0,0,4,4,0,1,1,2,0,10,1,0,0,5,0,5,33,1,0,2,0,0,8,20,0,0,0,1,30,0,46,7,0,8,5,6,1,10,3,4,2,2,0,3,6,34,11,2,2,11,1,2,0,2,12,3,0
0,6,0,0,1,2,6,14,3,13,0,1,0,4,2,15,3,2,0,5,0,0,0,6,23,0,2,18,2,2,18,0,1,0,24,1,0,2,13,7,2,0,1,3,0,3,2,4,6,0,0,8,0,2,1,0,5,2,2,0,2,9,9,1,4,0,0,6,9,7,1,9,4,1,11,4,1,0,1,1,6,1,13,2,6,0,0,11,1,3,0,1,22,1,0,10,0,7,8,8,5,5,0,1,6,1,7,3,0,3,1,3,0,2,1,9,0,4,0,5,11,9,1,1,0,0,0,0,0,7,0,7,0,5,11,1,6,2,14,3,0,5,1,2,4,3,7,0,2,1,1,11
1,18,9,0,5,6,2,4,3,13,0,14,4,0,34,2,2,3,5,0,1,10,8,0,2,2,4,21,3,2,30,9,0,6,2,35,4,4,0,11,5,4,1,2,1,4,0,16,8,4,0,3,0,6,0,3,7,13,5,0,23,5,1,4,11,12,14,4,11,3,7,32,24,7,0,10,27,4,3,4,3,1,22,0,0,8,4,0,25,8,0,19,8,10,4,3,1,10,6,6,2,4,3,5,9,8,0,0,13,0,22,12,0,6,7,10,0,32,9,3,11,5,2,14,1,27,4,0,8,8,27,2,0,24,5,8,15,3,14,15,17,10,1,12,24,19,6,2,18,17,10,7
0,4,0,1,1,1,0,6,0,5,0,1,0,9,7,1,19,0,0,1,0,4,17,0,3,1,0,14,0,8,1,0,1,0,4,3,0,3,0,3,6,0,0,1,0,1,9,0,0,0,0,2,0,6,0,0,4,0,2,0,2,3,0,1,13,0,0,5,1,0,4,6,2,0,0,16,5,0,1,2,0,0,1,0,0,2,2,8,7,14,0,0,7,1,0,0,0,2,0,31,0,1,6,0,7,14,0,0,1,6,0,1,1,2,3,2,0,0,1,0,9,0,3,1,0,2,9,1,0,9,1,9,0,5,22,6,4,1,10,9,0,0,0,0,1,1,2,0,0,0,3,3
1,9,1,1,0,3,1,1,1,0,4,1,0,11,5,4,1,0,0,10,4,0,8,8,3,7,2,7,15,9,7,0,20,6,2,1,0,3,0,3,5,0,2,1,3,9,3,2,4,0,0,6,0,4,3,0,7,2,4,0,7,6,13,1,6,0,2,1,5,2,4,9,5,10,0,3,5,1,0,3,4,0,5,0,3,1,5,13,2,1,2,1,0,0,1,17,9,0,4,12,4,1,1,3,3,8,5,2,1,7,0,2,2,0,9,2,3,2,1,5,1,1,0,0,18,5,5,3,0,4,3,1,0,3,3,2,1,5,6,2,2,3,4,2,3,1,8,4,7,4,7,5
0,6,0,2,0,0,1,6,0,2,0,3,0,5,3,8,5,0,0,8,17,8,0,0,7,5,5,10,9,8,4,1,12,3,1,0,1,18,3,7,3,0,0,1,3,1,11,3,1,0,0,1,0,3,0,0,1,2,4,0,1,9,3,2,4,0,1,16,0,0,2,9,2,0,0,6,7,1,0,1,5,1,6,0,6,2,2,8,4,22,0,0,2,0,0,0,0,1,0,12,2,5,5,3,3,16,3,2,3,7,0,0,5,0,2,1,2,5,0,0,4,0,0,5,0,4,16,0,0,14,7,8,0,7,10,6,5,5,6,4,0,3,0,5,3,3,8,0,3,2,16,5
4,5,2,10,4,3,15,5,2,4,13,0,0,4,3,3,2,1,6,0,0,8,0,0,4,0,21,7,6,5,9,0,0,0,3,0,0,0,22,5,3,0,12,20,19,6,7,1,10,0,15,2,10,0,0,0,4,3,2,19,1,2,22,11,0,0,5,8,3,1,0,3,10,2,7,0,1,9,0,2,4,5,0,21,32,0,0,4,0,1,1,0,7,2,27,5,3,1,10,5,5,7,0,3,1,3,14,11,0,6,1,1,12,1,1,15,0,3,1,6,2,5,9,2,0,3,1,2,0,2,0,10,0,8,16,2,1,18,24,4,0,3,4,5,5,0,1,8,6,9,1,19
0,12,0,0,4,3,1,15,0,6,0,9,1,5,3,4,7,11,23,2,3,3,7,4,0,4,6,14,8,2,2,0,23,0,1,11,0,0,13,13,6,0,1,1,4,7,5,8,9,0,0,6,6,6,0,0,0,8,9,0,1,13,8,0,4,0,0,14,2,6,1,10,10,1,1,4,5,2,1,8,1,0,10,5,1,3,1,6,12,9,0,0,6,3,1,3,0,3,0,24,10,11,8,1,6,14,2,10,3,6,10,6,3,3,3,11,3,9,2,1,3,6,0,3,0,6,0,0,0,11,6,14,0,15,2,12,10,13,11,12,0,6,0,2,7,2,3,2,0,3,8,5
0,4,6,0,0,3,3,1,0,2,0,28,20,0,11,0,3,23,0,2,1,7,5,0,4,0,2,0,1,1,2,10,2,1,0,34,54,6,1,3,0,15,0,0,0,1,1,25,2,26,1,0,0,2,1,18,0,19,6,0,25,6,2,1,11,27,1,7,0,0,2,11,36,1,0,31,5,0,4,0,0,2,26,1,0,37,26,2,39,5,0,41,1,20,1,0,0,0,2,1,0,0,2,0,22,3,2,0,12,0,22,21,0,3,4,2,0,19,41,0,2,0,0,45,1,81,0,0,6,5,31,2,16,2,4,12,7,0,1,13,58,19,1,1,80,3,7,0,0,11,4,0
3,6,0,15,2,3,0,9,5,14,2,1,0,17,6,1,6,0,2,4,0,2,5,21,6,2,0,14,8,5,8,0,18,15,9,0,0,4,25,1,6,0,6,1,9,9,0,1,16,0,0,16,5,1,0,0,10,1,0,0,2,7,10,4,1,0,0,1,0,0,0,9,2,0,8,3,0,6,0,3,0,0,0,0,15,0,2,7,1,0,0,2,10,2,0,0,3,0,7,5,0,0,0,4,3,0,4,0,0,13,3,1,4,1,0,7,0,0,0,3,2,6,8,0,4,1,6,3,0,3,0,4,0,11,6,1,0,12,7,2,2,1,2,10,4,1,3,3,4,3,1,20
0,3,13,6,8,1,0,13,0,4,0,0,0,41,8,12,0,2,18,21,14,7,10,7,14,0,14,0,5,4,11,1,53,2,2,8,4,20,11,19,16,0,4,2,0,44,10,5,18,5,0,3,0,0,8,1,10,1,4,5,6,11,9,0,3,2,5,24,0,13,1,17,8,2,1,2,14,2,0,6,4,1,0,0,16,4,7,5,9,20,0,12,13,4,2,18,5,4,8,2,5,3,2,0,4,9,8,0,6,4,18,2,4,0,14,5,0,4,2,4,15,5,6,2,7,18,13,1,0,9,13,10,0,34,6,6,6,8,13,10,0,3,2,20,17,8,5,6,4,25,0,16
0,1,0,2,8,3,4,8,3,6,0,7,3,3,3,1,3,0,2,3,0,15,9,6,8,1,8,5,0,21,3,5,20,0,0,4,0,6,2,8,6,0,4,1,6,10,7,4,13,0,0,3,1,4,0,3,7,3,5,0,5,8,8,4,3,0,1,7,3,4,6,15,1,1,8,7,10,0,0,10,0,3,1,1,2,0,2,9,6,19,0,0,11,2,0,6,0,4,7,27,2,5,2,6,5,8,3,0,7,2,5,3,5,7,18,0,0,4,2,0,16,1,0,1,0,6,2,0,0,14,0,2,1,15,15,5,9,3,16,3,0,0,2,3,3,6,14,1,5,2,11,4
0,5,2,6,12,9,3,11,6,6,2,3,0,23,2,2,14,0,2,2,8,9,8,5,2,1,5,4,21,0,5,0,4,4,7,5,0,3,9,9,5,0,2,1,8,2,10,3,17,0,3,3,0,9,8,0,8,3,3,6,4,5,7,5,13,0,0,8,2,5,15,3,5,2,5,6,1,7,0,5,7,1,6,3,10,0,5,9,2,13,1,0,1,0,1,4,0,3,6,170,7,10,15,3,4,9,16,7,6,2,0,0,1,3,2,4,2,1,1,0,5,1,3,4,0,0,8,1,0,7,1,10,0,5,10,1,2,3,12,3,0,0,15,5,4,9,4,0,4,5,3,9
7,5,3,2,4,3,1,28,1,13,3,3,3,2,17,16,12,7,18,30,1,7,4,9,2,2,8,11,3,5,0,5,15,0,6,6,0,6,2,10,6,0,6,9,3,19,4,12,15,0,0,2,1,0,0,3,24,1,6,0,22,4,7,1,6,0,11,6,9,0,0,19,9,15,9,5,10,2,0,1,0,0,10,4,10,6,6,4,5,5,3,4,24,1,8,23,3,6,9,6,6,5,2,3,2,5,2,7,0,9,0,5,12,4,1,1,0,14,0,2,39,13,0,2,7,2,3,0,1,7,3,0,0,8,19,17,1,17,5,13,4,6,8,13,6,6,2,4,10,14,4,5
5,1,0,0,1,0,0,0,6,1,0,6,4,0,29,2,1,17,0,9,0,0,1,0,0,10,0,1,5,0,5,0,0,0,1,11,21,2,0,4,0,28,1,4,0,22,6,9,2,21,0,2,0,0,0,24,6,13,0,0,28,14,0,0,4,21,23,1,12,0,0,16,21,25,0,20,23,0,1,1,1,4,29,0,0,3,27,0,9,4,0,24,0,26,1,3,2,9,12,0,0,1,0,0,4,0,0,0,4,0,5,20,0,0,13,0,0,28,22,0,0,0,5,14,12,9,0,0,5,2,19,0,1,3,3,0,10,0,2,28,37,14,0,0,23,11,0,10,12,12,2,2
0,3,0,2,0,2,1,1,0,9,0,2,2,10,10,21,14,3,1,0,1,20,12,0,23,2,18,53,20,4,15,0,0,3,3,2,0,11,4,8,5,0,0,0,2,24,13,0,13,0,0,2,0,8,0,1,4,11,5,0,13,1,10,3,6,0,0,0,0,11,2,18,1,0,0,2,1,0,0,4,2,5,0,0,12,3,1,16,1,10,2,0,3,0,0,2,0,2,17,11,1,5,11,0,0,17,6,1,1,0,2,3,2,6,1,2,0,2,0,0,1,4,0,0,7,10,23,0,0,14,4,3,4,14,13,3,11,30,4,3,0,2,2,12,2,1,3,3,1,24,10,4
7,0,16,14,0,11,1,1,11,1,2,3,0,10,10,4,0,0,0,6,0,6,3,0,0,1,15,2,0,4,0,0,3,0,0,3,0,1,6,2,2,0,4,8,4,4,3,3,18,0,11,4,6,0,1,0,1,0,0,17,5,0,19,7,6,4,17,0,4,2,0,6,1,13,6,5,2,4,0,1,4,1,0,10,0,0,0,2,0,6,27,0,1,0,16,11,31,0,25,0,1,1,0,0,0,1,12,1,2,4,1,0,13,0,1,0,19,0,5,7,3,0,11,0,32,1,5,23,0,3,4,0,0,7,3,0,0,2,5,1,0,3,1,20,1,1,0,44,0,7,4,6
0,0,5,4,4,7,0,4,9,4,0,1,0,7,4,2,1,0,24,2,4,2,1,3,1,0,9,2,0,7,6,1,3,0,0,0,0,0,6,4,3,0,6,5,6,1,2,4,15,0,3,5,1,2,4,0,1,2,0,29,3,7,25,2,1,0,0,4,3,7,0,6,3,4,6,3,4,12,0,2,10,2,3,5,10,0,1,3,1,2,3,0,7,3,4,4,0,1,2,1,4,10,0,3,1,0,12,0,8,7,2,5,3,5,1,11,13,6,0,1,8,1,14,0,1,0,0,6,0,4,0,6,0,4,10,1,5,8,7,3,0,0,4,3,7,1,3,1,4,4,0,8
0,11,0,0,0,0,0,1,0,4,0,18,0,4,31,1,1,3,1,35,3,1,0,0,11,34,0,8,4,5,6,11,2,3,0,0,1,9,1,3,0,3,0,0,2,7,5,15,0,14,0,0,0,2,0,7,1,11,5,0,17,16,3,1,7,19,5,10,11,2,2,18,27,4,1,10,26,0,1,1,2,0,37,0,0,26,9,5,26,6,0,16,4,10,7,0,0,7,2,1,1,5,0,1,10,1,0,0,11,1,20,20,0,0,10,9,0,26,20,0,1,1,0,25,0,22,1,1,8,1,16,4,1,9,3,27,22,2,2,16,6,9,2,0,48,10,5,0,4,10,2,2
0,0,0,0,0,0,0,0,0,0,0,12,31,0,2,0,0,43,0,4,0,0,1,0,0,54,0,4,0,0,0,21,0,0,0,1,0,2,0,0,0,27,0,0,0,3,1,1,0,42,0,0,0,0,0,81,0,30,0,0,15,0,0,0,1,31,1,0,0,0,1,1,28,0,0,74,2,0,13,0,0,0,14,0,0,35,62,0,13,1,0,50,0,41,0,0,0,0,0,2,0,0,0,0,4,0,0,0,0,0,28,53,0,0,0,0,0,0,66,0,0,0,0,41,0,105,0,0,34,3,18,0,52,3,2,0,1,0,0,11,77,16,0,2,4,0,0,0,0,9,0,0
0,9,0,0,6,0,0,0,0,2,0,6,0,3,6,0,6,7,2,4,3,3,18,0,0,6,4,20,6,3,6,2,11,1,0,9,2,0,1,4,3,3,0,0,2,9,12,14,5,0,0,0,0,9,1,1,13,2,7,0,8,20,9,2,14,1,1,11,6,0,3,15,4,1,2,17,7,0,0,0,1,1,5,0,1,2,1,8,5,4,0,2,5,13,0,1,1,9,1,12,0,0,0,0,4,2,0,0,10,1,4,0,1,3,5,3,0,5,2,2,6,0,0,11,3,12,14,0,0,9,12,5,0,12,10,12,4,1,0,5,1,2,0,1,6,8,6,0,2,7,0,5
0,1,0,14,5,3,20,12,7,3,6,1,0,8,0,3,1,0,13,0,0,0,3,22,13,1,25,11,2,9,2,0,4,6,6,1,0,1,0,6,0,0,7,3,9,7,1,0,9,0,1,13,22,6,8,0,2,1,2,11,1,5,16,6,1,0,7,1,1,9,7,5,0,4,9,6,1,14,0,0,4,11,3,9,11,0,0,7,1,4,3,0,15,0,5,36,18,3,4,5,8,3,0,1,0,3,10,14,0,10,0,0,8,2,0,1,9,0,0,16,12,4,6,2,6,0,2,22,0,6,2,0,0,8,20,4,0,21,9,0,1,3,12,11,10,1,1,4,9,4,2,16
2,10,4,3,3,6,3,8,1,14,4,8,1,16,6,9,5,1,7,11,3,3,7,5,13,3,1,19,8,9,10,4,8,2,4,3,0,4,6,0,9,0,1,4,4,5,9,2,9,7,5,12,3,12,7,2,5,6,37,30,10,23,6,5,12,2,5,8,4,1,7,4,8,13,1,14,6,1,0,7,4,11,5,2,11,3,5,13,3,9,1,2,21,2,0,3,6,6,7,37,12,9,11,2,8,3,4,3,1,7,1,10,2,2,14,15,0,11,2,3,13,3,5,6,2,4,7,7,0,39,5,11,0,10,8,10,13,15,5,13,1,1,8,4,10,8,8,2,3,8,0,3
5,1,4,15,3,15,3,15,5,3,8,0,0,0,6,2,5,8,2,5,6,5,3,3,6,0,6,16,6,5,6,0,5,2,3,0,0,3,0,9,0,0,1,9,3,9,5,1,11,0,0,9,0,2,11,1,4,0,3,2,6,6,26,5,2,0,0,0,4,2,0,10,1,5,6,3,4,0,0,4,0,2,1,2,12,0,1,3,3,0,8,0,13,0,6,4,4,1,14,1,2,3,0,1,2,3,4,3,0,4,3,1,5,0,1,12,0,1,0,2,1,7,0,0,25,2,3,0,0,0,2,3,0,0,29,0,3,7,1,2,1,8,6,8,12,3,1,1,4,7,0,4
0,0,0,0,0,0,0,0,0,0,0,5,7,0,0,0,0,8,0,4,0,0,0,0,0,15,0,0,0,0,0,28,0,0,0,3,27,3,0,0,0,0,0,0,0,0,0,6,0,41,0,0,0,0,0,27,0,9,0,0,7,0,0,0,0,21,0,0,0,0,0,1,12,0,0,60,0,0,1,0,0,0,11,0,0,12,16,0,2,0,0,9,0,4,0,0,0,0,0,0,0,0,0,0,5,0,0,0,1,0,27,47,0,0,0,0,0,1,33,0,0,0,0,3,0,70,0,0,14,0,3,0,13,1,0,4,3,0,0,4,19,15,0,0,1,1,0,0,0,3,0,0
2,12,0,9,55,6,27,0,11,6,6,2,0,2,0,3,0,0,1,1,0,2,0,12,1,0,6,4,4,2,6,1,0,4,6,0,0,0,7,1,1,0,0,24,11,2,1,0,20,0,1,2,1,0,0,0,2,0,1,3,1,0,9,0,1,0,4,0,0,10,0,5,1,1,9,2,1,3,0,0,19,5,0,38,19,0,0,2,0,0,1,1,6,1,15,1,8,5,19,0,3,3,1,13,1,1,4,13,0,4,1,1,8,2,2,3,9,1,0,10,1,0,10,4,0,0,1,0,0,0,0,0,0,5,2,0,0,2,2,0,0,1,15,1,0,1,2,0,15,2,0,12
10,3,9,11,11,7,20,3,10,6,1,0,1,2,0,0,1,0,3,2,1,1,1,20,1,0,1,2,1,1,9,4,0,8,5,0,0,0,3,4,9,0,24,0,7,17,2,2,0,2,9,3,1,0,21,0,6,0,0,6,1,0,7,14,0,0,0,0,2,0,0,6,0,26,1,0,0,22,0,4,1,0,0,4,4,2,0,0,5,0,12,2,4,0,15,2,9,1,47,0,5,9,0,7,0,2,5,6,0,6,2,1,14,0,0,5,3,0,1,18,5,9,8,0,8,2,0,0,0,4,2,9,0,2,7,0,0,1,1,0,0,0,25,2,5,1,1,4,24,3,0,18
0,0,4,16,11,31,12,0,23,2,7,0,0,2,0,0,1,0,0,1,0,3,3,19,4,0,9,0,6,8,3,0,2,4,6,2,0,2,9,4,3,0,11,7,0,2,5,0,30,0,5,12,7,2,4,0,2,1,1,24,1,3,17,9,0,0,4,1,1,26,0,7,2,2,11,0,2,10,0,0,9,1,1,26,11,0,0,4,1,6,8,0,1,0,7,6,4,1,6,1,11,12,0,7,0,0,14,6,0,4,0,1,21,0,0,7,2,3,0,8,5,2,21,0,0,1,6,11,0,1,0,1,0,1,7,1,0,10,1,0,0,0,37,7,1,6,0,7,4,4,0,4
1,1,14,0,13,7,1,5,2,4,0,3,0,6,14,3,11,3,3,4,1,9,1,6,7,1,9,44,10,2,19,22,24,4,1,7,3,9,7,5,9,0,2,17,2,0,21,3,5,5,0,1,0,0,0,0,5,4,0,0,5,13,7,0,3,2,16,0,14,1,0,6,10,7,10,1,15,2,0,5,2,9,10,2,8,1,0,0,9,2,0,0,2,2,10,13,0,11,9,2,0,5,0,0,2,0,2,5,3,5,1,7,3,0,6,10,0,2,0,4,4,5,3,3,10,7,2,0,0,7,4,4,0,4,23,6,7,5,2,18,5,0,3,15,9,4,0,8,5,15,1,8
3,8,0,2,0,1,10,0,3,0,6,10,0,5,10,6,5,14,2,0,9,3,11,7,5,1,0,10,7,10,4,6,13,3,2,5,1,12,1,9,5,0,1,2,5,21,0,2,7,0,0,2,0,6,1,0,2,2,0,0,11,3,6,4,1,0,1,4,4,2,8,11,1,3,2,1,9,0,0,5,3,2,12,2,2,0,0,4,3,3,2,0,2,6,3,3,3,2,15,20,1,4,2,1,1,5,4,0,0,4,3,2,2,0,1,1,0,1,0,6,1,0,4,4,3,1,35,1,0,1,0,5,0,4,30,4,5,9,9,18,3,4,10,1,8,2,8,4,1,2,16,12
0,12,4,1,5,1,2,1,3,0,0,25,3,2,21,5,3,6,4,16,0,2,3,1,8,25,1,5,4,3,12,9,0,3,4,15,1,14,0,2,1,6,0,2,0,3,2,0,3,19,0,0,0,0,0,8,6,15,15,0,31,4,19,3,2,12,17,4,15,2,0,36,23,10,1,22,13,0,1,5,5,3,11,1,0,9,13,0,43,5,0,12,1,2,2,20,0,5,2,0,2,0,0,1,17,2,0,2,8,2,20,11,0,0,3,9,0,23,13,0,2,1,1,25,0,62,0,0,10,1,13,1,3,20,7,5,21,0,10,20,0,10,4,20,34,5,2,3,8,29,15,0
1,10,19,9,2,15,12,5,5,13,22,6,0,10,7,1,10,0,6,8,0,4,1,10,9,2,16,18,13,17,15,2,13,18,15,0,0,5,9,9,11,0,20,0,30,5,7,3,0,2,23,7,1,0,12,0,6,5,2,87,2,6,11,7,1,0,7,1,1,13,3,2,2,4,6,10,3,9,0,6,2,7,2,11,12,0,1,11,0,3,3,0,7,1,9,5,4,2,8,11,27,31,1,19,1,11,3,7,2,13,2,0,6,1,0,11,16,1,0,4,2,2,22,2,11,1,4,16,0,2,3,4,4,6,16,3,4,17,16,1,1,3,33,14,2,2,4,3,11,5,3,5
1,3,3,3,0,0,0,4,0,0,0,18,6,0,5,0,0,6,0,4,0,0,0,0,0,26,0,5,0,0,0,21,0,0,0,14,42,0,0,7,0,41,0,2,0,5,0,19,2,0,0,3,1,2,0,35,0,25,0,0,36,0,1,2,3,30,1,2,3,0,0,13,47,1,0,43,13,0,11,6,0,2,25,0,0,10,60,8,22,6,1,20,0,15,0,0,0,2,0,0,0,0,0,0,10,0,0,0,6,0,23,16,0,0,0,0,0,12,52,0,1,0,0,17,1,38,0,0,4,0,34,0,8,1,0,0,14,0,0,10,16,15,2,2,14,0,0,0,0,5,2,0
28,0,19,22,2,4,13,0,9,5,9,0,0,9,0,0,0,0,0,0,0,0,0,15,0,1,0,0,0,3,0,0,0,11,3,0,0,0,1,5,0,0,1,9,5,0,0,0,23,0,0,10,13,0,12,0,4,0,0,83,1,0,8,20,0,0,0,0,0,14,0,5,0,0,1,0,0,16,0,0,2,0,0,5,0,0,0,0,1,0,28,0,0,0,5,0,4,0,0,0,25,19,0,2,0,5,14,7,0,2,3,0,15,0,0,0,50,0,0,3,0,7,13,2,9,0,4,7,0,3,0,0,1,0,0,0,0,1,0,0,0,3,31,4,1,1,0,19,0,3,0,0
0,3,9,1,7,5,4,0,0,10,2,0,0,11,5,3,1,0,8,3,2,6,1,2,6,0,16,3,3,3,2,2,2,4,5,0,0,0,13,12,9,0,2,3,12,1,2,0,7,3,10,0,2,2,5,0,4,1,9,23,0,6,8,1,2,0,0,4,4,18,2,6,1,1,16,7,4,3,0,1,5,3,0,4,0,0,1,8,3,1,2,0,6,0,0,10,0,4,6,1,1,5,3,8,1,2,11,9,1,3,0,1,0,1,5,2,3,0,0,9,8,4,1,0,11,0,4,3,0,8,0,1,0,2,2,0,1,10,1,0,0,0,8,7,11,0,0,3,11,8,3,3
13,1,2,16,1,7,7,2,1,15,6,0,0,3,0,11,0,0,0,0,0,0,0,10,6,0,5,0,1,0,1,0,0,6,1,0,0,0,22,3,0,0,1,1,7,0,0,0,1,1,13,2,0,0,4,0,0,0,0,46,0,0,3,17,0,0,13,0,0,5,0,1,0,0,12,0,0,25,0,0,1,5,0,35,2,0,0,1,0,0,13,0,0,0,17,1,3,1,0,0,10,2,0,10,0,0,11,12,0,5,0,0,23,0,0,2,40,0,0,4,0,6,8,0,0,0,0,8,0,0,0,0,0,2,2,0,0,2,1,1,0,0,39,3,1,0,0,28,1,2,0,0
0,14,0,0,0,0,0,2,0,3,0,4,5,0,4,1,13,2,2,6,6,4,3,0,6,2,1,0,4,9,0,0,8,0,2,2,0,9,6,12,2,0,0,0,2,0,6,0,0,2,0,2,0,0,0,0,1,3,14,0,12,9,3,1,33,2,0,5,2,1,19,5,5,1,0,3,2,0,0,10,0,12,5,0,0,10,1,7,2,22,0,1,2,2,0,0,0,4,0,14,0,2,23,1,2,10,0,0,7,3,4,0,1,7,13,3,0,1,1,0,3,0,1,10,0,6,0,0,14,9,6,3,3,8,6,4,12,3,0,9,3,4,0,0,2,0,2,0,1,7,1,1
17,0,43,11,0,0,4,0,0,0,14,0,0,20,0,2,1,0,1,0,0,3,0,0,0,1,0,8,0,8,0,0,0,1,4,0,0,1,8,7,11,0,0,21,4,0,1,0,12,0,12,5,4,0,0,1,3,0,2,69,4,0,1,23,2,0,0,1,0,22,0,5,0,0,2,1,0,32,0,4,2,0,0,4,0,0,1,0,0,0,29,0,0,0,5,0,33,0,4,0,30,6,0,7,0,2,12,1,0,6,0,1,0,0,2,0,4,0,0,6,0,6,0,0,15,2,2,6,0,0,0,0,0,2,0,0,0,2,0,0,0,0,6,0,0,1,0,13,0,3,0,0
0,7,5,0,1,0,0,0,0,0,0,21,25,0,5,1,0,19,0,3,0,0,0,0,0,18,0,1,3,0,3,24,1,0,0,7,81,1,0,2,1,27,0,0,0,0,0,8,0,35,0,0,0,0,1,0,0,6,0,0,10,0,0,0,1,15,0,1,1,0,0,2,13,2,0,70,6,0,6,0,0,1,21,0,0,24,40,0,28,1,1,20,0,22,1,0,3,0,0,1,0,0,1,0,12,0,0,0,4,0,15,24,0,2,1,0,0,7,46,0,0,1,0,30,2,64,0,0,20,0,14,0,36,1,1,1,5,1,0,2,83,24,0,0,13,0,0,0,0,9,0,0
3,6,16,3,6,7,16,12,2,12,0,1,0,21,3,2,4,2,5,7,4,7,1,4,0,0,10,10,7,8,24,6,4,1,1,1,0,13,2,5,4,0,2,6,2,5,2,6,6,0,4,4,0,1,3,0,0,0,3,0,7,12,10,6,4,0,0,4,0,8,1,6,1,1,4,0,2,8,0,13,13,1,1,8,6,3,3,9,2,12,0,3,23,1,0,27,16,8,28,4,10,6,0,4,0,3,13,3,1,22,0,1,7,6,6,6,0,0,0,0,3,3,3,5,0,2,8,0,0,11,3,4,0,21,14,3,0,18,3,7,0,2,14,11,0,1,1,0,2,10,0,18
0,11,0,0,0,0,0,1,1,2,0,11,6,1,8,0,6,27,2,13,0,2,2,3,8,19,1,1,3,3,1,13,11,0,2,11,30,2,1,6,0,9,0,0,1,4,2,15,5,25,0,1,0,3,0,6,0,0,6,0,17,7,2,0,9,16,5,11,1,0,6,2,34,1,0,28,4,0,14,3,0,1,15,0,0,28,9,7,21,17,0,21,8,8,2,0,0,3,3,3,0,6,5,0,14,6,0,2,11,0,10,26,3,2,7,16,0,17,16,0,3,3,0,29,0,39,0,0,16,6,10,2,10,8,0,2,25,0,6,33,54,10,0,4,31,6,2,1,3,32,1,0
0,4,0,0,0,2,1,2,0,21,0,26,5,1,2,2,15,0,2,5,2,4,4,2,9,6,0,4,5,3,6,0,5,0,0,5,0,7,2,37,3,0,1,0,1,0,0,15,2,0,0,9,0,14,2,0,3,6,0,0,3,2,15,0,6,0,0,14,1,3,2,3,8,8,1,2,9,1,2,12,1,41,0,0,0,4,0,6,18,5,0,1,2,1,1,2,0,6,0,7,2,6,9,0,9,6,0,0,3,4,0,5,1,4,21,2,0,3,0,1,43,2,2,23,0,1,1,0,0,76,0,11,0,7,2,10,7,14,2,6,0,0,0,2,4,1,3,0,1,3,2,4
45,1,11,47,0,12,9,0,33,5,67,0,0,17,0,2,0,0,0,0,0,0,0,19,0,0,0,5,0,6,0,0,0,17,29,0,0,0,11,30,2,0,3,6,24,0,0,0,87,0,83,23,46,0,69,0,0,0,0,0,0,0,23,15,0,0,0,0,0,43,0,9,0,2,2,0,0,22,0,0,0,5,0,40,10,0,0,0,0,0,63,0,0,0,5,0,52,0,0,0,46,13,0,0,0,8,11,20,0,14,2,0,10,0,0,0,81,0,0,36,1,1,9,0,22,3,0,26,0,1,0,0,0,0,0,0,0,11,2,0,0,0,2,5,0,0,0,27,9,3,0,1
10,14,1,0,6,0,0,5,0,4,0,13,12,2,15,3,10,16,2,23,2,7,1,1,1,25,2,6,5,4,22,28,13,5,3,17,15,8,1,10,6,7,1,1,1,5,11,31,2,36,1,0,0,12,4,10,7,17,3,0,0,5,9,0,32,33,9,11,8,0,52,13,26,6,3,20,15,4,9,2,2,5,10,0,2,17,32,8,48,27,0,28,3,8,1,0,4,8,15,7,0,1,10,1,16,16,3,1,14,4,5,20,0,6,13,7,0,13,29,1,2,0,0,27,2,23,7,0,13,3,50,0,3,7,9,13,21,0,7,14,30,13,3,15,46,5,5,9,5,20,11,3
0,3,1,3,0,2,5,8,0,6,1,11,0,11,5,2,7,10,9,5,3,6,9,2,13,6,7,11,8,5,4,14,1,0,7,16,0,20,5,23,6,0,0,0,3,13,3,4,6,0,0,6,0,9,0,0,12,7,2,0,5,0,9,1,5,0,0,19,1,1,10,13,19,0,0,5,7,0,5,6,2,3,17,1,1,2,13,10,6,34,0,1,25,8,0,5,0,6,6,13,2,7,7,1,5,27,9,1,0,4,0,16,0,7,9,10,0,2,2,0,7,1,2,9,0,27,7,0,1,6,10,2,0,22,15,8,14,7,6,24,0,2,1,9,13,22,133,2,2,1,6,13
13,13,23,4,2,3,8,12,0,5,10,7,0,11,5,11,5,11,9,1,0,13,3,22,8,2,10,9,8,7,7,0,10,19,25,3,0,9,16,6,26,0,9,7,17,7,6,19,11,1,8,8,3,3,1,0,10,2,15,23,9,9,0,16,1,3,3,4,1,3,1,24,20,10,19,1,3,2,2,17,14,6,27,3,26,16,4,30,6,3,24,3,5,3,6,20,10,4,26,7,4,0,1,19,11,15,32,7,0,13,7,13,14,3,5,23,10,12,4,7,15,9,3,1,1,6,16,2,0,6,9,4,0,14,27,1,0,10,13,11,0,8,54,36,17,8,11,6,17,13,6,14
0,0,31,23,0,4,14,0,4,7,2,0,0,3,0,1,0,0,1,4,1,1,2,11,0,1,4,0,4,5,1,0,3,7,2,1,0,2,6,5,5,0,0,14,9,0,4,3,7,2,20,1,17,1,23,0,6,0,0,15,0,1,16,0,0,0,2,0,0,9,0,7,0,0,0,0,0,6,0,1,2,2,5,6,13,0,3,5,1,2,12,0,7,1,14,2,2,0,7,0,3,14,0,0,0,0,1,13,0,15,1,0,10,2,0,1,12,1,0,6,8,14,0,0,25,0,0,3,0,2,1,0,2,2,4,0,0,0,0,3,0,0,16,19,0,0,2,5,1,1,6,0
0,13,0,0,0,0,0,3,0,4,0,9,1,0,0,3,20,1,4,11,13,6,4,0,4,11,1,3,3,13,6,4,6,6,1,7,1,14,1,12,2,0,1,0,0,3,1,2,1,3,0,2,0,33,2,1,4,9,6,0,32,5,1,0,0,2,0,10,0,2,57,4,5,2,0,24,4,0,4,9,2,5,1,0,0,2,18,3,11,21,0,2,3,2,1,1,0,1,0,37,3,1,24,0,4,17,0,0,22,10,6,8,0,10,15,2,0,1,5,0,8,0,2,57,2,12,3,0,7,5,14,3,2,5,1,5,31,4,2,9,13,1,0,3,6,6,21,1,0,12,7,5
0,0,0,0,0,0,0,1,0,3,0,28,23,0,8,0,0,30,0,12,0,0,0,0,0,27,0,2,0,0,0,21,0,4,0,19,31,1,0,2,0,21,0,0,0,2,0,12,0,30,0,0,0,2,0,15,0,16,0,0,33,0,3,0,2,0,1,8,3,0,0,13,31,1,0,22,6,0,10,0,0,1,15,0,0,21,35,0,25,1,0,40,1,14,0,0,0,0,0,0,1,0,0,0,8,0,0,0,29,0,12,18,0,0,3,8,0,6,26,0,3,0,1,35,0,27,0,0,4,0,23,1,12,1,2,7,21,1,1,17,28,18,1,0,24,6,0,0,0,23,0,2
0,0,15,0,4,5,2,2,3,0,4,7,0,0,7,0,2,0,0,14,0,2,1,5,0,1,0,5,1,0,11,23,0,17,0,5,1,1,7,5,0,0,4,0,4,16,1,17,7,1,0,0,13,0,0,0,0,5,0,0,9,0,3,2,0,1,0,0,27,38,0,12,7,9,1,7,11,6,0,0,15,0,7,7,0,13,5,0,12,2,1,0,5,0,6,0,0,11,5,0,2,0,0,9,6,0,11,3,1,1,3,7,4,0,9,23,1,21,3,6,2,0,11,2,1,22,0,9,5,1,4,1,0,5,3,13,0,0,5,21,2,4,6,1,8,2,0,16,3,15,4,0
0,22,0,1,0,0,0,0,0,6,0,24,0,5,8,0,31,2,6,4,5,1,16,8,14,7,1,24,7,8,6,1,0,0,4,10,0,11,1,8,0,0,0,0,1,0,4,4,1,2,0,4,0,5,1,1,4,11,14,0,11,19,4,0,10,8,0,0,4,5,15,17,4,1,1,2,8,0,0,2,1,3,1,0,0,0,11,10,5,28,0,10,16,10,0,1,0,2,1,14,4,0,6,0,6,48,2,1,16,5,22,10,2,6,8,6,0,9,5,0,16,1,4,12,0,6,8,0,0,9,9,7,0,7,2,19,26,3,17,27,1,10,0,2,1,3,88,1,0,6,10,4
0,0,4,2,5,0,3,22,7,12,0,3,0,0,19,6,3,2,9,11,1,5,0,3,2,0,0,0,3,2,9,12,0,4,3,11,0,6,1,4,4,0,0,2,1,14,4,15,1,3,0,4,0,2,0,1,0,1,1,0,8,1,1,0,0,3,27,4,0,0,0,6,12,13,1,3,20,1,1,4,2,2,16,2,0,4,7,0,9,0,0,2,14,8,8,14,5,11,15,4,0,0,0,1,7,0,1,5,0,6,4,2,1,2,11,22,0,12,0,7,12,1,0,5,6,3,1,0,5,4,7,14,1,11,15,3,5,1,7,14,0,10,10,1,6,8,14,3,17,8,1,3
2,1,0,2,2,22,0,6,20,3,2,2,0,4,14,0,0,2,7,3,0,2,0,1,6,0,0,13,4,5,0,0,11,2,7,2,0,0,9,1,2,0,10,0,26,1,2,2,13,0,14,18,5,1,22,0,8,0,3,43,0,1,3,9,2,0,38,5,0,0,1,2,2,0,8,1,0,5,0,0,10,4,1,5,5,0,0,0,0,5,9,1,0,0,18,27,5,1,11,1,6,10,3,19,1,7,9,3,2,0,0,1,3,0,3,3,7,8,0,9,17,2,3,1,5,0,1,19,0,14,1,3,0,5,0,4,0,16,7,2,0,0,11,0,2,5,2,14,16,13,2,5
0,17,0,0,0,0,2,0,0,7,0,8,0,2,3,0,20,2,1,7,4,4,2,0,1,2,0,1,6,15,0,0,2,0,0,2,1,3,7,7,0,0,0,0,0,0,8,0,3,0,0,2,0,19,0,0,1,6,2,0,52,10,1,0,57,0,0,15,0,1,0,8,17,0,0,7,3,0,2,4,0,0,7,0,0,7,1,12,6,26,0,5,1,0,0,0,0,1,0,57,1,2,28,0,7,32,0,0,31,1,4,1,0,2,12,1,0,4,6,2,3,0,2,28,0,6,1,0,0,1,5,2,1,1,2,7,31,3,0,15,1,1,0,2,2,0,4,0,0,3,1,0
2,25,15,6,5,8,5,19,1,1,5,19,3,4,18,5,11,7,9,32,6,9,9,3,10,11,9,17,15,3,19,16,18,6,6,18,1,15,5,4,10,1,5,6,7,6,11,36,2,13,5,6,1,5,5,2,6,2,3,9,13,13,24,7,4,13,12,17,6,2,8,0,23,12,12,16,11,3,5,6,6,3,15,1,9,27,5,7,22,19,4,15,9,18,7,3,2,10,13,7,3,6,8,9,13,8,7,3,4,6,16,30,3,4,6,12,0,17,4,3,5,1,4,10,4,28,11,1,6,5,25,3,0,17,16,18,15,7,8,16,7,6,17,12,25,17,21,11,7,40,21,6
4,9,1,0,4,0,1,2,0,0,0,17,5,5,19,1,6,16,4,24,2,5,2,10,10,36,2,8,1,5,9,21,1,1,3,27,28,4,0,8,1,12,1,0,2,10,1,23,2,47,0,1,0,5,0,13,1,34,8,0,26,19,20,0,5,31,7,4,12,2,17,23,0,3,0,36,33,0,10,7,1,1,50,0,1,20,57,2,19,6,1,29,3,20,1,1,0,7,7,1,0,3,11,2,18,8,0,1,9,7,30,26,0,3,10,6,1,19,18,1,4,0,0,39,1,60,2,0,11,6,23,9,4,5,9,16,34,6,4,42,44,39,22,3,72,7,33,10,12,29,17,3
0,2,0,2,1,0,1,0,18,4,7,1,0,0,14,14,1,11,1,7,0,10,0,2,1,1,0,2,1,2,15,25,0,13,4,4,0,1,4,13,5,0,1,26,2,7,3,10,4,1,0,1,0,1,0,2,1,1,8,2,6,0,10,0,2,1,9,1,13,0,0,12,3,0,4,0,14,5,1,11,0,7,21,2,0,10,2,0,4,10,0,1,7,0,19,11,6,11,37,0,0,4,0,0,14,0,0,0,1,1,0,6,3,0,9,8,2,3,3,4,6,9,1,1,18,1,0,0,0,1,6,4,0,2,14,1,2,3,16,3,1,17,6,13,0,6,8,11,9,9,10,6
1,0,2,13,1,31,4,0,10,4,2,0,0,8,1,1,0,0,11,0,0,0,0,7,1,0,8,1,8,5,9,0,0,6,6,1,0,2,9,1,6,0,9,1,11,10,2,1,6,0,1,16,12,0,2,0,4,0,1,2,3,0,19,0,0,0,1,1,1,8,0,12,0,4,0,1,0,12,0,5,7,1,0,6,27,0,0,2,0,1,1,0,1,0,12,15,2,0,18,0,6,1,0,1,1,2,8,7,0,0,0,0,17,0,2,0,4,0,0,6,2,2,8,0,0,1,0,14,0,2,1,0,0,1,3,0,0,13,8,1,0,0,2,11,3,0,0,6,3,2,0,2
0,8,0,1,1,0,2,1,0,4,0,47,56,8,21,4,4,10,4,10,16,3,6,0,4,31,3,2,7,6,5,20,2,5,3,10,74,17,6,14,3,60,2,0,0,1,1,22,10,43,0,7,0,3,1,70,0,28,2,0,20,5,1,0,24,22,7,2,3,1,7,16,36,0,1,0,21,0,20,0,0,2,12,0,6,60,41,7,74,8,2,34,2,21,0,3,6,0,8,9,0,0,2,1,30,12,0,0,19,4,30,47,0,4,4,0,0,20,42,1,5,2,0,39,16,80,16,1,59,1,33,0,59,5,1,26,18,9,0,28,63,21,0,4,55,2,5,14,4,27,8,1
1,0,0,2,1,1,1,0,2,2,0,29,3,0,18,1,2,13,1,27,5,5,7,1,5,5,0,14,10,1,10,23,1,2,4,26,2,7,1,6,4,0,1,0,2,15,9,13,3,13,0,4,0,2,0,6,2,4,9,0,15,7,3,0,4,6,11,8,20,0,3,11,33,14,0,21,0,0,4,2,2,5,14,0,0,13,34,0,16,6,0,16,3,8,1,1,1,2,23,2,3,0,5,0,18,4,0,0,6,4,5,17,0,0,8,2,0,11,17,0,2,0,0,6,3,8,0,0,2,5,16,8,2,13,3,15,5,8,11,15,14,3,8,15,22,8,0,5,3,9,1,1
1,2,6,25,2,10,11,3,33,3,15,0,0,2,1,1,0,0,0,4,0,1,1,9,2,0,6,2,0,7,2,0,0,4,12,0,0,0,14,1,0,0,3,22,10,2,0,0,9,0,16,3,25,0,32,0,8,0,1,22,4,0,2,6,0,0,6,0,1,5,0,3,0,5,12,0,0,0,0,0,5,0,1,17,0,0,0,0,0,0,9,0,1,0,42,6,13,0,3,0,16,15,0,6,1,2,9,3,0,4,0,0,22,0,0,0,21,1,0,19,2,2,22,0,3,1,1,9,0,0,1,0,1,1,5,0,0,3,0,0,0,0,11,8,0,4,0,17,5,1,0,3
0,1,0,0,1,0,0,0,0,0,0,5,6,0,0,0,0,9,1,3,1,0,0,0,1,4,0,0,0,0,0,1,0,0,0,1,13,0,0,0,0,1,0,0,0,0,0,1,0,11,0,0,0,0,0,6,0,14,2,0,9,5,2,0,4,10,0,0,1,0,2,5,10,1,0,20,4,0,0,1,0,0,5,0,0,11,5,0,4,0,0,7,0,4,0,0,0,1,2,0,0,2,0,0,4,2,0,0,1,1,11,8,0,0,0,0,0,2,12,0,0,0,0,11,0,8,0,0,11,4,4,0,5,0,1,0,3,0,0,2,14,5,1,1,28,1,0,1,0,4,0,0
2,5,0,0,7,7,5,3,5,9,9,4,0,5,3,0,5,1,1,4,2,3,1,2,8,0,3,6,10,5,1,1,4,1,2,1,0,0,0,7,4,0,0,4,0,5,5,5,6,6,0,1,0,10,4,0,13,3,12,0,2,6,17,1,9,0,0,2,4,0,4,6,7,11,5,0,2,0,1,0,9,3,7,0,2,0,1,11,0,4,0,4,5,2,2,24,6,1,5,9,3,10,8,3,0,1,2,0,5,0,1,0,2,2,4,3,1,5,2,0,20,2,0,8,0,5,2,0,0,19,5,21,0,10,2,2,5,0,2,19,0,0,0,5,7,11,3,2,0,12,5,10
0,4,1,4,1,10,14,0,5,9,6,0,0,2,16,5,0,0,6,3,0,4,5,4,1,0,0,4,0,7,0,1,2,4,10,2,0,1,4,4,0,0,19,1,9,2,3,5,2,0,2,5,1,0,2,0,13,0,1,0,2,2,14,2,2,0,15,1,2,10,0,6,1,0,7,0,2,5,0,9,0,0,0,14,2,0,0,1,0,5,2,0,4,0,7,11,5,0,3,2,4,10,1,13,2,3,6,0,0,5,0,1,2,0,8,14,7,9,0,1,3,4,12,1,8,1,0,2,0,0,4,5,0,9,9,0,0,11,0,4,0,2,4,0,2,2,0,21,14,7,6,5
0,3,2,1,0,0,3,8,1,19,0,0,0,3,2,15,4,0,1,1,0,0,1,5,0,2,0,1,3,1,0,4,5,1,2,0,0,1,11,11,2,0,5,0,1,9,2,3,7,2,0,3,5,12,0,1,1,1,41,5,5,3,6,2,5,1,0,3,2,4,0,3,1,7,1,2,5,0,0,3,0,0,4,5,3,3,1,2,1,7,1,1,18,2,1,0,0,1,6,2,0,4,2,2,1,4,1,3,1,13,1,1,1,4,3,7,0,1,0,0,21,7,1,5,0,6,0,5,2,27,4,9,0,9,1,1,1,24,1,3,0,2,4,0,6,2,4,8,8,5,6,17
1,19,1,0,0,3,1,1,1,1,1,45,12,8,12,3,1,32,13,22,1,5,6,0,10,26,0,0,1,6,10,29,0,0,3,37,14,5,3,5,1,11,0,0,1,10,12,11,2,25,0,0,0,5,0,21,1,15,0,0,10,17,27,5,1,15,7,1,16,1,7,15,50,21,0,12,14,1,5,7,0,4,0,0,7,34,26,6,14,8,2,35,9,16,0,0,0,17,18,0,2,6,0,3,7,17,1,0,4,2,11,31,1,2,1,2,0,5,27,2,9,0,0,40,0,38,12,0,15,3,30,1,5,7,33,6,6,9,17,22,57,30,6,4,35,12,2,0,9,17,1,12
25,3,7,37,10,4,23,0,2,10,13,0,0,0,0,0,0,0,2,0,0,0,0,21,5,1,0,0,1,3,4,0,0,10,5,0,0,0,9,2,2,0,38,4,26,2,2,1,11,0,5,4,35,0,4,0,8,0,0,40,0,1,3,6,0,0,7,0,2,5,0,1,0,2,6,0,0,17,0,0,14,5,0,0,0,0,0,1,1,0,4,1,2,0,35,16,0,1,1,0,7,8,0,11,0,0,4,2,0,6,0,0,18,0,1,5,8,0,0,14,4,13,4,0,8,1,0,3,0,0,0,0,0,1,4,0,0,2,0,1,0,1,28,0,1,3,1,6,0,0,6,4
0,0,2,10,5,28,13,24,10,1,4,2,0,25,4,6,0,0,6,0,0,3,6,32,1,0,15,16,2,10,10,0,12,0,10,0,0,1,11,11,12,0,19,4,11,8,2,0,12,0,0,0,2,0,0,0,6,0,0,10,2,1,26,13,0,0,0,0,0,5,0,9,1,0,27,6,0,0,0,2,2,3,7,0,0,0,0,3,0,0,21,0,12,0,7,13,7,2,22,20,22,8,0,8,0,2,34,5,0,16,2,0,16,0,0,2,5,0,0,0,5,3,9,0,0,0,8,8,0,3,0,0,0,5,8,0,0,30,6,1,0,0,16,7,3,0,0,4,7,4,4,11
0,7,0,0,2,1,0,1,0,1,0,20,33,0,5,2,5,20,0,8,2,1,2,0,3,37,0,4,0,0,6,3,3,0,0,26,35,2,0,3,0,12,0,2,0,1,0,9,0,10,0,0,0,10,0,24,3,28,4,0,17,2,16,0,2,21,13,0,4,0,7,27,20,10,0,60,13,0,11,0,0,3,34,0,0,0,3,0,68,0,0,22,0,7,3,1,0,6,2,2,0,0,0,1,17,0,0,0,13,1,19,39,1,1,1,1,0,5,57,1,2,0,0,27,0,46,0,0,35,0,33,4,26,2,2,2,20,3,1,13,76,20,8,0,98,0,0,0,3,32,0,1
1,9,0,1,0,0,0,2,0,0,1,25,16,1,10,0,1,9,0,4,2,5,2,0,1,26,2,7,2,5,6,27,1,0,1,9,62,1,0,5,1,16,0,0,0,0,0,13,1,60,0,1,0,1,1,40,3,9,0,0,32,13,4,3,18,35,5,11,7,0,1,5,57,2,0,41,34,0,5,1,0,1,26,0,0,3,0,4,33,0,2,37,0,17,0,4,6,0,0,1,0,0,0,0,10,2,0,4,8,0,21,14,4,0,7,3,0,7,48,0,0,0,0,15,0,36,1,0,1,0,14,0,3,0,4,1,21,0,0,45,31,18,0,3,12,2,9,0,0,21,4,3
0,14,0,0,9,4,0,2,0,7,0,3,1,11,0,3,19,1,11,0,8,13,8,4,6,2,7,5,9,9,4,0,16,2,3,5,0,8,7,13,3,0,2,0,4,0,4,0,11,8,0,8,1,7,0,0,9,7,6,0,8,10,30,5,3,0,0,10,0,0,12,7,2,0,2,7,0,0,0,11,1,2,6,1,3,0,4,0,3,19,0,1,13,0,2,1,0,2,13,18,1,0,6,1,8,10,4,0,3,1,2,5,4,12,12,15,0,4,0,0,21,0,2,10,0,4,16,0,0,6,8,4,0,12,12,7,6,5,6,7,0,4,0,19,1,6,1,0,1,4,12,6
0,6,0,0,0,1,2,6,0,2,0,27,14,1,13,2,3,16,1,25,7,2,4,0,12,39,1,9,6,2,5,9,1,0,1,26,13,5,1,3,3,2,0,5,1,9,3,43,0,22,1,3,0,2,0,28,2,21,18,0,48,6,6,1,11,25,12,5,9,0,6,22,19,4,0,74,16,0,4,0,0,1,14,1,0,68,33,3,0,10,0,17,2,8,2,5,1,4,4,7,0,0,12,0,14,4,0,1,16,1,35,15,0,1,3,0,0,15,22,1,7,3,1,36,5,26,1,0,22,2,31,3,3,2,3,10,26,2,3,20,25,16,8,3,51,18,6,3,5,25,11,2
0,24,0,0,2,0,1,2,0,8,0,26,4,2,15,0,7,4,3,8,14,1,22,1,9,5,0,20,19,13,5,4,10,6,2,6,1,4,4,9,0,0,0,0,6,2,3,5,3,6,0,1,0,22,0,1,12,17,5,0,27,34,3,2,21,1,2,28,0,5,26,19,6,10,1,8,6,0,0,4,5,7,8,0,0,0,0,19,10,0,0,5,10,7,0,6,1,0,1,29,4,8,27,3,29,39,1,2,19,6,9,5,3,5,10,6,0,8,2,0,10,5,0,38,2,8,10,0,3,14,12,10,0,20,3,12,20,5,21,39,1,2,0,4,2,10,17,1,4,10,13,7
3,0,29,4,3,0,12,13,6,0,16,0,0,6,0,2,0,0,0,0,0,2,0,1,0,0,0,0,0,1,3,0,2,27,3,0,0,0,3,1,8,0,1,12,8,0,2,0,3,1,28,2,13,0,29,1,0,0,0,63,0,0,24,12,0,0,1,0,0,9,0,4,1,0,1,2,0,9,0,0,2,1,2,4,21,0,2,0,0,0,0,0,2,1,17,0,10,0,9,0,4,7,0,3,1,0,5,0,0,3,0,0,14,0,0,0,15,0,0,5,0,1,1,3,19,0,1,27,0,0,1,0,0,1,10,0,0,4,1,0,1,0,3,13,2,7,0,6,3,2,0,0
1,3,0,0,0,0,0,1,1,1,0,18,12,0,0,0,1,23,1,19,0,1,0,0,0,41,2,12,0,0,4,24,0,0,0,16,50,2,0,2,0,9,1,2,0,0,0,12,0,20,0,0,0,1,0,20,3,21,1,0,28,1,3,0,2,40,0,10,2,1,5,15,29,1,0,34,16,0,7,4,0,1,35,1,0,22,37,1,17,5,0,0,3,24,2,0,0,5,2,1,0,0,2,0,21,1,0,0,16,0,30,25,0,1,3,3,0,5,52,0,1,0,0,27,0,31,0,0,17,0,9,0,16,0,2,2,23,0,0,16,78,36,0,7,43,2,1,0,0,27,3,2
2,6,0,6,9,6,7,13,1,13,1,6,0,2,8,15,7,1,22,8,7,0,2,7,6,1,10,13,11,1,24,0,3,1,7,4,0,5,15,21,13,0,6,4,1,2,2,1,7,0,0,6,0,2,0,0,23,8,2,0,3,25,5,7,3,1,5,16,14,0,1,9,3,7,1,2,3,1,0,5,4,18,9,2,12,0,0,13,2,10,2,3,0,7,6,9,0,12,1,30,10,15,3,0,4,0,4,5,0,18,2,3,1,8,4,14,2,0,3,3,10,15,6,2,0,0,1,0,0,12,1,28,0,6,9,2,7,6,19,19,0,2,2,23,4,7,9,6,9,12,1,34
1,1,0,1,0,0,0,6,0,0,0,11,9,0,3,0,1,9,1,10,1,0,0,2,3,20,2,4,2,0,1,26,0,0,3,10,41,13,0,2,0,4,1,0,0,2,6,2,1,15,0,0,0,2,0,22,1,8,1,0,8,8,3,1,2,14,0,10,8,0,0,18,20,0,0,21,8,0,4,2,0,2,16,0,0,7,17,0,8,7,1,24,7,0,5,1,0,4,2,0,0,1,4,0,1,7,0,2,10,0,30,11,0,0,0,2,0,2,17,0,0,0,0,10,0,39,0,0,5,1,30,3,18,14,0,8,6,0,6,7,13,13,0,2,9,7,0,0,0,14,4,1
29,0,3,18,8,7,18,4,12,3,21,4,0,0,4,1,1,4,0,4,0,1,0,27,1,1,0,2,0,1,8,1,0,16,4,7,0,0,5,0,6,0,15,15,7,10,3,2,9,0,5,0,17,0,5,1,0,2,1,5,1,0,6,14,1,0,6,0,8,18,0,7,1,19,12,0,1,42,0,2,7,1,0,35,7,3,0,2,2,0,17,2,6,5,0,18,0,7,22,0,1,13,0,11,2,0,0,1,1,5,0,3,4,1,4,9,12,0,0,9,1,12,7,1,1,2,0,13,0,0,6,0,0,0,29,0,0,1,0,5,2,3,14,11,4,0,0,10,34,6,5,12
4,0,2,2,12,13,13,0,6,1,8,2,0,9,5,13,0,0,10,3,0,17,0,5,3,0,0,18,6,4,23,3,2,11,4,0,0,1,36,3,4,0,1,2,6,13,3,20,5,0,0,10,1,0,0,0,27,0,2,0,0,5,20,2,1,0,0,1,14,27,0,3,1,11,15,3,1,6,0,24,11,0,0,16,13,1,4,1,5,6,0,0,9,1,18,0,0,6,11,8,7,9,0,9,2,4,5,2,0,0,1,0,11,2,10,0,0,17,0,15,19,0,1,4,4,3,6,6,0,1,1,0,0,5,2,0,1,10,26,3,0,0,1,1,1,0,0,3,5,5,8,14
18,0,1,2,3,4,2,0,10,12,4,1,0,15,0,1,1,0,0,1,0,9,0,3,0,0,3,5,0,0,3,2,0,31,0,0,0,1,18,6,4,0,8,9,4,0,3,0,4,0,4,0,3,0,33,3,16,0,0,52,4,0,10,2,0,0,0,0,5,5,0,2,0,6,2,6,1,13,0,6,5,0,0,0,7,0,6,0,1,1,10,0,0,0,0,0,0,0,43,0,1,3,0,4,0,1,9,4,0,2,0,0,11,0,7,0,4,0,0,1,7,0,0,0,18,4,1,10,0,0,1,0,0,0,0,0,0,2,1,0,2,0,11,3,0,1,1,20,0,4,0,0
3,7,2,0,0,1,1,9,1,0,2,0,1,0,2,1,3,4,7,10,2,0,1,1,3,0,0,4,4,3,6,9,2,0,1,7,0,9,3,6,1,0,5,1,1,11,2,5,2,2,0,4,1,4,0,0,8,3,6,0,8,6,4,0,1,0,11,2,11,1,1,10,7,11,0,0,2,0,1,1,0,1,17,1,2,6,0,2,4,0,0,5,12,4,7,6,0,0,6,0,0,6,0,0,6,0,0,4,4,3,2,5,0,0,5,7,0,4,4,0,5,0,1,0,2,6,0,0,0,11,6,4,0,5,23,1,7,1,10,14,2,1,3,17,22,3,0,1,11,14,4,6
17,6,2,9,9,14,4,12,6,1,4,3,1,6,6,1,1,4,8,6,0,4,0,10,0,2,7,8,7,6,9,12,17,25,2,2,0,1,4,7,14,0,19,47,6,9,15,2,8,0,0,6,0,0,4,0,28,3,0,0,15,6,26,7,0,0,5,1,15,11,0,13,7,37,18,8,23,3,2,5,3,6,18,1,22,2,0,13,4,1,9,2,1,2,22,11,43,6,0,16,26,2,5,5,1,4,16,1,0,17,3,5,19,0,3,5,0,8,0,18,3,1,0,1,22,4,3,3,1,2,4,1,2,6,53,4,0,25,5,11,11,16,45,9,3,4,1,14,3,12,0,12
0,22,0,0,1,0,1,7,0,11,0,6,0,6,3,16,24,0,8,6,31,12,12,5,24,1,5,2,27,170,6,0,11,0,1,1,2,12,5,37,1,0,0,0,1,2,20,0,11,0,0,1,0,14,0,1,4,3,7,0,7,13,7,0,37,0,0,14,4,1,57,7,1,0,0,9,2,0,0,9,2,2,0,0,20,2,1,18,7,29,0,1,30,0,0,8,0,0,16,0,14,6,36,2,6,14,5,2,20,29,0,6,2,5,2,9,1,3,4,1,19,3,4,7,0,0,1,1,0,14,8,30,1,21,6,6,13,6,15,3,0,5,0,3,2,5,15,1,6,5,7,5
5,1,23,14,4,5,4,4,2,3,18,0,0,0,0,1,0,1,5,2,0,4,2,5,10,0,0,5,2,7,6,0,1,1,4,1,0,0,8,12,2,0,3,5,11,0,1,2,27,0,25,1,10,0,30,0,10,0,2,46,0,2,4,3,3,1,2,4,0,6,1,3,0,0,6,0,3,16,0,3,4,0,2,7,22,0,0,1,0,4,4,0,10,0,1,7,1,0,26,14,0,17,0,5,4,2,7,8,0,5,0,0,11,0,3,4,25,3,0,4,0,3,8,0,10,2,6,11,0,12,0,7,0,4,4,1,0,1,11,1,0,0,4,4,1,8,3,3,2,1,1,6
1,1,4,12,6,8,6,1,2,9,3,3,0,0,3,0,5,1,5,4,1,1,5,7,11,0,0,3,5,10,5,1,5,1,10,5,0,0,3,9,3,0,3,9,12,5,4,0,31,0,19,5,2,2,6,0,6,6,6,13,1,7,0,14,1,0,0,0,0,10,2,6,3,4,1,0,0,15,2,10,10,4,6,8,8,0,0,0,0,8,7,0,15,1,13,9,3,6,2,6,17,0,3,12,0,5,0,11,0,2,2,0,6,1,1,1,4,1,0,7,10,17,10,0,2,2,5,1,0,7,0,2,0,4,2,2,4,0,4,9,0,3,3,2,7,0,2,13,12,0,0,3
0,16,0,0,0,0,0,0,0,2,0,4,2,1,4,0,18,2,0,3,6,1,5,0,8,2,0,2,2,15,2,0,11,0,0,0,0,0,0,11,0,0,1,0,0,0,2,0,1,0,0,3,0,23,0,1,0,5,9,0,10,7,1,0,24,0,0,6,0,3,28,8,11,0,0,2,5,0,0,8,1,2,0,0,0,0,0,6,12,27,0,2,3,4,0,0,0,0,5,36,0,3,0,0,2,13,0,0,18,7,1,3,0,3,14,0,0,4,2,0,10,0,1,18,0,1,4,0,0,23,5,2,0,4,0,3,27,1,1,14,0,5,0,0,0,3,9,0,0,7,2,2
1,3,4,17,2,0,14,4,14,3,1,0,0,6,10,1,1,0,1,5,0,3,3,3,1,0,4,0,6,3,3,0,0,0,3,1,0,0,1,2,1,0,13,7,7,0,1,1,19,0,2,8,10,1,7,0,4,0,0,0,1,1,19,0,0,0,9,0,1,19,0,9,2,0,1,1,0,6,0,3,13,2,3,11,8,1,0,1,0,3,3,0,0,0,11,9,4,0,5,2,5,12,0,0,0,1,10,1,0,7,0,0,8,0,0,6,7,7,0,3,0,2,4,0,2,1,0,19,0,1,0,0,0,7,9,1,0,3,0,0,0,0,6,1,1,1,0,1,9,0,0,1
0,3,0,0,1,0,0,8,0,4,0,19,7,3,4,0,6,10,6,9,7,3,3,1,6,22,3,4,5,4,2,4,0,0,1,10,4,4,0,8,2,5,1,0,0,2,1,17,1,10,0,1,0,2,0,12,0,14,9,0,16,5,11,0,4,8,6,6,7,1,7,13,18,14,1,30,18,1,4,0,2,1,7,0,0,17,10,8,14,29,1,21,4,1,2,2,0,6,1,6,4,0,2,0,0,5,0,4,15,1,13,7,0,3,8,6,0,11,7,3,8,0,0,20,0,19,3,0,11,6,9,4,2,15,9,4,8,2,6,15,19,13,1,0,24,8,3,1,5,24,11,3
1,24,1,0,4,3,0,0,2,7,2,4,0,9,5,1,17,1,1,8,14,8,16,3,14,3,0,9,8,9,5,0,17,1,0,1,0,2,3,3,3,0,1,2,0,0,5,2,11,0,5,2,0,10,2,0,3,6,6,8,16,27,15,0,17,0,0,48,0,7,32,8,8,0,2,12,4,2,2,1,3,4,17,0,2,0,2,10,4,39,0,1,0,7,0,4,1,0,4,14,2,5,13,1,5,0,1,0,11,13,2,4,1,5,0,0,2,5,1,3,4,1,0,5,0,7,26,0,4,3,7,6,0,7,16,9,8,8,5,4,0,1,1,13,13,5,16,2,2,5,7,2
16,1,20,6,3,15,7,17,4,1,6,1,0,5,1,2,2,0,7,0,0,5,3,14,2,2,4,8,3,16,2,0,6,12,12,0,0,0,10,4,4,0,4,5,14,2,4,0,3,0,14,11,11,0,12,0,13,0,0,11,3,9,32,1,0,0,11,2,1,9,0,7,0,0,8,0,0,9,0,2,6,1,1,4,34,0,0,4,0,1,5,0,4,0,0,5,9,0,16,5,7,0,0,10,0,1,0,5,0,6,1,0,1,0,3,2,9,3,0,3,8,0,3,0,19,0,3,8,0,0,1,5,0,14,8,0,0,14,12,3,0,1,22,10,2,2,2,8,0,10,0,5
0,0,24,18,10,4,2,0,5,4,18,0,0,1,0,4,2,0,3,0,0,2,2,11,10,0,0,0,0,7,7,0,1,1,0,0,0,0,14,3,3,0,13,6,6,5,0,2,7,0,7,9,12,0,1,0,3,2,0,20,1,1,7,13,0,0,3,1,5,3,0,3,1,0,7,0,0,3,0,0,0,3,0,2,5,0,4,0,1,2,0,0,5,2,1,2,4,4,1,2,8,11,0,1,4,0,5,0,0,3,0,0,8,0,0,12,8,3,0,6,11,0,1,0,1,1,0,1,0,2,1,0,0,2,0,1,2,8,1,3,0,1,7,1,4,0,1,5,7,1,1,3
0,12,1,0,0,1,2,1,0,2,0,13,1,0,8,0,15,5,0,13,1,1,3,0,3,12,0,6,7,6,0,4,1,2,8,11,0,10,0,1,0,1,0,0,0,3,0,8,2,6,0,1,0,7,0,4,1,11,3,0,14,0,0,0,22,29,1,16,0,2,31,4,9,1,0,19,6,0,1,5,0,1,4,0,0,13,8,3,16,19,0,16,0,10,1,0,0,4,0,20,0,0,18,0,15,11,0,0,0,1,5,2,0,4,6,4,0,5,6,0,13,0,0,17,0,8,0,0,1,1,15,0,3,8,8,5,17,0,1,12,0,9,0,0,15,3,7,0,3,6,16,2
3,6,1,3,4,3,5,23,1,3,2,1,0,8,3,6,0,0,3,0,6,7,7,6,6,0,13,4,2,2,9,0,0,4,7,1,0,1,10,7,4,0,4,6,4,5,4,2,13,0,2,3,5,3,6,0,22,0,4,14,4,4,13,15,10,0,1,5,6,0,1,6,7,1,0,4,4,4,1,0,5,13,2,6,16,1,0,1,1,6,3,0,18,0,5,0,2,3,17,29,5,2,7,7,1,13,6,3,1,0,1,1,5,2,1,8,2,6,0,4,6,5,1,1,0,3,7,1,0,5,1,4,0,1,21,1,1,12,5,1,4,1,7,32,2,3,7,4,4,1,3,5
0,19,0,1,1,0,0,0,0,0,0,8,11,2,7,1,3,5,1,22,0,0,0,1,10,22,3,18,5,0,0,5,2,1,2,20,28,4,0,1,3,27,1,2,0,1,3,20,2,23,3,0,0,4,0,15,0,10,0,2,5,0,7,1,6,12,3,22,4,0,4,16,30,0,0,30,5,0,11,1,0,1,11,0,2,19,21,2,35,9,0,30,2,30,0,1,0,2,3,0,0,2,1,0,13,2,1,0,5,1,0,17,1,0,1,3,0,19,24,0,2,2,0,33,2,60,0,0,11,2,14,2,14,3,0,0,12,2,1,13,59,19,6,2,40,0,1,0,0,41,5,0
2,19,0,0,2,1,2,4,0,3,0,19,31,2,15,3,7,33,3,12,1,2,0,1,6,21,1,2,3,0,5,20,3,0,5,20,53,0,0,10,1,47,1,1,1,7,2,11,0,16,0,1,0,0,1,24,1,26,5,0,20,16,13,0,8,18,7,10,2,1,1,30,26,6,0,47,17,0,8,0,1,1,31,0,0,39,14,5,15,5,0,25,3,11,3,0,0,5,5,6,0,0,3,0,7,4,0,0,2,1,17,0,0,2,0,1,0,5,26,0,1,0,0,16,4,42,0,0,25,7,23,2,15,1,11,1,7,0,1,33,78,21,13,8,64,8,12,0,5,8,2,4
12,1,4,46,3,30,18,4,11,1,30,0,0,9,3,5,0,1,0,0,1,2,5,12,3,0,4,4,5,1,12,0,2,13,3,0,0,1,8,2,5,0,8,14,21,3,2,0,6,0,15,0,23,1,0,0,7,3,1,10,0,0,14,10,0,0,4,2,1,3,0,3,0,3,17,0,0,22,0,2,2,1,1,18,16,1,4,4,0,3,14,0,1,0,4,11,11,0,19,2,11,6,0,8,0,1,1,8,0,5,1,0,0,1,1,3,14,1,0,8,4,7,9,0,0,0,1,21,0,1,2,1,2,3,4,0,0,1,8,1,0,1,9,1,1,6,0,3,3,1,2,6
0,16,1,0,0,0,0,0,2,4,0,2,0,1,0,0,6,0,2,6,2,0,0,1,3,3,1,0,7,3,4,0,6,0,5,0,0,3,2,2,0,0,2,0,0,0,0,0,1,0,0,1,0,7,0,2,6,2,4,0,6,7,3,2,10,0,0,6,2,0,2,4,3,0,0,4,0,0,0,2,0,4,2,0,0,1,0,12,1,5,0,1,8,0,1,2,0,0,0,5,0,1,3,0,3,5,0,0,4,2,0,2,1,0,5,9,0,0,1,0,4,0,0,13,0,7,2,0,1,3,4,3,0,6,0,2,11,3,1,6,0,0,0,2,1,6,1,0,0,7,7,1
0,10,5,0,1,0,1,3,0,6,0,8,0,7,5,2,7,2,1,7,3,9,2,1,3,4,0,14,18,2,1,13,1,1,1,10,0,5,0,14,1,0,2,0,0,6,1,3,0,0,0,5,0,13,2,1,6,7,21,0,13,9,5,0,15,3,9,8,11,3,12,6,10,9,2,4,8,0,0,4,8,3,1,1,0,1,7,12,3,10,0,3,4,0,4,10,7,5,3,2,3,1,14,0,8,0,3,0,6,1,1,0,1,5,0,4,0,5,4,0,13,0,1,20,0,14,0,1,1,12,6,1,0,2,10,2,8,1,2,11,0,7,0,6,10,11,4,0,0,12,2,5
0,2,0,6,8,5,1,10,7,2,1,3,2,2,6,6,3,0,9,10,2,2,1,15,11,2,7,5,0,4,1,0,2,0,11,9,0,3,1,15,12,0,3,5,7,10,1,9,11,0,0,2,2,3,0,0,6,16,2,0,7,10,23,1,2,8,23,6,22,3,1,12,6,8,0,0,2,0,0,3,14,7,2,5,2,1,3,15,0,6,0,3,14,2,9,0,0,7,5,9,4,1,0,6,6,0,2,12,4,8,3,1,3,9,4,0,0,11,2,2,7,9,2,3,0,1,0,0,0,8,6,12,0,13,13,5,7,6,7,9,0,5,12,12,5,3,7,11,7,10,7,9
12,0,27,33,0,5,16,0,11,1,18,0,0,3,0,0,1,0,0,0,0,3,2,0,3,0,0,0,0,2,0,0,0,19,13,0,0,0,9,0,0,0,9,3,2,0,0,0,16,0,50,3,40,0,4,0,0,0,0,81,0,0,10,12,0,0,1,0,0,7,0,0,1,2,4,0,0,21,0,1,7,0,0,8,5,0,0,0,0,0,15,0,2,0,12,0,4,0,0,1,25,4,0,7,0,2,9,8,0,2,0,0,14,0,0,0,0,0,0,10,0,2,3,0,1,0,0,15,0,5,0,0,0,0,2,0,0,8,0,0,0,0,13,7,0,2,0,10,3,0,0,0
0,3,4,0,3,2,1,0,3,2,0,17,3,2,27,0,0,8,4,32,0,2,5,3,9,19,0,4,4,1,14,28,2,0,6,26,0,5,0,11,1,1,1,0,3,2,1,23,1,12,0,0,0,1,0,7,0,17,3,0,13,2,12,1,1,6,21,9,12,8,4,17,19,3,0,20,11,1,2,5,9,1,5,0,0,5,7,4,15,8,0,5,0,2,0,17,0,4,8,3,3,1,4,7,11,5,3,3,5,6,19,5,1,0,5,11,0,0,16,1,0,0,5,25,3,30,14,5,4,3,14,27,2,11,17,11,13,5,7,16,3,6,2,1,21,9,0,7,5,20,9,7
0,3,1,0,0,0,0,0,0,0,0,18,89,2,6,0,3,20,0,9,1,1,0,1,2,41,0,2,2,1,0,22,0,5,0,20,66,2,0,2,0,33,0,1,0,0,0,13,0,52,0,0,0,1,0,46,0,16,0,0,29,2,4,0,5,26,3,5,0,0,6,4,18,3,0,42,17,0,12,2,0,0,27,0,0,57,48,0,22,2,0,52,3,17,0,0,0,4,0,4,0,0,2,0,7,1,0,0,6,0,24,26,0,1,4,2,0,16,0,0,0,0,0,28,2,57,0,0,20,1,24,0,35,1,0,3,13,0,2,6,95,14,0,5,22,2,3,1,1,24,6,3
2,0,1,31,4,8,15,1,12,7,7,1,0,1,0,0,0,0,5,3,0,5,0,6,1,0,3,4,0,0,2,0,0,7,1,0,0,2,16,3,2,0,10,18,8,4,6,0,4,0,3,9,4,0,6,0,0,0,1,36,1,0,7,6,0,0,6,0,7,9,2,3,1,4,6,1,0,19,0,0,1,0,2,14,0,1,0,0,1,0,5,0,3,0,9,15,1,0,18,1,4,7,0,3,3,3,3,6,0,4,0,0,8,0,0,2,10,1,0,0,7,4,2,1,8,4,0,19,0,1,0,0,0,6,8,0,2,0,0,0,0,0,23,2,6,1,0,20,19,0,0,1
0,10,4,2,6,10,1,22,1,8,10,0,0,0,1,2,14,0,11,11,9,1,4,2,3,2,2,15,16,5,39,0,1,3,8,1,0,6,12,13,1,0,1,5,5,4,1,2,2,1,0,8,0,3,0,0,3,3,43,1,2,7,15,8,8,3,2,16,12,17,3,5,4,6,2,5,2,2,0,20,3,21,9,4,5,2,0,21,7,10,0,1,10,0,1,19,7,5,3,19,0,10,10,0,8,4,8,11,13,6,2,1,4,4,13,7,0,0,0,7,0,7,1,5,0,3,0,1,0,25,4,21,1,17,8,3,5,10,17,9,0,4,6,12,8,11,8,0,2,5,4,17
6,3,3,16,4,10,0,5,4,12,2,0,0,8,10,3,0,0,9,5,0,1,0,5,6,0,6,5,1,1,13,0,4,0,1,1,0,0,4,3,7,0,0,9,2,5,0,1,2,0,7,4,6,0,6,1,3,3,2,1,0,1,9,14,0,0,0,1,1,2,0,1,0,9,2,2,0,2,0,2,4,7,0,13,3,0,0,0,3,5,1,0,15,0,12,0,0,0,1,3,3,17,0,2,0,1,0,0,0,5,2,0,7,0,0,9,2,0,0,4,7,0,0,1,9,5,0,0,0,4,3,6,0,4,1,0,0,1,10,1,0,0,1,0,2,1,1,8,11,3,3,1
2,2,0,10,0,5,3,1,9,1,1,0,0,2,0,0,0,1,1,2,3,0,0,9,0,0,8,6,0,3,0,5,0,11,14,0,0,0,6,5,0,0,10,8,21,3,4,1,22,0,13,1,8,1,0,0,3,0,2,9,0,2,3,0,2,1,11,4,0,3,2,4,0,1,8,0,0,22,0,0,12,1,0,4,9,0,0,2,1,0,1,0,6,0,7,1,0,1,0,4,8,10,1,4,0,0,3,1,0,1,0,0,9,0,1,2,3,5,0,2,1,0,0,3,0,1,6,2,0,0,0,0,0,4,5,0,2,1,3,3,0,0,4,1,3,2,0,7,1,5,5,7
0,29,0,0,4,0,2,0,1,1,0,30,12,4,12,0,10,30,1,14,1,0,5,2,3,45,0,2,1,4,2,14,0,0,0,25,41,11,2,6,0,3,4,0,0,3,4,25,2,17,2,0,0,10,0,30,5,29,23,0,27,9,1,0,57,35,2,12,5,1,28,10,39,1,0,39,6,0,11,8,1,5,40,0,0,27,15,10,36,38,3,27,2,10,1,4,0,0,1,7,0,0,18,0,20,5,0,0,17,1,33,16,0,13,20,3,0,25,28,1,5,1,3,0,0,51,0,0,18,7,59,3,9,6,2,4,19,2,4,47,61,13,6,2,51,8,17,1,0,40,47,0
47,0,13,19,0,0,10,0,0,10,3,0,0,11,3,9,3,0,0,1,0,18,0,0,0,1,4,7,0,0,7,12,7,32,1,0,0,3,6,2,25,0,0,8,0,10,3,0,11,1,9,11,0,0,15,2,0,0,0,22,2,0,1,25,2,0,1,0,6,5,0,4,1,18,0,16,3,3,0,0,8,0,0,8,0,0,0,0,5,2,19,0,0,0,1,4,18,2,22,0,10,2,0,2,0,0,19,1,0,0,2,4,0,0,0,0,1,3,2,8,0,9,0,0,0,2,2,3,0,0,0,0,0,0,2,0,0,10,3,3,4,0,4,0,0,2,0,68,0,8,0,0
5,11,7,6,2,0,1,2,0,2,1,34,35,2,15,3,7,46,0,27,2,5,4,3,6,81,1,18,6,0,2,9,10,1,0,22,105,12,0,4,2,70,0,2,1,7,1,62,1,38,0,0,0,6,2,64,2,39,1,3,23,27,6,0,12,27,22,6,3,0,6,28,60,1,1,80,8,1,8,5,1,6,38,1,0,46,36,4,26,8,0,31,0,39,2,3,4,6,4,0,2,2,1,1,19,7,0,1,8,3,60,42,0,7,14,1,0,30,57,4,3,5,1,51,2,0,7,1,54,6,21,1,62,8,5,9,28,1,3,25,148,35,1,7,40,14,14,5,2,33,4,3
0,17,0,3,0,0,1,2,0,0,4,11,0,13,5,6,3,7,0,4,9,5,16,1,0,0,6,13,2,8,3,0,23,5,0,1,0,14,2,7,3,0,1,0,6,2,35,0,4,0,4,4,0,0,2,0,8,0,1,0,7,7,16,0,3,0,0,8,1,1,1,11,2,0,0,16,0,1,0,2,0,0,12,0,8,0,1,16,1,10,1,0,1,0,0,6,1,0,3,1,6,5,4,0,3,26,3,0,0,7,0,0,1,2,0,0,0,14,0,0,0,0,6,0,2,7,0,0,0,1,3,1,0,13,25,7,0,6,0,0,1,4,0,4,16,4,9,3,1,15,1,6
9,0,2,3,1,5,28,7,9,0,5,0,0,1,1,0,0,0,0,0,1,3,0,2,0,0,3,1,0,1,0,0,0,23,6,1,0,0,22,7,0,0,0,0,11,0,1,0,16,0,7,3,8,0,6,0,0,0,0,26,0,0,2,3,0,0,9,0,0,19,0,1,0,0,14,1,0,9,0,0,2,5,0,3,8,0,0,0,0,0,27,0,0,0,13,6,10,0,3,1,11,1,0,19,0,0,8,1,0,1,0,0,21,0,1,0,15,5,0,19,1,0,2,0,3,1,0,0,0,1,0,0,0,2,0,0,0,1,1,0,0,0,12,1,0,4,0,11,7,2,0,3
0,3,0,0,0,0,0,0,0,0,0,7,30,0,1,0,4,8,0,8,0,0,0,0,0,6,0,0,0,0,1,5,0,0,0,8,34,0,0,0,0,14,0,0,0,0,0,10,0,4,0,0,0,14,0,20,0,16,0,0,13,1,0,0,7,4,5,0,5,0,0,6,11,0,0,59,2,0,11,0,0,2,15,0,0,35,1,0,22,3,0,17,0,5,0,0,0,0,1,0,0,0,0,0,11,4,0,0,1,0,11,25,0,1,1,0,0,4,20,0,0,0,0,18,0,54,0,0,0,0,16,0,15,0,0,0,10,0,0,10,95,9,0,0,87,0,0,0,0,3,0,0
0,7,0,2,3,6,7,6,1,23,0,3,5,4,4,5,9,5,7,8,9,4,14,2,11,5,3,9,14,7,7,2,14,3,4,1,3,9,6,39,0,0,0,4,1,7,1,1,2,0,3,8,0,9,0,0,11,6,76,1,3,6,6,2,5,0,1,9,4,14,1,5,6,1,2,1,5,0,4,19,0,27,3,0,3,0,0,6,2,14,0,0,12,1,0,1,0,11,2,14,12,7,23,1,6,3,0,2,1,5,2,7,1,3,12,8,5,3,1,1,25,4,0,7,0,6,1,1,0,0,10,18,0,4,2,8,3,19,8,1,0,0,2,10,4,17,7,0,4,10,1,8
1,23,0,0,0,0,2,3,2,2,1,34,7,1,14,2,4,6,0,27,1,3,7,0,6,31,0,13,0,1,3,19,4,4,0,16,18,12,2,5,2,3,0,2,0,4,0,13,3,34,0,0,0,6,0,14,3,10,0,0,50,10,9,1,14,23,4,9,7,1,5,25,23,6,1,33,16,1,4,5,4,4,30,0,0,33,14,8,31,12,1,9,1,30,6,1,1,6,4,8,0,0,5,0,9,7,1,1,15,1,14,23,2,4,6,6,0,14,24,0,4,3,0,59,0,21,3,0,16,10,0,5,7,4,1,8,54,6,6,26,30,28,2,4,28,16,4,3,3,30,15,2
0,8,0,0,6,2,0,7,1,14,0,5,2,3,1,4,4,1,7,2,9,1,8,10,14,2,4,10,2,10,0,0,3,0,6,4,0,5,0,11,3,0,0,9,1,4,5,1,4,0,0,1,0,3,0,0,4,2,11,0,0,2,4,0,3,1,1,7,14,3,2,3,9,4,0,0,8,0,0,21,5,9,1,0,0,4,0,4,3,10,0,0,28,3,0,0,0,4,1,30,7,2,2,0,4,6,5,0,0,4,2,2,1,3,1,12,0,27,0,0,21,6,0,3,0,1,1,0,0,18,5,0,1,9,5,11,3,2,6,4,0,2,0,0,8,6,9,0,12,8,1,2
0,0,0,2,0,0,0,0,0,0,0,3,35,0,2,2,0,10,0,0,0,0,0,0,0,16,0,0,1,0,0,1,4,0,0,1,52,0,0,0,0,13,0,0,0,0,0,3,4,8,1,0,0,3,0,36,0,10,0,0,3,0,0,2,2,12,0,0,1,0,1,0,4,0,0,59,2,1,5,0,0,0,5,0,0,26,3,0,3,0,0,16,0,18,0,0,0,0,2,1,0,0,0,0,2,0,0,0,3,0,14,15,2,0,0,0,0,2,35,0,1,0,0,9,0,62,0,0,15,0,7,1,0,0,0,0,12,0,0,2,50,5,0,4,10,0,0,0,0,5,0,0
0,6,0,1,5,7,1,5,4,3,1,17,0,10,2,1,7,3,5,24,5,3,7,8,15,2,11,34,15,5,8,3,14,7,4,9,3,12,8,10,0,1,5,2,1,4,4,20,6,1,0,2,2,8,2,1,21,8,7,0,7,22,14,2,5,1,5,7,11,5,1,17,5,2,1,5,13,1,0,10,9,9,7,1,5,2,0,12,2,20,1,0,6,14,0,5,0,5,6,21,4,4,4,7,15,7,14,2,8,1,3,1,3,6,2,13,0,11,1,6,17,4,4,6,0,8,13,2,0,4,4,9,0,0,9,7,3,4,11,13,0,4,1,10,4,11,9,3,20,10,2,18
0,19,4,5,2,1,14,23,4,4,6,7,0,30,9,5,7,4,11,5,22,3,10,16,2,4,6,6,15,10,19,3,13,3,10,3,2,10,20,8,29,0,2,7,7,23,30,7,16,0,0,2,2,6,0,1,14,0,2,0,9,15,27,4,1,2,3,2,15,0,2,16,9,14,3,1,3,5,1,2,9,1,33,4,8,2,4,12,3,3,10,2,9,0,29,2,0,23,53,6,4,2,0,9,9,16,8,0,8,21,0,11,4,0,10,13,2,17,0,8,8,1,5,2,2,5,25,0,0,2,1,5,0,9,0,13,8,21,8,11,5,22,24,5,5,6,4,3,7,17,2,10
0,8,0,0,3,1,0,5,2,4,0,13,0,12,23,0,5,2,1,8,6,2,6,2,12,12,1,6,5,1,17,0,3,0,1,27,0,12,4,10,0,4,0,0,1,6,4,5,3,0,0,0,0,4,0,1,3,2,10,0,13,8,1,0,5,7,13,19,3,4,7,18,16,1,0,26,15,0,0,2,0,1,6,0,0,2,1,7,10,12,0,2,2,8,0,0,0,1,4,6,1,2,3,1,4,9,0,1,5,1,0,1,0,2,2,5,0,11,3,0,3,0,0,4,0,9,7,0,0,8,8,11,0,7,13,0,21,3,0,4,1,3,2,0,8,9,5,0,12,1,5,0
0,17,0,1,0,1,0,5,1,3,0,12,9,4,8,2,12,2,6,15,4,1,5,1,10,7,0,6,9,2,1,10,11,0,5,22,1,4,0,13,3,3,0,0,0,7,5,21,4,14,0,1,0,12,0,5,0,25,7,0,21,14,0,0,31,21,0,26,5,0,31,15,34,2,0,18,5,0,3,5,0,1,6,0,0,20,21,6,26,20,0,23,7,6,0,1,0,7,0,13,0,4,27,0,8,8,0,2,17,1,12,7,0,11,8,7,0,13,13,2,5,0,2,19,0,28,0,0,10,3,54,3,12,3,8,21,0,4,1,18,24,5,1,4,37,8,20,0,0,36,20,3
4,4,1,3,3,7,2,9,4,4,3,10,0,29,8,5,3,0,2,3,1,5,5,18,13,0,12,8,3,3,17,0,30,2,8,2,0,1,21,15,7,0,2,1,10,5,9,0,17,0,1,10,2,3,2,1,18,0,14,11,0,7,10,0,4,1,0,3,1,16,3,7,6,3,13,9,8,3,0,0,11,24,9,2,30,3,0,5,2,5,4,0,6,0,1,10,2,1,25,6,1,0,1,3,2,8,14,8,0,12,2,0,1,3,1,6,8,5,0,0,10,1,1,2,10,1,6,1,0,19,6,2,0,4,21,3,4,0,3,8,0,2,10,11,7,0,6,5,3,7,3,3
0,5,0,15,5,9,1,6,4,1,3,13,0,1,7,8,4,3,14,14,10,6,6,24,11,1,7,13,16,12,5,2,4,5,7,2,0,0,9,5,1,0,2,1,1,2,9,10,16,0,0,1,1,0,0,0,3,6,2,2,7,6,13,0,2,1,5,17,7,7,0,8,4,16,8,0,11,0,0,2,0,1,17,0,6,1,0,6,3,21,1,0,19,6,0,26,1,10,5,15,11,4,1,0,6,5,12,1,1,5,1,1,8,1,2,7,0,7,2,0,17,10,3,4,3,3,0,1,0,8,6,6,0,11,8,0,1,3,0,5,0,1,17,5,3,1,6,0,8,8,5,5
1,32,4,2,2,0,0,6,1,3,2,7,1,4,19,1,11,6,3,15,9,2,4,4,12,13,2,10,3,3,13,28,3,1,3,16,11,5,0,13,2,4,0,0,0,18,18,20,1,10,0,0,1,9,0,2,7,33,6,0,14,24,11,3,9,17,21,27,14,2,15,16,42,3,1,28,15,0,2,19,4,3,22,1,1,13,45,7,20,39,0,16,19,7,5,3,0,14,11,3,1,9,14,0,15,4,3,3,12,1,13,33,1,6,11,9,0,16,6,0,9,1,3,47,3,25,0,0,10,1,26,4,2,13,11,4,18,8,5,0,14,13,8,22,53,14,20,0,8,22,23,1
0,2,1,0,0,0,0,0,0,1,0,28,27,1,0,1,0,34,0,17,0,2,0,0,0,58,2,0,0,0,4,37,0,0,0,6,77,1,1,1,1,19,0,0,0,5,3,0,1,16,0,0,0,3,0,83,0,54,0,0,30,0,0,0,13,28,2,1,0,0,1,7,44,1,0,63,14,0,14,0,0,0,57,0,0,76,31,0,25,1,1,78,0,13,2,0,2,2,11,0,0,0,0,0,19,0,0,0,0,4,59,78,0,0,0,0,0,3,95,0,0,0,0,61,4,148,1,0,95,0,30,0,50,0,5,1,24,0,0,14,0,35,0,5,6,0,1,0,2,35,0,0
0,2,0,0,0,0,3,0,0,1,0,22,14,0,6,1,4,11,5,10,0,3,3,3,6,19,1,3,0,0,6,14,2,3,0,9,16,2,3,1,8,15,1,0,0,0,4,10,3,15,3,0,0,4,0,24,2,10,0,0,13,2,8,0,1,18,4,10,10,0,1,6,39,17,0,21,3,0,5,0,2,2,30,1,0,20,18,4,16,2,0,36,2,13,3,0,0,1,16,5,0,3,5,0,13,1,1,1,9,1,19,21,1,0,7,5,0,6,14,0,4,0,0,13,0,35,4,0,9,0,28,2,5,4,22,3,5,2,1,13,35,0,3,10,14,3,7,1,3,21,0,0
3,8,3,20,2,6,17,3,7,3,15,8,0,9,3,1,0,2,1,1,0,4,0,4,0,1,2,2,2,15,8,0,2,1,4,2,0,0,12,8,6,0,15,25,37,3,10,4,33,2,31,8,39,0,6,0,14,0,0,2,3,1,54,16,0,1,6,0,10,11,0,17,22,6,2,0,8,11,1,0,4,4,6,28,16,8,0,0,8,0,3,0,2,0,14,1,11,3,45,0,4,3,0,6,1,1,22,7,0,7,6,13,9,0,0,12,13,2,0,23,6,1,4,6,4,1,0,12,0,2,2,0,0,1,24,2,1,10,17,8,0,3,0,8,11,2,0,20,5,6,6,1
0,7,3,2,0,13,3,0,5,8,1,1,0,10,0,5,2,2,2,12,0,2,5,5,2,1,10,20,3,5,13,0,12,20,3,0,2,1,11,4,8,0,1,2,7,15,1,20,14,2,4,7,3,0,0,0,11,4,2,5,15,9,36,19,3,0,1,2,1,0,2,12,3,13,11,4,15,8,1,5,0,0,4,0,7,0,3,19,3,4,13,7,23,2,11,1,3,17,9,3,4,2,0,1,0,13,10,1,0,32,2,8,1,2,6,12,7,1,5,2,12,0,1,2,0,7,4,1,0,10,4,0,4,10,5,0,4,11,5,22,5,10,8,0,4,4,3,6,2,18,1,12
0,6,3,7,2,2,1,4,3,5,1,41,20,2,17,3,6,11,4,24,1,3,3,5,7,80,4,17,3,4,6,23,2,1,7,48,4,6,10,10,12,1,0,5,1,9,8,34,2,14,1,11,1,2,0,13,0,31,4,0,46,13,17,0,6,24,8,1,6,2,2,25,72,0,3,55,22,0,28,7,2,6,35,1,3,98,12,1,51,2,2,43,4,9,4,1,0,22,3,2,1,7,0,1,24,13,2,4,15,2,40,64,1,1,10,5,0,21,22,6,8,2,3,51,0,40,16,0,87,4,28,8,10,4,5,8,37,7,3,53,6,14,11,4,0,0,1,0,11,38,2,7
3,4,7,0,4,1,1,2,3,3,5,11,0,18,4,3,7,1,3,19,1,1,3,0,2,3,1,8,6,9,6,11,1,1,1,10,0,8,1,8,3,1,1,1,6,4,2,5,2,0,1,0,0,0,1,0,1,6,1,0,5,22,8,0,6,6,2,3,8,5,0,17,7,6,0,2,8,4,1,11,2,2,12,3,0,0,2,6,18,10,7,2,7,7,0,0,1,3,4,5,8,0,3,1,8,5,2,0,3,3,0,8,6,6,11,3,2,9,2,1,11,1,2,8,2,14,4,4,0,17,16,6,0,11,6,9,8,0,1,14,0,3,2,4,0,0,11,0,4,17,0,6
0,15,0,0,0,2,1,3,0,3,0,6,0,3,4,2,17,2,7,6,2,8,8,1,3,7,3,5,14,4,2,0,3,0,3,5,0,6,1,8,1,0,2,1,0,0,8,2,4,0,0,0,0,2,0,0,1,2,3,0,5,133,11,2,21,0,0,88,14,2,4,21,33,8,0,5,0,0,0,3,0,4,2,1,0,0,9,1,6,17,0,1,9,0,0,0,1,0,1,15,3,2,9,0,3,16,2,1,7,7,1,12,0,1,4,7,0,0,3,0,8,1,0,17,0,14,9,0,0,7,4,9,0,9,4,5,20,6,6,20,1,7,0,3,1,11,0,0,0,4,14,2
32,0,6,8,2,30,9,7,4,9,13,0,0,7,2,5,0,0,0,2,0,4,0,8,2,0,3,6,1,0,4,10,3,44,1,0,0,0,4,2,1,0,0,4,7,8,4,3,3,0,19,3,28,0,13,0,0,1,0,27,9,2,6,5,1,0,16,1,3,14,0,11,10,11,6,14,5,17,1,2,21,8,0,6,4,0,0,0,3,1,6,0,6,0,10,3,20,1,14,1,3,13,0,1,1,2,8,5,0,4,0,0,3,0,0,11,10,7,1,20,0,8,7,1,68,5,3,11,0,0,3,0,0,3,3,0,0,5,0,0,0,1,20,6,0,0,0,0,7,4,4,3
3,1,1,5,11,21,12,3,41,1,1,2,2,5,20,3,1,2,2,18,0,7,3,6,0,0,4,4,5,4,10,12,1,0,4,4,0,2,9,3,4,0,15,24,4,5,1,8,11,0,0,11,1,1,0,0,2,3,1,9,5,2,17,1,0,0,3,0,17,16,0,7,12,9,3,4,3,5,0,0,14,8,9,0,7,3,0,1,5,4,3,0,9,0,34,5,0,11,3,6,2,12,0,9,5,2,0,7,3,4,0,5,3,0,0,7,3,5,1,19,2,11,1,0,0,2,1,7,0,4,3,12,0,20,7,12,0,3,8,8,2,3,5,2,11,4,0,7,0,12,5,10
2,4,4,0,5,7,2,1,8,4,3,36,5,10,17,3,5,12,1,17,0,4,2,9,3,11,3,25,2,5,14,12,24,7,4,10,9,7,4,8,7,3,2,3,4,15,2,29,5,5,3,8,2,7,3,9,10,32,3,3,20,1,13,1,12,23,15,6,8,13,3,40,29,9,2,27,9,1,4,12,7,5,17,0,4,32,21,4,25,10,2,27,12,14,6,5,4,14,12,5,1,0,7,0,24,5,10,1,6,1,41,8,1,7,12,10,0,20,24,0,5,3,5,40,8,33,15,2,3,10,30,8,5,10,17,1,36,7,8,22,35,21,6,18,38,17,4,4,12,0,14,11
0,7,0,0,1,2,3,0,4,6,1,18,0,0,8,4,3,3,1,10,3,7,16,1,8,4,1,0,11,3,4,2,10,4,0,2,0,0,2,0,0,0,0,0,0,1,16,15,3,2,0,3,0,1,0,0,0,1,2,0,11,6,6,6,7,0,4,10,1,2,1,21,17,10,0,8,1,0,0,5,6,6,1,6,4,0,4,12,11,13,0,3,1,4,5,8,0,4,0,7,1,0,2,0,11,7,0,1,16,3,5,2,2,7,2,7,0,9,6,0,4,3,5,47,0,4,1,0,0,1,15,1,0,2,2,5,20,3,5,23,0,0,6,1,2,0,14,4,5,14,0,4
3,1,2,3,8,3,12,3,2,5,4,1,0,13,5,6,4,0,11,7,3,5,5,19,5,0,20,16,4,9,5,2,4,6,8,2,0,5,16,3,4,0,12,18,4,8,12,0,5,0,0,3,0,1,0,0,18,0,4,1,3,13,14,0,5,2,0,4,3,5,0,6,3,6,2,1,1,3,0,10,5,17,12,4,11,1,3,6,2,7,0,2,34,1,12,14,0,6,12,5,6,3,2,1,3,2,5,3,2,5,0,4,6,1,5,9,0,7,3,1,17,1,7,0,0,3,6,3,0,8,2,2,0,18,10,0,3,3,5,1,0,0,1,12,7,6,2,3,10,11,4,0
