Ant4,Ant57,Ant260,Ant5,Ant52,Ant59,Ant65,Ant244,Ant540,Ant929,Ant2,Ant6,Ant25,Ant26,Ant30,Ant38,Ant74,Ant99,Ant102,Ant148,Ant158,Ant191,Ant196,Ant202,Ant209,Ant245,Ant268,Ant278,Ant308,Ant604,Ant620,Ant646,Ant673,Ant838,Ant12,Ant13,Ant20,Ant27,Ant28,Ant29,Ant32,Ant40,Ant42,Ant43,Ant50,Ant55,Ant62,Ant66,Ant68,Ant70,Ant71,Ant80,Ant81,Ant82,Ant91,Ant97,Ant100,Ant105,Ant111,Ant112,Ant113,Ant114,Ant117,Ant126,Ant135,Ant137,Ant139,Ant142,Ant149,Ant156,Ant159,Ant169,Ant170,Ant173,Ant174,Ant195,Ant198,Ant207,Ant212,Ant217,Ant218,Ant219,Ant226,Ant229,Ant242,Ant243,Ant250,Ant255,Ant256,Ant257,Ant261,Ant263,Ant265,Ant294,Ant299,Ant301,Ant305,Ant318,Ant320,Ant332,Ant334,Ant342,Ant347,Ant353,Ant356,Ant376,Ant387,Ant390,Ant391,Ant394,Ant395,Ant437,Ant475,Ant492,Ant501,Ant527,Ant549,Ant552,Ant556,Ant575,Ant580,Ant592,Ant600,Ant607,Ant610,Ant614,Ant621,Ant632,Ant635,Ant638,Ant650,Ant663,Ant665
0,3,15,2,12,9,0,24,10,0,7,1,7,2,2,1,4,0,0,0,6,14,2,0,6,0,0,10,8,1,0,28,17,0,1,2,1,5,2,7,21,1,2,6,1,0,23,20,0,0,0,0,3,0,5,0,0,10,1,0,1,1,10,5,1,3,0,2,0,0,5,17,0,2,12,0,3,0,6,0,16,0,0,6,2,11,0,5,0,0,4,0,0,23,0,0,20,0,0,0,4,1,0,2,0,1,4,0,5,8,0,2,0,0,0,3,3,0,0,0,10,1,0,1,7,0,7,1,6,17,2,2,0
3,0,4,1,0,0,0,1,3,2,4,63,17,7,2,0,4,9,0,0,0,4,2,70,2,0,0,1,8,87,2,2,1,34,9,0,17,0,14,0,1,1,2,0,15,2,0,0,1,15,4,22,0,36,0,5,3,0,103,29,3,0,2,3,5,52,15,17,6,3,3,1,5,93,0,3,17,6,4,22,0,10,3,5,2,0,0,1,1,26,3,1,1,1,4,7,1,5,21,14,1,6,67,0,0,0,0,37,0,24,0,17,25,3,11,15,3,2,7,0,1,5,18,0,0,22,6,0,0,0,22,0,0
15,4,0,6,13,6,3,18,2,0,30,10,5,0,2,0,0,13,0,3,20,2,1,7,0,0,0,9,3,23,0,20,2,21,4,0,8,0,27,24,7,1,22,11,5,0,37,1,8,0,7,1,2,2,10,2,0,31,3,1,6,0,7,5,0,0,0,43,19,0,2,5,0,20,8,7,18,0,29,0,14,0,19,13,10,0,0,0,0,0,21,3,0,39,0,2,6,0,16,1,8,9,3,16,0,24,1,0,26,0,0,0,8,11,0,5,3,3,0,0,1,2,0,0,11,2,3,0,0,13,0,0,0
2,1,6,0,4,18,46,10,15,0,14,0,3,0,8,0,7,1,0,0,22,2,5,0,4,1,0,2,1,0,0,9,6,0,3,0,4,0,1,4,4,3,2,3,4,0,15,8,3,2,5,0,0,0,86,0,10,9,2,0,3,0,0,0,2,2,0,8,0,0,1,3,1,1,14,1,1,0,3,0,5,0,10,1,11,4,0,0,0,0,5,6,0,1,0,0,21,0,0,2,7,1,1,4,0,5,6,0,0,0,0,4,1,1,0,1,0,0,0,0,16,0,0,6,19,1,0,0,24,20,0,2,7
12,0,13,4,0,6,4,9,4,0,6,0,0,1,10,1,2,0,5,1,3,2,6,0,1,17,2,3,2,0,0,0,10,1,1,21,1,1,1,10,10,0,5,0,7,0,5,9,5,0,0,0,2,0,28,5,34,1,0,0,1,0,18,0,0,3,0,0,2,0,3,0,2,0,4,1,0,0,8,0,8,0,0,0,6,3,1,11,0,0,11,8,0,1,0,1,0,0,0,5,1,0,1,13,2,1,7,0,6,0,0,0,0,2,0,1,2,0,2,3,0,1,1,3,19,4,1,1,0,13,8,10,7
9,0,6,18,6,0,15,11,10,4,18,0,6,0,6,1,13,0,0,1,1,7,12,0,7,2,3,22,6,7,0,14,7,3,2,0,4,1,4,10,11,11,1,17,5,0,0,17,0,0,5,0,4,1,10,1,7,8,5,0,1,0,12,17,0,3,0,6,0,0,7,24,13,0,9,2,0,0,15,0,0,1,12,9,10,0,0,17,3,0,12,21,0,12,0,0,1,0,1,3,21,4,0,2,2,3,2,0,0,0,0,0,0,0,0,8,12,0,0,0,0,3,0,9,3,2,0,8,24,15,2,5,7
0,0,3,46,4,15,0,6,12,1,18,1,4,2,4,3,10,0,1,1,6,10,0,0,3,2,4,25,3,2,0,13,18,4,1,2,3,1,2,10,13,19,4,11,10,0,10,3,25,1,17,0,6,1,1,0,8,2,4,0,9,1,7,0,0,4,1,1,3,0,3,4,5,1,5,3,0,1,8,1,0,1,8,0,8,3,1,7,2,2,11,12,0,1,0,0,7,0,0,1,5,3,0,6,0,4,12,2,15,0,0,2,0,0,0,4,6,3,1,0,5,5,0,10,2,0,3,1,16,17,4,4,31
24,1,18,10,9,11,6,0,6,0,7,4,4,1,3,0,0,0,0,0,16,11,2,7,4,14,0,14,3,7,0,29,0,2,0,0,3,0,14,12,21,2,1,11,10,0,10,0,3,14,2,0,0,1,13,0,2,11,6,0,2,0,20,1,0,3,0,7,6,0,5,36,0,6,4,1,1,0,33,2,15,1,1,11,2,0,0,3,3,4,12,7,0,12,0,0,4,1,0,0,2,2,3,7,3,10,2,0,1,10,0,1,1,0,0,3,9,1,1,0,8,2,0,0,32,0,8,1,6,5,4,0,2
10,3,2,15,4,10,12,6,0,1,8,0,3,2,17,1,12,2,0,3,5,4,2,6,24,1,2,21,10,1,0,5,11,5,5,2,6,1,0,0,5,3,8,6,0,3,0,3,5,1,7,0,10,2,0,1,5,1,0,0,2,0,2,26,0,0,0,0,2,0,0,0,4,3,3,0,0,4,16,0,3,0,11,4,6,5,3,7,2,0,6,3,0,7,0,0,7,0,0,3,4,2,3,0,3,6,14,1,0,5,0,1,0,2,0,9,2,0,1,6,9,5,0,6,2,0,5,2,4,15,4,11,13
0,2,0,0,0,4,1,0,1,0,1,2,4,6,1,6,0,5,1,5,0,1,15,2,5,5,3,5,2,3,3,1,2,1,7,13,9,4,0,0,0,5,6,3,9,1,0,1,2,5,0,0,1,0,0,11,3,1,16,0,0,5,0,2,2,8,3,0,4,0,12,1,15,6,1,4,1,6,2,9,7,5,0,3,4,0,8,0,1,3,0,7,1,0,0,0,0,4,5,22,0,8,2,0,13,0,5,2,0,6,0,16,2,19,0,14,30,0,3,0,8,13,1,0,0,13,5,16,4,0,11,1,3
7,4,30,14,6,18,18,7,8,1,0,1,6,1,4,2,1,3,0,0,14,7,0,0,13,0,4,9,1,8,0,3,6,0,4,1,0,2,6,13,9,7,0,1,1,2,25,3,3,0,10,0,8,0,6,0,2,1,0,0,5,0,0,10,0,3,0,11,1,0,2,0,0,2,10,0,0,0,11,1,4,0,1,0,11,12,1,6,1,1,19,9,0,14,0,0,10,2,0,1,22,0,1,0,0,3,3,1,21,0,0,1,0,1,0,1,3,0,0,0,0,0,0,0,12,0,0,0,1,38,2,0,3
1,63,10,0,0,0,1,4,0,2,1,0,14,1,0,0,2,33,0,0,3,1,5,36,0,2,2,1,1,30,0,2,0,38,7,3,17,0,13,0,2,1,8,1,24,28,2,6,0,22,1,10,1,23,0,11,10,0,37,10,8,1,1,0,10,27,9,14,34,4,9,1,2,32,0,7,15,0,9,8,4,4,0,4,2,0,6,1,5,15,1,0,9,1,9,40,1,3,21,4,1,7,35,0,2,1,1,39,2,21,7,5,9,3,6,10,3,2,4,0,0,5,30,0,2,15,13,0,0,0,27,4,0
7,17,5,3,0,6,4,4,3,4,6,14,0,5,0,1,1,16,0,3,0,13,5,3,1,0,0,9,1,18,0,0,5,22,25,1,7,1,3,6,2,10,20,0,6,4,3,3,4,8,1,4,6,3,2,10,8,2,19,0,23,0,19,0,7,29,5,7,9,0,4,6,3,17,1,16,3,0,12,5,10,2,6,12,4,0,6,8,6,4,9,0,3,7,2,5,5,3,4,12,18,17,12,11,12,2,0,11,0,9,0,8,4,0,2,14,12,1,6,0,6,4,3,0,10,14,14,4,4,3,13,3,1
2,7,0,0,1,0,2,1,2,6,1,1,5,0,0,1,0,12,0,1,0,0,2,6,0,3,2,4,0,16,5,0,1,2,7,0,9,0,10,0,0,3,15,9,10,7,0,0,0,6,1,1,12,3,0,10,5,0,8,8,2,2,2,0,6,19,10,0,23,9,1,2,1,39,0,4,1,2,9,1,6,34,0,5,3,1,5,1,1,26,1,0,3,1,14,14,0,5,3,3,0,15,10,0,5,0,0,7,0,24,2,12,3,0,4,20,4,0,24,0,2,10,22,2,1,4,18,13,0,4,19,0,4
2,2,2,8,10,6,4,3,17,1,4,0,0,0,0,0,36,0,0,2,5,8,2,0,4,3,1,6,5,0,0,6,18,0,0,11,1,4,0,3,12,4,4,2,0,0,4,4,6,0,1,0,6,0,42,0,12,7,3,0,3,4,3,14,0,0,0,4,0,0,5,3,0,0,1,1,0,0,16,0,2,0,0,0,19,5,1,4,1,0,3,2,0,12,0,0,5,0,0,3,2,2,1,5,2,0,8,0,3,0,0,0,0,0,0,12,4,0,1,0,13,3,0,1,0,1,0,1,12,3,0,2,21
1,0,0,0,1,1,3,0,1,6,2,0,1,1,0,0,0,2,9,1,2,1,2,0,6,6,5,0,0,1,9,1,0,1,7,4,9,0,1,0,0,5,0,1,8,0,0,0,2,6,0,0,0,2,0,10,0,2,14,0,2,12,0,1,58,2,1,0,2,0,6,2,5,0,0,6,2,25,0,1,2,2,0,1,0,1,5,0,2,8,0,0,7,0,0,0,0,0,5,11,0,8,6,0,1,0,2,2,0,3,0,35,4,6,0,26,29,1,1,1,2,6,10,0,0,17,17,12,0,0,4,0,0
4,4,0,7,2,13,10,0,12,0,1,2,1,0,36,0,0,0,2,7,4,24,0,2,5,5,2,9,29,3,0,19,13,1,1,3,3,6,0,0,3,5,0,5,0,0,0,0,18,0,11,0,18,1,0,4,9,15,2,0,9,1,8,13,0,1,0,1,1,0,3,8,8,2,2,0,0,0,5,0,13,0,3,3,21,0,2,10,2,0,17,0,0,2,0,0,4,0,0,0,8,4,2,0,6,2,8,1,7,1,0,0,0,2,0,9,4,0,0,0,17,2,1,16,4,0,1,2,4,3,0,2,24
0,9,13,1,0,0,0,0,2,5,3,33,16,12,0,2,0,0,2,2,0,4,5,13,5,3,3,1,1,24,0,0,0,24,0,1,6,1,3,0,0,3,19,0,10,15,4,0,0,26,0,3,0,22,0,3,2,2,17,23,1,3,1,0,8,14,23,1,26,7,2,0,0,26,3,17,25,10,2,1,1,5,2,4,0,0,1,0,17,21,0,4,13,0,10,17,0,13,9,9,0,10,8,0,4,0,1,54,0,20,31,8,12,1,6,18,3,29,40,0,0,16,7,0,0,0,17,3,1,9,23,0,3
0,0,0,0,5,0,1,0,0,1,0,0,0,0,0,9,2,2,0,0,0,1,2,4,3,12,4,2,1,2,4,0,0,2,8,0,2,1,0,0,0,0,0,1,1,0,0,0,0,2,0,0,0,0,0,9,5,1,14,0,4,6,0,0,41,2,4,0,0,0,2,0,3,0,0,5,1,19,0,8,0,1,0,0,1,3,10,0,0,0,1,0,7,0,0,0,0,6,18,12,0,4,7,0,3,0,1,0,0,5,0,1,0,4,0,9,45,0,3,0,0,2,2,3,0,6,5,2,1,0,7,0,0
0,0,3,0,1,1,1,0,3,5,0,0,3,1,2,1,7,2,0,0,0,5,10,4,3,6,11,37,8,1,2,4,2,3,0,4,8,9,0,4,6,7,7,5,19,0,0,2,4,0,0,1,3,2,3,2,8,19,3,0,1,8,0,12,1,3,6,1,10,0,11,3,41,1,9,4,2,7,5,0,34,1,2,5,8,4,5,0,0,0,4,2,0,6,0,0,1,1,2,11,1,6,7,0,66,4,6,4,0,1,0,2,0,17,1,10,9,0,1,143,0,1,0,7,0,4,3,5,5,1,1,0,6
6,0,20,22,3,1,6,16,5,0,14,3,0,0,5,2,4,0,0,0,0,2,1,0,0,4,0,3,0,2,0,16,8,3,0,0,2,16,6,12,8,15,6,5,4,0,50,8,0,2,16,0,0,0,50,0,5,5,4,0,3,0,11,1,0,1,0,14,0,0,1,8,0,2,3,0,0,0,18,0,4,0,10,7,8,8,4,12,0,1,26,21,0,10,0,1,34,0,0,1,5,0,1,11,5,41,3,2,47,0,0,0,1,0,0,1,8,0,0,0,8,1,3,0,5,0,2,0,0,12,0,1,6
14,4,2,2,2,7,10,11,4,1,7,1,13,0,8,1,24,4,1,5,2,0,3,2,4,5,0,3,2,4,1,0,18,0,0,2,5,0,0,23,9,15,3,1,4,0,0,9,4,0,1,1,9,2,17,0,4,10,1,0,7,0,8,10,0,2,0,0,6,0,8,0,1,0,27,4,0,3,13,1,2,0,0,0,25,9,1,10,0,0,4,7,0,2,0,0,32,1,2,5,2,3,2,1,2,1,7,0,0,1,0,2,2,5,0,9,4,0,0,1,13,2,2,8,16,1,0,5,5,2,6,3,4
2,2,1,5,6,12,0,2,2,15,0,5,5,2,2,2,0,5,2,10,1,3,0,0,6,12,1,5,11,6,2,0,2,2,5,5,15,3,0,0,1,5,5,0,3,0,8,1,0,4,1,0,4,3,5,13,6,6,3,0,0,4,5,4,3,6,5,1,1,0,12,1,14,5,6,8,4,5,12,4,21,0,1,13,11,2,5,5,3,14,0,16,1,12,0,0,5,1,2,7,0,4,4,2,10,0,0,0,0,0,0,5,4,0,0,7,12,0,5,1,9,2,1,12,0,3,2,10,6,0,6,4,2
0,70,7,0,0,0,0,7,6,2,0,36,3,6,0,0,2,13,4,4,0,2,0,0,0,0,1,1,3,62,0,4,0,18,3,1,6,0,41,1,2,2,8,4,14,13,0,1,0,19,0,8,0,34,0,1,1,0,55,14,2,1,0,1,9,34,19,21,5,3,1,1,6,59,1,10,11,33,0,14,0,17,0,1,0,0,11,2,2,9,2,0,9,1,9,14,0,1,14,5,0,1,17,0,4,1,1,29,1,64,16,10,8,8,10,3,4,10,4,1,0,12,14,0,0,24,9,0,0,0,13,0,2
6,2,0,4,1,7,3,4,24,5,13,0,1,0,4,6,5,5,3,3,0,4,6,0,0,15,11,15,2,7,1,5,8,0,2,3,7,12,0,3,0,10,1,4,3,4,0,0,3,0,2,0,3,0,0,5,29,4,8,0,0,2,0,16,3,10,0,7,2,0,16,10,0,0,1,1,0,4,2,1,5,0,0,0,12,0,0,7,0,0,5,3,0,7,0,0,2,2,5,1,12,1,4,0,4,2,1,0,0,0,0,2,1,3,0,8,10,0,0,6,3,1,1,6,2,3,9,7,0,4,3,2,8
0,0,0,1,17,2,2,14,1,5,0,2,0,3,3,6,5,3,12,6,4,5,12,0,15,0,4,22,8,3,0,7,9,5,6,13,5,4,0,0,2,8,9,27,20,0,0,1,1,2,0,0,10,1,0,4,23,5,3,0,3,19,3,4,4,4,4,0,0,0,7,19,1,0,0,1,0,16,0,1,8,0,0,9,14,1,4,0,1,0,1,1,2,3,0,0,0,0,3,11,1,6,3,1,12,0,11,1,1,0,0,9,3,3,0,12,39,0,1,0,17,3,1,22,0,7,1,10,0,6,7,24,9
0,0,0,0,2,3,4,0,2,3,4,2,0,2,1,5,2,3,4,11,0,0,1,1,11,4,0,4,15,3,4,6,3,1,6,4,13,1,0,0,3,2,1,12,22,8,0,0,1,10,2,0,1,3,2,6,6,1,18,0,1,5,1,3,19,1,4,0,5,0,2,5,24,2,0,6,3,12,0,5,2,2,1,2,4,0,12,0,0,8,1,2,3,7,0,0,1,2,4,7,0,3,3,0,7,0,3,0,4,7,0,7,5,7,0,9,39,4,4,17,1,14,2,4,4,6,2,7,1,0,12,2,2
10,1,9,2,3,22,25,14,21,5,9,1,9,4,6,0,9,1,2,37,3,3,5,1,15,22,4,0,14,4,3,15,12,0,1,20,7,11,0,11,1,7,8,17,14,0,10,3,7,2,7,0,9,2,5,7,14,13,8,0,3,0,4,24,1,1,5,0,0,0,6,6,12,0,17,11,0,5,5,2,15,2,8,1,12,12,3,6,1,1,12,4,0,7,0,0,4,3,2,9,1,3,1,4,13,6,13,0,17,4,0,5,3,3,0,10,39,0,3,4,6,3,0,8,2,5,2,2,5,16,5,5,9
8,8,3,1,2,6,3,3,10,2,1,1,1,0,5,0,29,1,1,8,0,2,11,3,2,8,15,14,0,1,0,7,10,4,5,10,7,2,0,4,6,17,2,5,8,0,0,2,3,4,11,2,33,5,0,11,17,28,7,0,16,9,8,12,1,1,3,6,11,0,8,7,25,2,5,2,1,5,3,0,11,0,11,3,8,11,5,0,0,0,7,0,2,4,1,0,7,1,1,9,2,7,1,4,3,7,3,2,0,2,0,8,5,13,2,4,14,0,3,0,2,1,2,17,1,3,3,10,4,16,10,18,13
1,87,23,0,0,7,2,7,1,3,8,30,18,16,0,1,3,24,2,1,2,4,6,62,7,3,3,4,1,0,6,27,0,48,15,0,3,1,17,1,0,1,19,2,12,33,15,1,2,23,2,8,0,25,0,3,1,1,88,15,8,10,7,2,5,39,7,2,19,5,9,3,2,48,2,29,12,4,8,31,12,30,5,13,2,0,0,3,16,36,7,1,10,3,33,35,1,15,12,7,6,18,22,1,8,3,2,28,0,26,27,8,31,17,21,15,3,5,19,0,3,16,23,0,5,16,25,0,9,1,22,3,1
0,2,0,0,0,0,0,0,0,3,0,0,0,5,0,9,0,0,4,2,0,1,2,0,1,0,4,3,0,6,0,0,0,2,4,0,0,0,0,0,0,0,0,0,1,0,0,0,0,6,0,0,0,1,0,17,0,0,10,0,0,2,0,0,42,3,1,0,0,0,5,0,3,0,0,5,2,25,0,6,1,0,0,0,0,0,4,0,1,1,0,0,1,0,0,1,0,2,19,3,0,4,6,0,6,0,2,3,0,6,0,4,6,2,0,2,27,0,0,0,1,1,0,0,0,1,4,2,0,0,4,0,0
28,2,20,9,0,14,13,29,5,1,3,2,0,0,6,1,19,0,0,4,16,0,0,4,5,7,6,15,7,27,0,0,1,2,6,1,14,8,5,18,0,2,2,51,0,0,0,12,7,1,22,0,9,0,0,0,21,9,2,11,3,12,0,22,2,1,3,6,0,0,15,10,5,4,11,0,0,0,1,2,7,0,1,1,15,3,0,2,0,0,2,13,0,30,0,0,2,0,0,3,7,0,1,9,3,6,19,2,15,3,0,1,0,7,0,6,9,3,0,0,6,0,0,29,6,2,17,3,28,1,5,3,16
17,1,2,6,10,7,18,0,11,2,6,0,5,1,18,0,13,0,0,2,8,18,2,0,8,9,3,12,10,0,0,1,0,0,1,14,5,3,0,5,4,13,0,1,4,0,0,0,21,0,2,2,4,0,22,0,6,17,2,0,6,2,5,4,0,3,1,0,0,0,7,4,10,0,6,1,0,1,9,0,3,0,1,0,14,11,7,4,0,0,20,3,0,3,0,0,19,0,0,2,3,0,0,2,2,15,3,1,2,0,0,2,1,1,0,2,3,0,0,1,5,1,0,1,6,5,0,4,5,4,7,5,7
0,34,21,0,1,3,4,2,5,1,0,38,22,2,0,1,1,24,2,3,3,0,2,18,0,5,1,0,4,48,2,2,0,0,18,1,4,0,3,7,0,0,11,2,11,4,3,0,0,6,1,26,1,22,5,8,5,4,24,57,3,6,3,1,6,19,29,5,17,3,5,0,2,35,5,18,15,8,0,18,2,4,2,5,2,0,10,2,3,12,2,3,4,3,9,43,0,3,17,2,3,15,15,0,4,0,0,38,0,61,15,9,25,3,5,22,4,3,3,0,0,7,11,3,0,6,12,3,5,1,9,3,0
1,9,4,3,1,2,1,0,5,7,4,7,25,7,0,7,1,0,8,0,0,0,5,3,2,6,6,1,5,15,4,6,1,18,0,10,6,0,1,0,1,0,6,2,12,0,0,0,2,4,0,5,4,9,0,16,2,2,16,0,4,24,0,0,18,6,3,10,1,0,1,2,1,4,0,9,1,10,6,2,4,2,0,2,5,0,10,2,7,2,3,0,0,2,2,0,1,4,12,10,4,16,3,2,8,0,0,0,0,4,0,6,11,1,0,11,10,0,5,1,0,13,2,1,7,15,8,21,0,0,13,10,3
2,0,0,0,21,0,2,0,2,13,1,3,1,0,11,4,3,1,0,4,0,2,5,1,3,13,4,20,10,0,0,1,14,1,10,0,5,0,0,0,3,7,1,11,18,0,0,0,6,0,0,0,10,1,0,4,1,3,5,0,7,17,0,4,2,1,5,0,1,0,5,6,1,2,4,12,0,6,1,0,19,0,0,2,10,9,5,3,0,0,3,5,1,1,0,0,1,1,2,6,2,4,1,0,6,0,7,0,2,0,0,8,1,9,0,5,16,2,1,2,9,4,0,4,5,1,6,6,1,2,12,7,4
1,17,8,4,1,4,3,3,6,9,0,17,7,9,1,9,3,6,2,8,2,5,15,6,7,5,13,7,7,3,0,14,5,4,6,5,0,2,2,1,2,5,20,15,22,4,9,4,4,1,0,1,0,6,1,10,10,11,15,7,4,5,2,3,8,7,18,4,2,1,4,7,1,10,1,14,2,6,11,0,13,8,5,5,4,1,13,2,9,6,2,0,1,2,3,3,2,6,5,13,3,18,10,0,7,2,1,16,10,3,1,8,18,4,0,15,7,4,8,1,2,16,7,1,1,16,11,3,2,4,9,3,7
5,0,0,0,1,1,1,0,1,4,2,0,1,0,4,0,6,1,1,9,16,0,3,0,12,4,1,11,2,1,0,8,3,0,0,0,2,0,0,6,7,9,1,5,2,0,4,11,2,1,1,0,1,2,72,2,0,11,2,0,2,3,3,23,0,0,0,4,2,0,6,2,3,1,2,1,2,1,2,0,2,0,11,1,7,9,1,11,2,0,4,2,0,6,0,5,8,0,0,4,10,2,1,1,4,6,3,3,21,0,0,2,0,20,0,6,4,0,1,13,1,3,0,10,0,3,0,2,0,1,2,6,14
2,14,27,1,1,4,2,14,0,0,6,13,3,10,0,1,0,3,0,0,6,0,0,41,0,0,0,0,0,17,0,5,0,3,1,0,2,0,0,0,2,1,3,4,6,3,4,0,1,1,7,6,0,4,0,0,9,1,12,22,0,0,9,0,0,4,20,1,1,10,2,0,0,8,2,0,24,2,4,26,2,2,0,0,0,0,0,0,9,12,9,0,3,3,6,10,0,1,0,0,2,0,18,21,4,0,2,15,0,66,6,1,3,0,3,2,2,1,10,0,3,6,8,0,2,0,4,0,0,1,0,0,0
7,0,24,4,10,10,10,12,0,0,13,0,6,0,3,0,0,0,0,4,12,23,0,1,3,0,0,11,4,1,0,18,5,7,0,0,1,6,0,0,4,4,2,13,5,0,5,3,22,0,7,0,6,0,51,0,0,2,1,0,0,0,2,14,0,0,0,5,1,0,0,3,0,2,7,0,0,0,16,0,8,0,10,2,7,0,0,5,0,0,4,8,0,4,0,0,11,0,0,0,2,0,2,1,0,14,2,0,7,0,0,2,0,0,0,3,1,0,0,0,7,0,0,0,3,0,0,1,3,5,2,0,3
21,1,7,4,10,11,13,21,5,0,9,2,2,0,12,0,3,0,0,6,8,9,1,2,0,2,3,1,6,0,0,0,4,0,1,3,2,7,2,4,0,6,1,3,15,0,7,1,5,1,1,0,5,0,0,0,3,9,1,0,4,0,16,7,0,5,0,0,4,0,5,13,0,1,25,0,6,0,7,0,5,0,2,0,5,4,0,2,0,0,22,1,1,6,0,0,18,1,0,5,5,7,1,4,9,6,0,0,3,1,0,1,0,2,0,6,7,0,1,0,3,0,0,20,12,1,2,2,2,21,1,0,6
1,1,1,3,0,11,19,2,3,5,7,1,10,3,4,5,5,3,0,7,15,15,5,2,10,8,2,7,17,1,0,2,13,0,0,7,5,9,1,4,6,0,3,0,3,0,19,6,6,7,5,0,6,1,45,0,8,1,3,0,6,5,13,14,1,0,1,1,7,0,4,7,2,1,9,1,0,1,18,0,11,0,5,2,9,3,2,10,0,1,4,10,1,5,0,0,6,1,0,4,12,3,0,0,0,7,4,2,6,7,0,4,1,6,0,4,7,0,3,4,17,0,0,15,6,6,6,2,11,16,6,2,5
2,2,22,2,5,1,4,1,8,6,0,8,20,15,4,0,0,19,0,7,6,3,5,8,1,9,1,8,2,19,0,2,0,11,6,1,20,1,3,2,1,3,0,6,18,3,0,0,0,2,1,1,3,1,0,0,4,10,6,1,2,2,14,1,1,11,2,19,10,0,10,6,1,21,5,2,16,0,9,1,26,0,3,5,4,5,1,4,4,4,5,3,2,3,0,9,4,7,4,1,0,6,5,0,4,3,6,1,0,11,0,8,13,1,0,17,9,0,2,0,5,1,0,1,7,4,17,0,1,10,10,9,2
6,0,11,3,0,17,11,11,6,3,1,1,0,9,2,1,5,0,1,5,5,1,0,4,4,27,12,17,5,2,0,51,1,2,2,11,15,5,4,13,3,0,6,0,19,0,1,0,8,7,1,0,17,1,0,0,12,3,3,0,12,4,5,5,0,3,0,0,1,0,1,6,0,11,3,5,0,2,0,1,7,1,9,3,13,2,10,0,4,0,5,1,0,5,0,0,1,1,1,1,0,4,0,1,0,2,5,2,17,6,0,2,0,1,1,3,21,1,3,0,3,5,0,15,3,4,6,7,19,9,18,4,18
1,15,5,4,7,5,10,10,0,9,1,24,6,10,0,8,0,10,1,19,4,4,3,14,3,20,22,14,8,12,1,0,4,11,12,18,22,2,6,5,15,3,18,19,0,5,0,2,2,16,0,6,15,6,4,3,10,6,14,15,12,4,20,1,1,15,9,2,14,1,10,7,4,3,1,22,14,9,8,8,12,3,0,6,6,14,12,0,5,4,11,1,3,4,4,1,0,2,2,9,2,20,9,0,21,2,2,19,6,15,5,12,5,7,5,23,16,4,3,23,3,9,8,9,7,26,13,12,0,13,13,3,23
0,2,0,0,0,0,0,0,3,1,2,28,4,7,0,0,0,15,0,0,0,0,0,13,4,0,8,0,0,33,0,0,0,4,0,0,4,0,3,0,0,0,3,0,5,0,0,0,0,8,0,3,0,23,0,0,0,0,2,21,0,0,0,0,0,15,20,0,16,2,0,0,0,20,0,0,1,0,0,15,0,8,0,0,3,0,0,0,8,39,0,0,9,0,9,24,0,6,0,1,0,0,14,0,0,0,0,43,0,13,13,10,2,0,5,3,0,41,12,0,0,7,18,0,2,0,19,1,0,0,21,0,0
23,0,37,15,5,0,10,10,0,0,25,2,3,0,4,0,0,4,0,0,50,0,8,0,0,0,0,10,0,15,0,0,0,3,0,0,9,4,4,5,7,19,0,1,0,0,0,12,4,0,45,0,6,0,58,0,0,3,0,0,0,0,6,22,0,0,0,32,10,0,6,0,0,0,10,5,0,0,17,0,1,0,28,0,3,3,0,13,0,0,21,2,0,16,0,0,18,0,2,0,24,7,1,12,0,22,19,0,62,0,0,0,0,0,0,0,9,0,0,0,2,0,0,0,7,0,0,0,0,3,1,0,0
20,0,1,8,9,17,3,0,3,1,3,6,3,0,4,0,0,0,0,2,8,9,1,1,0,1,0,3,2,1,0,12,0,0,0,0,4,11,0,3,1,6,0,0,2,0,12,0,0,1,22,0,0,1,28,1,7,17,2,0,18,1,5,5,0,1,0,2,3,0,3,19,0,0,32,1,0,1,10,0,0,0,16,0,3,4,0,5,0,0,1,6,0,5,0,1,13,0,1,1,20,2,1,1,1,4,0,0,11,0,0,1,0,2,0,10,0,0,0,0,4,0,1,0,13,0,0,2,21,6,4,5,4
0,1,8,3,5,0,25,3,5,2,3,0,4,0,6,2,18,0,0,4,0,4,0,0,3,1,1,7,3,2,0,7,21,0,2,6,4,2,1,22,5,6,0,8,2,0,4,0,0,0,10,0,27,1,5,2,9,4,5,0,3,0,10,9,1,1,0,0,2,0,5,2,6,0,41,1,0,1,0,0,6,3,8,1,4,9,1,2,5,0,9,6,0,2,0,0,16,0,0,9,3,1,1,0,0,9,15,0,9,1,0,0,0,3,0,3,5,0,0,0,20,0,0,2,5,8,0,2,9,15,6,2,10
0,15,0,2,0,0,1,14,1,5,0,22,8,6,0,6,0,26,2,0,2,0,4,19,0,2,10,2,4,23,6,1,0,6,4,0,1,1,1,0,1,7,2,7,16,8,0,1,0,0,0,5,7,3,0,6,2,1,30,12,0,9,6,0,4,28,27,0,8,2,8,0,2,17,0,11,17,25,1,8,6,13,1,5,1,2,6,1,9,17,1,0,7,0,5,8,0,9,14,5,0,11,12,0,3,0,2,15,0,27,11,10,5,6,2,12,11,10,24,0,0,3,10,0,0,13,9,2,0,0,19,0,0
0,4,7,5,0,5,17,2,7,0,10,1,1,1,1,0,11,0,0,0,16,1,1,0,2,0,2,7,11,2,0,22,2,1,0,0,0,1,7,7,1,5,1,1,0,0,45,22,10,0,0,0,8,0,46,0,2,8,0,0,3,0,13,11,0,0,1,3,0,0,0,2,4,0,6,0,0,0,12,0,0,0,4,0,10,5,0,6,0,0,15,5,0,4,0,1,3,0,0,0,1,0,0,10,3,11,7,1,28,0,0,0,0,0,0,4,4,0,0,0,0,0,1,3,4,0,0,0,13,12,0,1,8
0,22,1,0,0,0,0,0,0,0,0,10,4,1,0,0,0,3,0,1,0,1,0,8,0,0,0,0,2,8,0,0,2,26,5,0,1,0,6,0,0,0,1,0,6,3,0,0,0,5,0,0,0,15,0,0,0,2,7,27,0,0,0,1,0,8,14,8,0,22,0,0,0,18,1,1,20,0,0,1,0,5,2,0,0,0,1,1,1,9,0,0,2,0,23,19,0,5,0,0,1,0,19,0,0,0,0,17,0,34,1,2,10,0,1,4,2,8,11,0,0,5,5,0,0,7,7,1,0,0,2,0,0
3,0,2,0,2,4,6,0,10,1,8,1,6,12,6,0,18,0,0,3,0,9,4,0,3,10,1,9,33,0,0,9,4,1,4,10,0,1,0,6,5,6,3,17,15,0,6,0,27,7,8,0,0,2,4,3,9,4,5,0,15,4,10,8,0,0,0,0,0,0,5,6,4,0,3,4,0,5,3,0,7,0,3,0,2,10,4,6,0,0,10,4,0,0,0,0,1,0,0,6,2,8,0,3,5,4,8,1,14,3,0,3,1,7,0,7,2,0,4,3,2,1,0,17,5,0,2,0,5,6,3,5,2
0,36,2,0,0,1,1,1,2,0,0,23,3,3,0,2,1,22,0,2,0,2,3,34,0,1,3,2,5,25,1,0,0,22,9,1,6,2,4,0,0,1,1,1,6,23,0,1,1,3,0,15,2,0,0,10,1,3,26,18,1,1,0,0,3,10,44,11,4,7,2,0,0,33,0,4,10,3,3,3,1,4,4,2,0,0,0,1,12,14,2,0,13,1,8,19,0,14,18,1,0,8,22,0,1,0,1,43,0,28,11,15,26,2,1,12,4,7,19,0,3,17,11,0,1,31,9,3,0,1,8,2,0
5,0,10,86,28,10,1,13,0,0,6,0,2,0,42,0,0,0,0,3,50,17,5,0,0,0,2,5,0,0,0,0,22,5,0,0,1,72,0,51,0,45,0,0,4,0,58,28,5,0,46,0,4,0,0,0,0,23,0,0,0,0,1,68,0,0,0,3,0,0,1,0,0,0,30,0,0,0,18,0,2,0,50,0,44,8,0,38,0,0,66,11,0,21,0,2,28,0,0,0,7,0,2,76,0,69,2,0,77,0,0,0,0,0,0,14,2,0,0,0,0,0,0,4,15,0,5,0,0,5,0,0,33
0,5,2,0,5,1,0,0,1,11,0,11,10,10,0,10,4,3,9,2,0,0,13,1,5,4,6,7,11,3,17,0,0,8,16,4,10,2,0,0,0,0,0,0,3,0,0,1,2,6,0,0,3,10,0,0,14,1,17,0,12,25,0,4,25,9,15,7,19,0,5,1,4,3,1,6,0,12,1,22,15,0,1,16,2,5,7,2,7,0,1,1,1,1,0,0,0,2,16,2,0,10,11,0,23,1,2,7,0,5,0,8,2,6,1,24,33,1,5,0,1,14,3,4,1,8,7,55,1,0,21,19,2
0,3,0,10,34,7,8,2,5,3,2,10,8,5,12,0,9,2,5,8,5,4,6,1,29,23,6,14,17,1,0,21,6,5,2,1,10,0,9,0,3,8,4,12,10,0,0,7,9,2,2,0,9,1,0,14,0,7,9,0,22,9,11,17,0,5,9,0,2,0,7,14,7,8,2,4,2,16,2,2,18,0,0,7,6,3,3,3,0,7,6,10,0,0,0,5,2,6,0,11,2,2,1,0,15,5,6,6,4,0,0,8,19,10,0,27,13,0,2,0,10,2,2,22,2,17,13,8,16,8,10,13,11
10,0,31,9,1,8,2,11,1,1,1,0,2,0,7,2,15,2,1,19,5,10,6,0,4,5,1,13,28,1,0,9,17,4,2,3,11,11,1,2,9,1,10,3,6,0,3,17,4,1,8,2,4,3,23,1,7,0,0,0,2,2,1,30,0,3,1,18,0,0,2,9,3,2,16,2,0,4,8,1,9,0,2,0,8,4,3,9,0,0,10,5,0,4,0,1,6,0,2,2,24,2,0,0,5,4,5,1,14,0,0,0,1,8,0,15,3,0,1,0,10,0,0,5,5,1,4,4,8,2,1,4,3
1,103,3,2,0,5,4,6,0,16,0,37,19,8,3,14,2,17,14,3,4,1,3,55,8,3,18,8,7,88,10,2,2,24,16,5,15,2,12,1,1,3,6,3,14,2,0,2,5,30,0,7,5,26,0,17,9,0,0,22,8,15,1,1,72,38,29,3,8,8,5,2,9,61,2,17,12,14,4,72,10,15,3,2,6,1,20,3,8,45,2,3,6,2,6,6,1,2,15,6,3,17,35,1,5,5,2,28,1,16,5,15,7,4,9,14,22,1,22,3,2,5,20,0,4,40,22,22,4,2,23,4,1
0,29,1,0,0,0,0,0,0,0,0,10,0,8,0,0,0,23,0,0,0,0,0,14,0,0,0,0,0,15,0,11,0,57,0,0,7,0,22,0,0,0,1,0,15,21,0,0,0,12,0,27,0,18,0,0,0,0,22,0,0,0,0,0,9,16,19,2,7,20,6,0,0,24,0,0,10,0,0,15,5,19,0,0,0,0,0,0,8,25,0,0,8,0,41,48,0,19,0,0,0,0,26,0,0,0,0,47,0,30,6,19,13,4,10,5,0,16,30,0,0,8,14,0,4,15,18,0,0,0,4,0,0
1,3,6,3,1,1,9,2,2,0,5,8,23,2,3,2,9,1,4,1,3,7,0,2,0,3,1,3,16,8,0,3,6,3,4,7,4,2,0,0,4,6,2,12,12,0,0,18,3,0,3,0,15,1,0,12,22,2,8,0,0,1,23,0,5,6,2,1,7,0,9,5,2,6,1,7,0,1,1,0,4,1,2,1,2,1,9,3,0,0,1,1,0,7,0,1,0,0,8,8,1,4,1,0,4,0,0,12,0,3,0,9,6,4,0,18,2,0,2,0,5,4,2,6,2,5,9,1,1,2,6,6,5
1,0,0,0,0,0,1,0,0,5,0,1,0,2,4,12,1,3,6,8,0,0,4,1,2,19,5,0,9,10,2,12,2,6,24,17,5,3,0,0,0,5,2,4,4,0,0,1,0,9,0,0,4,1,0,25,9,2,15,0,1,0,0,2,6,5,15,0,12,0,2,2,2,1,3,7,1,11,0,2,18,3,0,1,8,7,8,0,5,1,1,0,1,2,0,0,2,4,9,4,0,12,1,1,8,0,5,1,7,2,0,8,3,7,0,12,33,5,17,1,9,7,8,5,12,3,6,16,3,1,17,4,5
10,2,7,0,18,12,7,20,2,0,0,1,19,2,3,0,8,1,0,0,11,8,5,0,0,3,1,4,8,7,0,0,5,3,0,0,2,3,9,2,16,13,14,5,20,0,6,5,10,6,13,0,10,0,1,0,11,1,1,0,23,0,0,3,0,1,0,6,8,0,2,7,1,12,15,7,5,0,12,0,9,0,6,5,9,5,0,4,0,0,12,4,0,9,0,14,6,0,1,5,3,6,2,2,3,3,5,0,0,1,0,5,0,1,3,5,7,0,0,0,20,0,1,20,14,0,6,0,0,11,3,2,4
5,3,5,0,0,17,0,1,26,2,10,0,0,0,14,1,13,0,0,12,1,10,4,1,16,4,3,24,12,2,0,22,4,1,0,4,3,23,0,14,7,14,1,5,1,0,22,5,9,0,11,1,8,0,68,4,17,30,1,0,0,2,3,0,0,6,1,0,6,0,6,10,1,0,12,6,0,2,3,0,11,0,11,0,10,2,3,12,0,0,1,34,0,6,0,0,5,0,0,0,2,0,2,5,4,4,6,3,21,2,0,4,1,2,0,13,3,0,0,0,15,0,0,3,1,0,0,1,8,10,4,4,7
1,5,0,2,0,0,0,0,0,2,0,10,7,6,0,58,0,8,41,1,0,0,3,9,3,4,19,1,1,5,42,2,0,6,18,2,8,0,0,0,0,1,1,0,1,0,0,0,1,4,0,0,0,3,0,25,0,0,72,9,5,6,0,0,0,37,7,0,0,0,1,0,3,0,0,18,3,80,0,24,4,9,0,0,3,2,3,0,13,15,0,0,22,3,0,0,0,1,29,18,0,17,10,0,2,0,0,1,0,10,0,5,7,4,0,11,50,0,12,0,1,12,8,0,0,9,10,6,0,0,22,1,0
3,52,0,2,3,3,4,3,0,8,3,27,29,19,0,2,1,14,2,3,1,2,6,34,10,4,1,1,1,39,3,1,3,19,6,1,7,0,4,0,5,0,11,3,15,15,0,1,1,28,0,8,0,10,0,9,5,3,38,16,6,5,1,6,37,0,27,1,5,10,2,1,0,30,0,10,8,5,5,14,8,20,0,4,2,2,7,0,17,33,6,1,7,6,11,11,0,13,2,6,4,5,34,0,6,2,0,37,1,36,9,9,5,3,2,15,5,3,11,1,1,2,30,0,6,15,13,10,3,2,41,5,2
0,15,0,0,0,0,1,0,0,3,0,9,5,10,0,1,0,23,4,6,0,0,5,19,0,4,4,5,3,7,1,3,1,29,3,5,18,0,20,0,0,1,2,0,9,20,0,0,0,27,1,14,0,44,0,15,9,1,29,19,2,15,0,1,7,27,0,6,11,16,3,2,1,10,0,7,27,11,0,13,4,6,2,0,4,0,3,1,9,41,0,0,16,0,28,30,0,19,4,6,0,1,18,0,6,0,2,99,0,27,39,8,25,1,6,9,17,14,24,0,0,22,23,1,2,10,9,7,0,1,19,4,1
2,17,43,8,0,6,1,7,0,0,11,14,7,0,4,0,1,1,0,1,14,0,1,21,7,0,0,0,6,2,0,6,0,5,10,0,4,4,1,5,0,1,19,0,2,0,32,2,0,0,3,8,0,11,3,7,0,18,3,2,1,0,6,0,0,1,6,0,4,0,3,0,0,15,0,2,2,0,18,0,1,0,15,9,3,0,0,0,0,0,27,6,0,6,0,3,4,1,23,4,16,7,11,3,3,20,0,10,59,12,0,2,18,0,0,4,0,2,1,0,3,8,4,0,6,21,1,0,0,5,3,0,3
0,6,19,0,2,0,3,6,2,4,1,34,9,23,0,2,1,26,0,10,0,6,1,5,2,0,5,0,11,19,0,0,0,17,1,1,2,2,1,1,4,7,10,1,14,16,10,3,2,8,0,0,0,4,0,19,2,0,8,7,7,12,8,6,0,5,11,4,0,0,3,4,1,28,4,9,3,8,20,0,7,5,2,3,2,14,8,1,8,3,4,0,2,1,6,9,2,4,20,15,0,15,3,0,10,1,0,10,0,7,2,11,14,5,2,13,3,3,8,0,4,19,4,0,0,5,6,5,0,1,14,4,4
0,3,0,0,0,0,0,0,0,0,0,4,0,9,0,0,0,7,0,0,0,0,0,3,0,0,0,0,0,5,0,0,0,3,0,0,1,0,10,0,0,0,0,0,1,2,0,0,0,2,0,22,0,7,0,0,0,0,8,20,0,0,0,0,0,10,16,0,0,0,0,0,0,4,0,0,4,0,0,4,0,9,0,0,0,0,0,0,2,2,0,0,4,0,5,8,0,4,0,0,0,0,15,0,0,0,0,22,0,13,1,13,3,0,0,1,0,2,2,0,0,5,10,0,0,0,11,0,0,0,4,0,0
5,3,2,1,3,7,3,5,0,12,2,9,4,1,5,6,3,2,2,11,1,8,12,1,16,7,2,6,8,9,5,15,7,5,1,5,4,6,2,0,5,4,10,1,10,0,6,3,5,8,0,0,5,2,1,5,7,2,5,6,9,2,2,6,1,2,3,3,3,0,0,2,18,3,4,7,0,12,8,6,17,0,1,15,20,1,2,0,0,0,6,2,0,5,0,0,5,3,2,7,1,5,5,1,21,2,9,0,1,0,0,17,0,17,0,5,32,0,4,5,5,13,0,2,4,5,5,11,7,0,2,2,8
17,1,5,3,0,24,4,36,0,1,0,1,6,2,3,2,8,0,0,3,8,0,1,1,10,19,5,6,7,3,0,10,4,0,2,6,7,2,0,3,13,7,6,6,7,0,0,19,2,0,2,0,6,0,0,1,14,9,2,0,5,2,7,10,0,1,2,0,4,0,2,0,8,2,11,4,0,2,3,0,9,1,6,17,0,4,4,1,0,0,1,4,0,11,0,0,0,0,0,7,0,9,0,1,3,0,7,0,0,1,0,5,3,5,0,10,2,0,1,0,4,2,3,7,3,2,5,2,7,17,9,1,7
0,5,0,1,2,13,5,0,4,15,0,2,3,1,0,5,8,0,3,41,0,1,14,6,0,1,24,12,25,2,3,5,10,2,1,1,1,3,0,0,0,2,1,0,4,0,0,0,6,2,4,0,4,0,0,4,7,3,9,0,2,2,1,1,3,0,1,0,1,0,18,8,0,0,1,11,5,9,7,3,1,0,2,5,7,2,11,0,4,0,1,0,0,4,0,1,0,5,4,5,0,9,5,0,27,0,2,3,0,1,0,4,2,17,0,8,9,0,0,29,2,6,0,3,4,6,2,7,1,0,1,1,1
2,93,20,1,0,0,1,6,3,6,2,32,17,39,0,0,2,26,0,1,2,0,5,59,0,0,2,0,2,48,0,4,0,35,4,2,10,1,8,2,1,1,21,11,3,20,0,0,0,17,0,18,0,33,0,3,8,2,61,24,6,1,12,0,0,30,10,15,28,4,3,2,0,0,0,28,12,1,14,9,2,38,4,10,1,0,5,0,9,39,0,1,6,3,6,12,0,11,7,0,7,10,22,0,1,6,0,24,0,16,26,23,15,7,13,33,0,2,26,0,2,23,11,3,0,6,21,4,0,3,13,0,0
12,0,8,14,4,9,5,4,3,1,10,0,1,0,1,0,2,3,0,9,3,27,6,1,1,0,0,17,5,2,0,11,6,5,0,4,1,2,2,7,25,9,5,3,1,0,10,32,41,0,6,1,3,0,30,1,2,16,2,0,1,3,15,12,0,0,0,0,4,0,4,11,1,0,0,4,1,0,18,0,6,0,1,0,6,3,0,7,0,0,7,0,0,10,0,7,27,0,0,6,13,1,1,3,0,18,4,0,2,0,0,1,4,1,0,4,0,0,0,0,3,1,0,4,5,0,0,1,18,11,1,1,8
0,3,7,1,1,2,3,1,0,4,0,7,16,4,1,6,0,17,5,4,0,4,8,10,1,1,6,11,2,29,5,0,1,18,9,12,14,1,0,0,0,1,2,5,22,0,5,1,1,11,0,1,4,4,0,6,4,2,17,0,7,7,7,6,18,10,7,2,9,0,7,4,11,28,4,0,6,10,9,1,12,11,1,10,1,3,4,1,6,2,0,0,3,9,0,7,2,2,15,4,10,12,9,0,7,4,3,4,0,7,0,5,6,14,0,7,32,0,1,1,6,9,3,0,8,5,10,6,2,5,7,1,11
3,17,18,1,0,0,0,1,0,1,0,15,3,1,0,2,0,25,1,2,0,0,4,11,0,0,3,0,1,12,2,0,0,15,1,0,2,2,24,0,6,0,16,0,14,1,0,0,0,17,0,20,0,10,0,0,2,0,12,10,0,1,5,0,3,8,27,2,3,4,0,0,5,12,1,6,0,5,3,7,2,3,5,1,0,0,1,0,3,5,0,0,6,0,14,4,0,1,10,2,0,5,18,0,1,0,0,21,0,24,9,7,11,2,2,2,4,7,13,0,3,16,3,0,0,8,2,4,0,2,4,0,0
0,6,0,0,0,0,1,0,4,6,0,0,0,2,0,25,0,10,19,7,0,3,5,33,4,16,12,5,5,4,25,0,1,8,10,6,6,1,2,0,0,1,0,2,9,0,0,1,1,25,0,0,5,3,0,12,16,4,14,0,1,11,0,2,80,5,11,0,8,0,12,2,9,1,0,10,5,0,5,10,5,2,3,9,5,2,29,0,6,3,0,0,9,2,0,0,0,1,29,12,0,14,11,0,5,2,0,4,1,7,0,6,11,7,0,9,48,0,10,1,2,10,7,1,0,11,3,6,0,0,11,2,7
6,4,29,3,8,15,8,33,16,2,11,9,12,9,16,0,5,2,0,5,18,13,12,0,2,0,0,5,3,8,0,1,9,0,6,1,11,2,4,16,7,18,9,0,8,0,17,10,0,1,12,0,3,3,18,1,2,8,4,0,1,0,12,3,0,5,0,18,20,0,8,3,7,14,18,9,3,5,0,0,16,3,14,8,16,0,0,1,1,5,33,25,0,10,0,0,2,0,7,0,24,5,3,2,3,10,1,1,34,2,0,3,0,2,1,12,3,2,0,0,5,1,1,0,12,0,5,1,16,4,9,1,0
0,22,0,0,0,0,1,2,0,9,1,8,5,1,0,1,0,1,8,0,0,1,4,14,1,1,5,2,0,31,6,2,0,18,2,0,0,0,26,0,0,0,1,1,8,15,0,0,0,8,0,1,0,3,0,22,2,1,72,15,0,2,0,0,24,14,13,0,0,4,6,0,3,9,0,1,7,10,0,0,2,1,0,2,3,0,3,0,3,7,0,0,11,2,21,13,0,4,5,1,0,7,14,0,0,0,0,20,0,64,1,10,6,1,0,3,3,1,3,0,1,3,5,0,0,31,19,18,0,0,3,0,2
16,0,14,5,8,0,0,15,3,7,4,4,10,6,2,2,13,1,0,34,4,2,21,0,5,8,2,15,11,12,1,7,3,2,4,19,13,2,2,8,5,11,26,7,12,0,1,0,6,6,0,0,7,1,2,15,18,9,10,5,4,18,9,11,4,8,4,1,7,0,17,9,1,2,6,12,2,5,16,2,0,3,2,9,15,0,5,7,2,1,6,5,0,10,0,1,6,10,10,8,1,12,10,6,11,0,1,2,9,2,0,1,6,7,0,21,16,0,6,2,21,5,5,11,3,4,4,8,0,2,3,0,7
0,10,0,0,0,1,1,1,0,5,0,4,2,34,0,2,0,5,1,1,0,0,0,17,0,0,2,2,0,30,0,0,0,4,2,0,8,0,2,0,0,0,0,1,3,8,0,0,3,13,0,5,0,4,0,0,0,0,15,19,1,3,0,0,9,20,6,0,5,9,0,1,0,38,0,11,3,2,3,1,3,0,0,0,0,0,0,0,6,7,0,0,2,1,6,8,0,6,0,2,0,1,15,0,0,1,0,7,0,12,15,1,0,0,4,1,1,2,11,0,0,4,2,0,0,6,4,0,0,1,2,0,0
0,3,19,10,0,12,8,1,11,0,1,0,6,0,0,0,3,2,0,2,10,0,1,0,0,0,1,8,11,5,0,1,1,2,0,0,5,11,0,10,2,5,3,9,0,0,28,16,8,1,4,2,3,4,50,1,0,2,3,0,2,0,6,11,0,0,2,15,2,0,1,6,2,4,1,1,5,3,14,0,2,0,0,7,4,11,1,12,0,0,3,1,0,2,0,0,0,0,1,5,2,3,1,9,2,10,3,0,10,0,0,4,0,0,0,10,1,0,0,0,2,1,0,2,0,0,0,4,13,3,1,0,7
6,5,13,1,0,9,0,11,4,3,0,4,12,5,0,1,3,4,0,5,7,0,13,1,0,9,2,1,3,13,0,1,0,5,2,2,5,1,0,2,0,2,5,3,6,0,0,0,1,5,0,0,0,2,0,16,7,0,2,0,1,1,5,0,0,4,0,9,3,0,15,17,5,10,0,10,1,9,8,2,9,0,7,0,1,0,2,1,1,16,6,2,1,4,0,0,0,2,5,17,1,12,2,2,9,0,0,3,0,2,0,2,0,5,0,10,9,0,3,0,6,2,0,1,3,4,8,2,8,3,6,0,1
2,2,10,11,6,10,8,2,6,4,11,2,4,3,19,0,21,0,1,8,8,25,11,0,12,14,4,12,8,2,0,15,14,2,5,10,4,7,0,7,5,9,4,13,6,3,3,3,4,1,10,0,2,0,44,2,6,8,6,0,2,8,9,10,3,2,4,3,2,0,20,0,7,1,6,1,0,5,16,3,15,0,4,1,0,8,4,9,4,0,14,15,0,7,0,1,15,0,2,3,7,5,1,9,2,1,3,0,5,0,0,2,0,10,0,7,21,3,1,3,3,1,7,11,6,6,2,5,10,12,7,11,17
11,0,0,4,3,0,3,0,5,0,12,0,0,1,5,1,0,0,3,4,8,9,2,0,0,1,0,12,11,0,0,3,11,0,0,9,1,9,0,0,4,3,5,2,14,0,3,4,9,2,5,0,10,0,8,5,3,4,1,0,1,7,5,2,2,2,0,0,14,0,1,4,2,0,3,3,0,2,0,0,0,0,11,0,8,0,1,16,1,1,8,4,0,0,0,3,15,0,3,0,0,0,1,2,1,3,1,1,3,3,0,2,0,4,0,10,5,0,0,0,10,1,5,2,8,0,0,2,2,5,0,6,9
0,0,0,0,1,0,1,0,3,8,1,6,6,5,1,5,2,1,10,5,4,1,5,11,0,4,12,3,5,0,4,0,7,10,10,5,13,1,0,0,0,2,1,10,12,0,0,0,1,6,0,1,4,0,0,7,3,3,20,0,9,8,0,3,3,7,3,0,8,0,2,4,11,5,0,4,1,29,0,3,5,0,1,2,4,1,0,0,6,0,0,2,11,0,0,1,1,0,0,11,0,4,5,0,12,0,0,1,0,8,0,18,8,3,1,8,24,0,6,1,2,7,4,1,0,4,3,7,1,1,23,6,3
5,1,0,0,11,17,7,3,7,0,6,1,8,1,4,0,10,0,0,0,12,10,5,2,7,0,0,6,0,3,0,2,4,2,2,3,2,11,0,5,2,10,4,0,0,0,13,5,2,1,6,1,6,1,38,2,3,9,3,0,3,0,4,12,0,0,1,0,1,0,0,1,0,0,7,1,0,0,1,0,7,0,12,1,9,16,0,0,0,2,2,26,0,4,0,0,19,0,3,0,6,2,0,7,0,6,1,0,2,0,0,3,1,0,0,4,1,0,0,0,4,1,0,2,4,0,0,0,9,12,1,0,12
0,1,0,0,0,3,2,3,2,1,1,5,6,1,1,2,2,17,0,0,0,0,3,2,0,1,0,1,0,16,1,0,0,3,7,0,9,2,9,0,0,0,4,4,5,8,0,0,5,9,0,1,0,12,0,7,0,0,8,8,0,5,0,0,13,17,9,0,8,2,0,0,4,9,0,6,3,6,1,3,2,6,0,1,4,1,6,0,0,10,0,0,13,0,9,6,0,1,1,3,0,5,8,0,8,0,0,12,0,6,7,5,5,4,0,3,2,6,15,1,5,3,0,0,2,1,15,5,0,0,11,1,0
0,26,0,0,0,0,2,4,0,3,1,15,4,26,0,8,0,21,0,0,1,0,14,9,0,0,8,1,0,36,1,0,0,12,2,0,6,0,12,0,0,1,4,0,4,39,0,0,0,17,0,9,0,14,0,0,7,0,45,25,0,1,0,0,15,33,41,0,3,2,0,0,0,39,0,2,5,3,5,7,1,7,0,16,0,1,0,2,10,0,0,6,6,0,23,9,0,11,1,1,1,1,14,0,0,1,1,10,0,18,12,3,8,0,3,12,0,12,8,0,0,24,19,0,0,4,15,4,4,3,19,0,0
4,3,21,5,11,12,11,12,6,0,19,1,9,1,3,0,17,0,1,4,26,4,0,2,5,1,1,12,7,7,0,2,20,2,3,3,2,4,9,4,22,4,5,5,11,0,21,1,9,1,15,0,10,2,66,1,6,10,2,0,1,1,12,1,0,6,0,27,4,0,6,1,1,0,7,0,0,0,33,0,6,0,3,6,14,8,0,2,0,0,0,7,0,24,2,0,4,0,1,3,8,0,2,4,0,11,1,0,12,2,0,2,1,1,0,3,8,0,0,0,2,0,0,3,30,2,4,3,9,11,9,2,28
0,1,3,6,8,21,12,7,3,7,9,0,0,0,2,0,0,4,0,2,21,7,16,0,3,1,2,4,0,1,0,13,3,3,0,5,0,2,0,8,1,10,3,1,1,0,2,6,6,0,5,0,4,0,11,1,10,5,3,0,1,0,4,34,0,1,0,6,0,0,2,4,0,1,0,0,0,0,25,0,5,0,1,2,15,4,2,26,0,6,7,0,0,7,0,1,5,0,1,1,16,0,2,4,1,6,2,0,16,0,0,0,0,0,0,5,6,0,1,0,1,2,1,3,2,2,0,2,25,0,1,1,3
0,1,0,0,0,0,0,0,0,1,0,9,3,3,0,7,0,13,7,0,0,0,1,9,0,2,3,0,2,10,1,0,0,4,0,1,1,0,3,0,1,1,2,0,3,9,0,0,0,7,0,2,0,13,0,1,0,0,6,8,0,1,0,0,22,7,16,0,2,4,0,0,0,6,0,3,6,9,0,11,0,2,0,1,0,0,11,0,13,6,0,0,0,0,10,7,0,1,1,4,0,0,6,0,0,0,0,14,0,32,9,13,2,1,0,4,4,9,10,0,0,19,3,0,0,3,26,0,0,0,9,0,0
23,1,39,1,1,12,1,12,7,0,14,1,7,1,12,0,2,0,0,6,10,2,12,1,7,3,7,7,4,3,0,30,3,3,2,1,2,6,3,4,6,5,3,5,4,0,16,5,2,0,4,0,0,1,21,1,0,4,2,0,7,2,9,6,3,6,0,6,1,0,5,11,4,3,10,9,0,2,10,2,10,1,2,4,7,0,0,4,0,0,24,7,0,0,0,0,2,0,0,3,9,10,2,1,3,8,8,1,7,1,0,1,0,13,0,2,5,0,0,4,2,0,1,3,11,6,6,0,1,8,7,5,10
0,4,0,0,0,0,0,0,0,0,0,9,2,14,0,0,0,10,0,0,0,0,0,9,0,0,0,0,1,33,0,0,0,9,2,0,3,0,6,0,0,0,0,0,4,9,0,0,0,5,0,23,0,8,0,0,0,0,6,41,0,0,0,0,0,11,28,0,6,5,0,0,0,6,0,0,14,0,0,21,0,6,0,0,0,0,0,0,9,23,2,0,10,0,0,38,0,6,0,0,0,0,19,0,0,0,0,56,0,26,17,5,19,0,11,2,2,12,14,0,0,22,1,0,1,0,17,0,0,0,6,0,0
0,7,2,0,1,0,0,0,0,0,0,40,5,14,0,0,0,17,0,0,1,0,0,14,0,0,0,0,0,35,1,0,0,43,0,0,3,5,10,0,0,0,9,0,1,24,0,1,0,8,1,19,0,19,2,0,5,1,6,48,1,0,14,0,0,11,30,3,9,8,0,0,1,12,7,7,4,0,0,13,1,8,0,0,1,3,1,0,6,9,0,1,7,0,38,0,0,2,1,1,0,4,40,0,0,5,1,228,0,42,2,13,3,3,9,5,0,2,10,1,0,11,82,0,1,0,3,0,0,3,10,9,3
20,1,6,21,0,1,7,4,7,0,10,1,5,0,5,0,4,0,0,1,34,32,5,0,2,0,1,4,7,1,0,2,19,0,1,1,2,8,0,11,18,6,4,1,0,0,18,13,16,0,3,0,1,0,28,0,2,6,1,0,0,2,6,5,0,0,0,4,2,0,5,0,0,0,27,2,0,0,2,0,6,0,0,0,15,15,1,19,0,0,4,5,0,2,0,0,0,0,0,1,10,0,0,17,0,1,10,0,3,0,0,0,1,0,0,7,4,0,0,0,10,0,1,0,12,0,0,2,4,23,1,2,10
0,5,0,0,0,0,0,1,0,4,2,3,3,5,0,0,0,13,6,1,0,1,1,1,2,0,2,3,1,15,2,0,0,3,4,1,6,0,1,0,1,1,7,1,2,6,0,0,0,9,0,5,0,14,0,2,6,0,2,19,0,4,0,0,1,13,19,1,4,4,3,0,5,11,0,2,1,1,0,4,10,6,0,2,0,0,0,0,1,11,0,0,1,0,6,2,0,0,2,2,0,1,2,0,3,0,0,9,0,8,3,7,6,0,1,1,5,3,6,1,2,16,3,1,1,9,8,1,0,0,14,0,0
0,21,16,0,0,1,0,0,0,5,0,21,4,3,0,5,0,9,18,2,0,2,2,14,5,3,4,2,1,12,19,0,0,17,12,2,5,0,0,0,0,0,4,1,2,0,2,1,0,14,0,0,0,18,0,16,0,2,15,0,8,9,1,0,29,2,4,23,20,0,2,0,4,7,0,15,10,29,7,5,10,0,1,5,2,3,0,3,1,1,1,1,1,0,0,1,0,2,0,8,0,11,2,0,5,1,0,11,0,9,0,14,17,8,0,14,11,0,6,0,2,5,7,0,1,16,3,3,0,0,7,0,0
0,14,1,2,5,3,1,0,3,22,1,4,12,3,3,11,0,9,12,11,1,5,7,5,1,11,7,9,9,7,3,3,2,2,10,6,13,4,0,0,5,4,1,1,9,1,0,1,9,5,0,0,6,1,0,2,11,2,6,0,8,4,5,0,18,6,6,4,15,0,7,7,5,0,6,4,2,12,0,1,8,2,5,17,3,0,11,0,3,1,3,1,4,3,0,1,1,2,8,0,0,27,6,0,5,0,2,0,0,4,0,12,8,9,0,17,16,2,7,4,10,6,1,4,1,6,5,5,2,6,9,5,3
4,1,8,7,1,21,5,2,4,0,22,1,18,0,2,0,8,0,0,1,5,2,0,0,12,1,0,1,2,6,0,7,3,3,4,2,3,10,2,2,5,12,0,0,2,0,24,20,3,0,1,1,2,0,7,0,2,24,3,0,1,0,3,2,0,4,0,16,0,0,1,0,0,7,13,10,0,0,24,0,1,0,2,1,7,0,0,6,0,1,8,16,0,9,0,0,10,0,0,0,0,1,1,0,2,8,0,0,3,0,0,1,0,1,0,0,1,0,0,0,4,3,0,2,11,0,3,0,0,19,7,3,2
1,6,9,1,0,4,3,2,2,8,0,7,17,15,2,8,4,10,4,6,0,3,4,1,1,6,3,3,7,18,4,0,0,15,16,4,18,2,0,0,7,3,6,4,20,0,7,2,1,11,0,0,8,8,0,10,2,2,17,0,4,12,6,0,17,5,1,7,15,0,5,9,9,10,1,12,5,14,5,7,12,1,3,12,5,0,4,2,5,1,0,0,0,10,0,4,0,1,11,27,1,0,6,0,5,0,0,4,0,2,0,9,8,3,0,18,8,1,20,0,1,14,5,2,2,7,12,7,3,2,11,1,8
0,67,3,1,1,0,0,3,3,2,1,35,12,10,1,6,2,8,7,7,1,2,4,17,4,3,3,1,1,22,6,1,0,15,3,1,10,1,18,2,1,0,5,0,9,14,1,1,1,12,0,19,0,22,2,11,1,0,35,26,1,1,2,2,10,34,18,11,3,15,5,0,5,22,1,9,18,11,3,14,10,15,1,2,1,1,5,0,8,14,2,2,6,2,19,40,0,2,2,6,1,6,0,0,9,2,3,42,1,22,19,13,8,5,6,10,2,5,6,2,1,16,13,2,1,32,12,10,0,2,11,2,0
2,0,16,4,13,2,6,7,0,0,0,0,11,0,5,0,0,0,0,0,11,1,2,0,0,1,0,4,4,1,0,9,2,0,2,0,0,1,21,1,4,0,0,1,0,0,12,1,0,0,10,0,3,0,76,0,0,0,1,0,0,1,2,5,0,0,0,3,0,0,1,1,0,0,3,0,0,0,2,0,6,0,9,2,9,2,0,7,0,0,4,4,0,1,0,0,17,0,0,0,0,0,0,0,0,4,1,0,11,0,0,0,0,1,0,6,3,0,0,0,4,0,0,2,1,0,0,0,0,6,0,0,11
0,0,0,0,2,2,0,3,3,13,0,2,12,5,2,1,6,4,3,66,5,2,10,4,4,12,7,13,3,8,6,3,2,4,8,6,7,4,4,0,9,0,4,0,21,0,0,1,0,3,3,0,5,1,0,23,15,5,5,0,4,8,3,4,2,6,6,3,10,0,21,3,27,1,0,7,1,5,3,0,11,0,2,9,2,1,12,0,8,0,0,1,0,3,0,0,0,3,5,5,2,5,9,0,0,3,2,4,0,5,0,3,3,9,1,11,10,0,1,52,5,6,4,2,1,4,1,8,1,6,6,7,2
1,0,24,5,1,3,4,10,6,0,3,1,2,0,0,0,2,0,0,4,41,1,0,1,2,0,0,6,7,3,0,6,15,0,0,0,2,6,0,14,6,7,3,2,2,0,22,4,9,0,11,0,4,0,69,1,5,4,5,0,0,0,3,4,0,2,0,20,1,0,2,0,0,6,18,4,0,2,10,0,0,1,10,0,1,3,0,6,0,1,11,6,0,8,0,5,1,0,1,0,8,0,2,4,3,0,2,0,25,0,0,0,0,0,0,3,0,0,0,0,0,0,0,4,0,0,4,0,3,3,0,2,2
4,0,1,6,7,2,12,2,14,5,3,1,0,0,8,2,8,1,1,6,3,7,0,1,1,11,3,13,3,2,2,19,3,0,0,7,1,3,2,2,0,4,6,5,2,0,19,0,15,2,7,0,8,1,2,2,6,5,2,0,0,5,5,6,0,0,2,0,0,0,9,7,2,0,4,3,0,0,1,0,1,0,3,0,3,1,0,1,0,1,1,2,0,8,0,1,10,0,0,2,0,0,3,1,2,2,0,2,21,0,0,6,3,0,0,8,2,2,0,6,1,0,1,14,5,3,0,0,12,16,1,1,9
0,37,0,0,0,0,2,0,1,2,1,39,11,7,0,2,1,54,0,4,2,0,0,29,0,1,0,0,2,28,3,2,1,38,0,0,16,3,15,0,0,2,1,2,19,43,0,0,0,15,1,17,1,43,0,7,6,1,28,47,12,1,0,3,1,37,99,10,10,22,0,0,3,24,0,4,21,4,1,20,2,7,0,3,0,1,1,0,12,10,0,0,14,1,56,228,0,9,11,0,0,4,42,0,4,0,2,0,2,117,33,21,21,0,11,12,0,16,24,0,0,15,29,1,0,21,10,4,2,0,24,1,0
5,0,26,0,6,0,15,1,0,0,21,2,0,0,3,0,7,0,0,0,47,0,0,1,0,1,4,17,0,0,0,15,2,0,0,2,10,21,0,7,3,6,0,17,6,0,62,11,9,0,28,0,14,0,77,0,4,14,1,0,0,7,0,21,0,1,0,59,0,0,1,0,0,0,2,0,0,1,34,0,9,0,10,0,5,3,0,2,0,0,12,16,0,7,0,0,3,0,0,0,3,0,1,11,0,25,21,2,0,2,0,0,0,5,0,8,4,0,0,0,1,0,0,3,0,0,3,0,11,0,0,6,1
8,24,0,0,0,0,0,10,5,6,0,21,9,24,0,3,1,20,5,1,0,1,0,64,0,0,7,4,2,26,6,3,0,61,4,0,3,0,66,0,1,7,11,6,15,13,0,0,1,27,0,34,3,28,0,5,0,0,16,30,3,2,1,2,10,36,27,12,7,13,0,1,1,16,0,7,24,7,2,64,2,12,0,2,0,3,8,0,6,18,2,0,32,1,26,42,0,8,9,4,0,2,22,0,5,0,0,117,2,0,13,22,5,3,1,9,7,11,8,0,0,30,40,0,1,27,12,2,0,0,16,0,2
0,0,0,0,0,0,0,0,0,0,0,7,0,2,0,0,0,31,0,0,0,0,0,16,0,0,0,0,0,27,0,0,0,15,0,0,1,0,6,0,0,0,0,0,5,13,0,0,0,11,0,1,0,11,0,0,0,0,5,6,0,0,0,0,0,9,39,0,2,1,0,0,0,26,0,0,9,0,0,1,0,15,0,0,0,0,0,0,7,12,0,0,9,0,17,2,0,3,0,0,0,0,19,0,0,0,0,33,0,13,0,1,10,0,5,3,0,8,16,0,0,15,10,0,0,0,17,0,0,0,11,0,0
2,17,0,4,0,0,2,1,1,16,1,5,8,12,0,35,0,8,1,2,0,2,5,10,2,9,7,5,8,8,4,1,2,9,6,8,8,2,1,2,1,4,8,2,12,10,0,1,0,10,0,2,3,15,0,8,8,0,15,19,9,8,5,4,5,9,8,2,11,13,17,5,4,23,1,5,7,6,3,10,1,1,4,2,2,2,18,3,5,3,2,0,13,1,5,13,0,7,14,12,1,9,13,0,3,0,6,21,0,22,1,0,12,5,0,7,18,4,14,2,4,34,7,1,0,17,9,8,5,1,15,0,0
0,25,8,1,0,0,0,1,0,2,0,9,4,3,0,4,0,12,0,0,1,2,4,8,1,3,5,3,5,31,6,0,1,25,11,1,18,0,3,0,0,1,13,0,5,2,0,0,0,5,0,10,1,26,0,2,19,1,7,13,6,3,0,1,7,5,25,18,14,3,0,3,2,15,4,6,11,11,0,6,6,0,0,0,0,0,8,1,5,8,1,0,2,0,19,3,1,6,17,8,0,8,8,0,3,0,3,21,0,5,10,12,0,2,1,2,5,1,4,4,1,10,2,0,1,8,7,3,0,1,3,4,1
0,3,11,1,2,0,0,0,2,19,1,3,0,0,0,6,2,1,4,17,0,5,0,8,3,3,7,3,13,17,2,7,1,3,1,9,4,20,0,0,2,6,1,1,7,0,0,2,3,6,0,0,7,2,0,6,10,8,4,4,4,7,1,2,4,3,1,0,5,0,17,5,17,7,1,14,2,7,2,1,7,0,0,5,10,4,3,0,4,0,1,0,1,13,0,3,0,0,8,9,1,3,5,1,9,0,0,0,5,3,0,5,2,0,0,10,21,1,1,0,2,2,0,1,1,8,4,12,3,0,4,5,4
0,11,0,0,0,0,0,0,0,0,0,6,2,4,0,0,0,6,0,1,0,0,0,10,0,0,0,0,2,21,0,0,0,5,0,0,0,0,3,0,0,0,0,1,5,5,0,0,0,2,0,1,0,1,0,1,0,0,9,10,0,0,3,0,0,2,6,0,2,0,0,0,0,13,0,0,2,0,1,0,0,4,0,0,0,0,1,0,0,3,0,0,0,0,11,9,0,1,0,0,0,0,6,0,1,0,0,11,0,1,5,0,1,0,0,0,0,0,15,0,0,3,1,1,0,0,0,0,0,0,0,0,0
3,15,5,1,1,8,4,3,9,14,1,10,14,20,12,26,9,18,9,10,1,9,7,3,8,12,9,10,4,15,2,6,2,22,11,5,15,6,2,3,6,4,17,3,23,3,0,10,3,12,4,4,7,12,14,24,27,15,14,5,18,12,5,13,11,15,9,4,13,1,5,10,8,33,4,7,2,9,12,3,21,1,10,10,7,10,8,4,3,12,3,5,4,2,2,5,7,1,14,17,0,18,10,6,11,3,8,12,8,9,3,7,2,10,0,0,22,4,15,2,3,8,2,12,1,25,7,9,4,11,33,11,7
3,3,3,0,2,12,6,9,2,30,3,3,12,4,4,29,4,3,45,9,8,4,12,4,10,39,39,39,14,3,27,9,3,4,10,16,7,4,2,1,7,7,9,21,16,0,9,0,5,11,4,2,2,4,2,33,13,3,22,0,2,33,7,3,50,5,17,0,3,0,32,2,9,0,0,32,4,48,3,3,16,1,1,9,21,5,24,1,2,0,8,6,4,5,2,0,4,5,11,16,1,8,2,3,10,0,2,0,4,7,0,18,5,21,0,22,0,2,10,0,11,15,7,10,1,15,10,11,14,4,10,11,11
0,2,3,0,0,0,3,1,0,0,0,2,1,0,0,1,0,29,0,0,0,0,0,10,0,0,4,0,0,5,0,3,0,3,0,2,4,0,1,0,0,0,0,1,4,41,0,0,0,10,0,8,0,7,0,1,0,0,1,16,0,5,0,0,0,3,14,2,3,2,0,0,0,2,0,0,7,0,2,1,0,2,0,0,3,0,0,0,6,12,0,0,9,0,12,2,0,3,0,2,0,1,5,0,0,0,2,16,0,11,8,4,1,1,0,4,2,0,25,0,0,12,6,1,0,0,6,0,1,0,7,2,0
0,7,0,0,2,0,1,1,1,3,0,4,6,24,1,1,0,40,3,1,0,0,5,4,0,1,4,3,3,19,0,0,0,3,5,1,8,1,10,0,1,3,2,3,3,12,0,0,0,24,0,11,4,19,0,5,2,1,22,30,2,17,0,0,12,11,24,1,8,2,4,1,0,26,0,1,13,10,0,3,6,11,0,3,1,0,6,0,15,8,0,1,10,0,14,10,0,6,6,7,0,20,6,0,1,0,0,24,0,8,16,14,4,1,15,15,10,25,0,0,1,22,4,5,0,21,17,20,0,0,33,0,2
0,0,0,0,3,0,0,0,6,0,0,0,0,0,0,1,0,0,0,143,0,1,1,1,6,0,17,4,0,0,0,0,1,0,1,2,1,13,0,0,0,4,0,0,23,0,0,0,0,0,0,0,3,0,0,0,0,0,3,0,0,1,0,0,0,1,0,0,0,0,5,0,29,0,0,1,0,1,0,0,2,0,0,0,3,0,1,0,1,0,0,0,0,4,0,1,0,1,0,4,0,0,2,0,52,0,6,0,0,0,0,2,4,0,0,2,0,0,0,0,0,0,0,0,0,0,0,6,3,0,0,3,0
10,1,1,16,0,0,5,8,9,8,0,0,6,2,13,2,17,0,0,0,8,13,9,0,3,17,1,6,2,3,1,6,5,0,0,9,2,1,3,7,3,17,5,3,3,0,2,4,20,0,0,0,2,3,0,1,10,10,2,0,5,9,20,15,1,1,0,3,4,0,5,4,2,2,3,6,3,2,5,1,21,0,2,6,3,10,2,4,5,0,2,1,0,2,0,0,10,2,2,10,4,1,1,4,5,0,1,0,1,0,0,4,1,2,0,3,11,0,1,0,0,2,1,1,16,0,3,4,27,5,7,1,5
1,5,2,0,1,3,5,2,5,13,0,5,4,10,3,6,2,16,2,1,1,2,2,12,1,3,14,3,1,16,1,0,1,7,13,4,16,3,6,0,0,0,1,5,9,7,0,0,0,3,0,5,1,17,0,14,2,0,5,8,4,7,0,0,12,2,22,8,19,5,13,2,6,23,1,9,16,10,1,3,5,4,1,2,1,1,7,1,3,24,0,2,19,0,22,11,0,16,5,6,3,14,16,0,6,0,0,15,0,30,15,34,10,2,3,8,15,12,22,0,2,0,8,0,1,7,7,14,0,1,9,1,0
0,18,0,0,1,0,0,0,0,1,0,30,3,22,0,10,1,7,2,0,3,2,1,14,1,1,2,0,2,23,0,0,0,11,2,0,7,0,8,0,0,0,0,0,8,18,0,1,0,10,1,5,0,11,0,3,2,0,20,14,2,8,1,0,8,30,23,4,4,10,0,3,0,11,0,3,3,7,1,5,5,2,0,0,7,5,4,0,0,19,0,1,3,1,1,82,1,3,7,1,0,5,13,0,4,0,1,29,0,40,10,7,2,0,1,2,7,6,4,0,1,8,0,0,0,5,11,13,1,0,15,0,0
1,0,0,6,3,9,10,0,6,0,0,0,0,2,1,0,16,0,3,7,0,8,12,0,6,22,4,8,17,0,0,29,1,3,1,4,1,10,0,0,20,15,1,15,9,0,0,0,2,0,3,0,17,0,4,4,22,5,0,0,6,5,20,3,0,0,1,0,0,0,2,7,3,3,4,0,0,1,0,0,11,0,2,1,11,2,1,2,0,0,3,3,0,3,0,0,0,1,0,4,2,2,2,2,2,4,14,1,3,0,0,1,0,1,1,12,10,1,5,0,1,0,0,0,2,2,0,0,5,19,3,7,11
7,0,11,19,19,3,2,32,2,0,12,2,10,1,0,0,4,0,0,0,5,16,0,0,2,0,4,2,1,5,0,6,6,0,7,5,1,0,2,3,12,6,7,3,7,2,7,13,5,0,4,0,5,1,15,1,2,5,4,4,2,12,14,1,0,6,2,6,0,0,4,3,4,0,5,8,0,0,12,0,3,0,0,3,6,8,0,4,2,0,30,2,0,11,1,1,12,1,1,1,11,2,1,1,1,0,5,0,0,1,0,0,1,1,0,1,1,0,0,0,16,1,0,2,0,0,3,2,4,16,3,3,10
0,22,2,1,4,2,0,0,0,13,0,15,14,4,1,17,0,0,6,4,0,1,3,24,3,7,6,5,3,16,1,2,5,6,15,1,16,3,0,0,1,6,4,4,26,0,0,0,8,13,0,7,0,31,0,8,17,1,40,15,5,3,0,0,9,15,10,21,5,0,5,2,6,6,0,5,8,11,0,31,4,6,0,4,6,0,4,0,1,4,2,2,3,6,0,0,0,9,16,6,0,7,32,0,4,0,3,21,0,27,0,17,8,8,0,25,15,0,21,0,0,7,5,2,0,0,14,12,1,0,11,2,1
7,6,3,0,1,0,3,8,5,5,0,13,14,18,0,17,1,17,5,3,2,0,2,9,9,1,2,2,3,25,4,17,0,12,8,6,11,0,4,0,2,6,17,6,13,19,0,0,0,9,0,7,2,9,5,7,13,4,22,18,9,6,6,0,10,13,9,1,6,11,5,5,2,21,0,10,2,3,5,19,4,4,0,8,2,0,3,0,15,15,4,0,26,6,17,3,0,8,3,5,3,12,12,0,1,4,0,10,3,12,17,9,7,4,0,7,10,6,17,0,3,7,11,0,3,14,0,4,2,0,25,0,0
1,0,0,0,1,8,1,1,2,16,0,0,4,13,1,12,2,3,2,5,0,5,10,0,7,10,7,2,10,0,2,3,4,3,21,6,3,2,0,1,2,2,0,7,12,1,0,2,2,2,0,1,0,3,0,55,8,4,22,0,1,16,0,1,6,10,7,0,5,0,11,2,7,4,1,6,4,6,1,18,8,0,4,2,5,2,7,0,5,4,3,2,0,0,0,0,2,1,3,5,0,7,10,0,8,0,0,4,0,2,0,8,3,12,0,9,11,0,20,6,4,14,13,0,2,12,4,0,4,0,24,4,3
6,0,0,24,0,24,16,6,4,4,1,0,4,0,12,0,4,1,1,5,0,5,6,0,0,0,1,5,4,9,0,28,5,5,0,1,2,0,0,3,2,11,1,19,0,0,0,21,9,0,13,0,5,0,0,1,16,8,4,0,1,3,0,8,0,3,0,0,0,0,7,7,1,0,18,2,0,0,16,0,0,0,13,8,10,2,1,9,0,4,9,25,0,1,0,0,4,0,0,2,0,3,0,0,1,3,12,2,11,0,0,5,0,3,0,4,14,1,0,3,27,0,1,5,4,1,2,4,0,7,17,1,5
17,0,13,20,13,15,17,5,15,0,38,0,3,4,3,0,3,9,0,1,12,2,0,0,4,6,0,16,16,1,0,1,4,1,0,2,4,1,1,5,21,16,10,9,13,0,3,6,15,0,12,0,6,1,5,0,8,2,2,0,2,1,11,10,0,2,1,5,1,0,0,17,0,3,11,5,2,0,4,0,2,1,3,3,12,5,1,12,0,3,11,0,0,8,0,3,23,0,0,6,19,2,2,6,6,3,16,0,0,0,0,1,1,0,0,11,4,0,0,0,5,1,0,19,16,0,0,0,7,0,13,1,19
2,22,0,0,8,2,4,4,4,11,2,27,13,19,0,4,0,23,7,1,0,6,6,13,3,7,12,5,10,22,4,5,7,9,13,12,9,2,0,2,1,6,10,18,13,21,1,4,6,19,0,2,3,8,0,21,10,1,23,4,6,17,3,4,22,41,19,3,14,4,2,9,1,13,1,7,4,11,9,3,3,2,1,6,7,0,23,1,11,19,9,1,9,7,6,10,1,14,7,9,7,11,11,0,6,0,1,24,0,16,11,15,3,4,0,33,10,7,33,0,7,9,15,3,3,11,25,24,17,13,0,13,10
2,0,0,2,10,5,4,0,11,1,0,4,3,0,2,0,2,0,0,0,1,3,4,0,2,24,2,5,18,3,0,3,5,3,10,7,3,6,0,0,0,2,9,4,3,0,0,5,2,0,1,0,5,2,0,19,13,4,4,0,6,4,2,4,1,5,4,0,4,0,2,1,1,0,1,1,0,2,1,0,0,0,0,0,11,6,6,0,1,0,2,1,0,5,0,9,2,0,0,5,3,1,2,0,7,2,1,1,6,0,0,0,4,5,0,11,11,2,0,3,1,1,0,7,3,2,0,4,1,1,13,0,5
0,0,0,7,7,7,31,2,13,3,3,0,1,4,21,0,24,3,0,6,6,4,2,2,8,9,2,9,13,1,0,16,7,0,3,4,7,14,0,3,6,5,2,18,23,0,0,4,10,0,8,0,2,0,33,2,11,3,1,0,5,5,4,7,0,2,1,3,4,0,8,7,1,0,8,11,0,7,0,2,7,0,7,1,17,9,3,12,0,0,28,3,0,10,0,3,10,0,0,3,2,8,0,11,2,2,9,0,1,2,0,0,1,4,0,7,11,0,2,0,5,0,0,11,10,1,0,3,5,19,10,5,0
