Ant57,Ant260,Ant52,Ant397,Ant929,Ant2,Ant6,Ant7,Ant9,Ant14,Ant19,Ant24,Ant26,Ant30,Ant38,Ant60,Ant64,Ant72,Ant74,Ant102,Ant158,Ant161,Ant196,Ant202,Ant209,Ant227,Ant245,Ant252,Ant268,Ant308,Ant311,Ant534,Ant604,Ant620,Ant646,Ant673,Ant740,Ant838,Ant954,Ant0,Ant1,Ant12,Ant13,Ant20,Ant23,Ant27,Ant29,Ant42,Ant43,Ant48,Ant49,Ant51,Ant54,Ant55,Ant62,Ant63,Ant66,Ant68,Ant70,Ant80,Ant91,Ant96,Ant97,Ant98,Ant109,Ant113,Ant118,Ant120,Ant124,Ant126,Ant127,Ant131,Ant135,Ant137,Ant140,Ant144,Ant147,Ant149,Ant156,Ant159,Ant169,Ant170,Ant172,Ant174,Ant175,Ant176,Ant190,Ant195,Ant206,Ant207,Ant210,Ant212,Ant215,Ant229,Ant232,Ant242,Ant250,Ant257,Ant261,Ant262,Ant263,Ant264,Ant289,Ant296,Ant299,Ant301,Ant313,Ant324,Ant326,Ant331,Ant332,Ant334,Ant353,Ant356,Ant376,Ant380,Ant387,Ant391,Ant395,Ant433,Ant437,Ant458,Ant462,Ant482,Ant492,Ant501,Ant507,Ant509,Ant530,Ant549,Ant560,Ant576,Ant592,Ant593,Ant607,Ant610,Ant614,Ant621,Ant635,Ant638,Ant647,Ant650,Ant665
0,3,19,1,17,2,0,0,9,9,8,0,1,0,0,0,5,9,2,8,7,1,0,4,5,36,27,20,4,2,15,11,10,3,0,7,2,3,2,4,0,5,7,9,0,46,20,4,2,3,4,7,20,0,5,3,1,11,4,15,11,10,11,3,15,5,0,2,8,2,10,10,0,18,1,5,3,1,1,4,0,31,1,27,0,2,3,1,4,4,0,0,15,3,27,24,16,0,19,12,12,2,12,1,12,6,0,0,0,1,1,4,0,0,0,0,1,15,13,5,3,7,6,2,1,0,6,11,9,2,1,7,0,12,1,0,11,1,7,3,0,5,12
3,0,3,6,4,7,19,27,0,2,1,1,0,3,5,16,1,0,0,1,0,0,11,3,1,4,2,0,1,5,1,0,1,0,32,0,1,0,5,2,54,1,0,0,6,1,7,67,9,32,15,0,0,16,1,0,5,0,4,0,1,4,2,2,0,4,8,0,7,0,7,0,18,1,0,2,30,20,0,6,20,9,10,0,20,0,1,2,2,6,4,8,0,0,0,0,0,10,2,1,0,0,9,10,0,10,10,1,24,1,14,7,8,0,20,0,0,1,1,9,19,0,22,8,10,3,0,3,2,16,5,0,5,1,18,18,5,22,1,0,14,6,6
19,3,0,0,1,10,0,1,3,5,5,3,7,0,1,0,8,11,4,2,5,7,4,0,6,4,6,0,7,1,3,3,26,17,0,3,0,1,13,6,0,22,2,19,1,3,6,14,0,0,6,4,6,0,4,1,5,13,2,4,6,23,13,7,4,2,0,1,4,1,6,1,11,4,4,9,2,0,9,5,0,5,1,10,0,3,0,5,6,6,8,3,9,0,16,5,5,0,7,7,6,15,2,3,1,7,6,0,0,2,1,6,2,1,4,0,0,10,0,6,0,2,4,12,3,0,3,26,8,5,0,13,7,2,0,0,6,5,8,0,0,2,9
1,6,0,0,0,2,19,1,0,5,0,5,0,0,24,5,0,0,0,0,0,5,27,11,1,2,3,6,1,6,17,0,0,2,18,0,3,2,18,0,8,1,2,12,8,1,4,7,6,30,5,0,0,10,1,7,48,2,1,4,0,3,3,0,2,19,18,0,9,1,10,0,10,1,2,7,9,11,2,19,1,2,20,2,9,0,0,19,15,2,10,12,0,1,3,1,0,9,0,11,1,1,2,9,0,7,17,5,8,6,12,4,12,5,21,0,0,5,0,13,7,3,1,1,13,0,0,1,0,13,11,0,8,7,9,4,5,13,3,0,6,11,0
17,4,1,0,0,4,4,0,7,7,29,0,8,0,2,2,40,14,34,8,1,4,5,1,11,4,7,11,31,0,7,5,0,10,0,22,0,3,5,13,2,3,5,5,1,39,27,2,1,0,5,7,3,0,5,6,0,8,13,2,33,7,35,8,19,2,0,0,2,4,30,21,0,3,5,2,1,0,3,17,0,19,2,29,0,4,1,0,22,4,3,3,9,8,35,13,1,0,43,4,3,2,21,0,7,4,4,9,1,1,0,5,7,3,3,0,6,18,19,2,6,13,0,3,2,0,6,15,14,8,7,21,0,9,0,0,2,2,10,0,0,3,12
2,7,10,2,4,0,1,0,0,16,3,5,0,0,4,1,1,5,0,1,4,3,6,6,0,21,0,7,5,7,8,4,2,3,2,18,0,0,14,1,4,22,2,7,6,4,10,37,3,8,4,0,5,0,1,5,0,1,13,1,5,26,14,3,1,8,0,0,7,12,43,0,7,3,0,4,8,3,0,0,0,11,15,11,1,0,9,1,1,5,0,2,6,7,4,1,2,3,2,3,1,4,16,14,0,7,11,5,1,2,3,0,10,2,3,0,1,13,4,2,2,2,3,30,3,0,7,34,7,1,3,14,5,1,0,0,3,12,5,0,2,13,10
0,19,0,19,4,1,0,7,0,3,2,12,1,0,4,16,0,1,0,0,0,3,66,7,1,4,0,0,0,2,11,0,0,1,8,4,20,2,13,0,10,0,2,4,1,2,2,16,11,3,5,1,0,2,0,5,20,1,4,0,5,2,3,0,0,8,9,0,9,0,2,0,12,4,1,9,0,16,0,12,2,2,17,0,19,0,1,22,7,8,3,10,2,1,1,4,1,14,0,2,0,1,19,7,0,8,2,0,18,13,11,2,7,1,14,0,0,2,2,13,2,0,25,0,10,0,0,1,0,9,26,0,6,1,2,0,11,39,1,1,13,3,0
0,27,1,1,0,0,7,0,0,2,1,0,0,0,3,9,0,1,0,0,0,0,6,8,0,3,0,0,1,1,4,6,1,0,3,0,1,0,1,0,28,0,0,6,18,0,11,28,12,19,32,0,0,21,0,1,2,0,3,0,0,0,9,0,0,6,11,0,3,0,5,0,19,0,1,7,17,11,0,14,6,0,4,0,1,0,0,1,3,2,3,12,1,0,0,0,1,8,0,2,0,1,2,0,0,5,2,1,32,6,5,3,1,0,5,0,0,1,0,6,18,2,10,0,2,15,0,1,0,9,2,0,0,0,8,14,5,5,0,0,1,3,0
9,0,3,0,7,0,0,0,0,0,4,0,5,0,0,0,28,12,78,2,29,9,0,0,0,0,11,6,1,0,0,10,23,25,0,4,0,5,0,6,0,0,3,0,0,11,1,0,0,0,0,13,4,0,0,0,0,3,1,26,10,7,1,5,2,0,0,7,1,1,0,32,0,4,9,1,0,0,8,0,0,30,0,18,0,16,31,0,0,0,1,0,6,3,0,4,21,0,17,4,1,2,1,1,0,2,0,0,0,0,0,4,0,12,0,0,8,0,8,4,0,12,0,0,1,0,9,18,11,0,0,2,0,3,0,0,2,0,12,0,0,0,4
9,2,5,5,7,16,3,2,0,0,4,4,4,0,4,5,3,2,3,3,13,5,3,5,4,13,1,3,6,4,17,1,8,1,3,9,3,4,5,0,2,20,3,11,0,2,8,13,4,1,15,3,5,0,3,12,4,1,8,4,3,4,15,4,0,10,2,0,6,3,18,3,8,7,8,5,3,7,0,16,0,6,5,3,2,0,3,12,8,24,1,1,5,3,2,0,0,4,4,1,9,5,8,5,2,4,8,2,5,3,8,5,8,3,2,0,5,21,20,2,0,5,1,2,2,0,0,2,2,2,5,0,6,7,1,3,9,4,5,0,2,23,5
8,1,5,0,29,3,2,1,4,4,0,1,2,0,0,2,6,5,1,1,1,13,5,0,1,12,9,33,4,1,9,10,35,3,0,44,1,2,2,5,2,11,12,3,2,7,20,4,0,3,1,1,18,0,2,20,0,9,3,8,17,6,16,10,10,2,0,1,2,6,12,14,0,8,12,2,0,0,6,5,0,19,3,4,1,0,11,1,3,5,19,6,3,14,9,5,0,0,2,13,12,15,14,0,34,4,0,2,3,0,4,4,2,13,0,0,1,16,2,4,0,11,2,9,2,0,2,56,3,3,0,7,1,9,0,0,2,4,12,0,1,4,2
0,1,3,5,0,5,12,0,0,4,1,0,0,0,5,8,0,0,0,0,0,0,15,3,0,2,0,0,0,3,5,0,1,0,3,1,24,0,28,0,3,0,0,9,4,0,4,10,5,1,10,1,0,1,4,3,25,0,5,0,2,0,0,0,0,5,9,0,6,1,1,2,17,1,0,9,4,9,0,1,0,4,5,1,12,0,1,7,1,13,1,4,0,0,3,0,1,5,0,1,1,8,5,6,0,9,12,1,5,18,9,8,8,5,7,0,0,1,6,11,1,0,6,1,3,0,0,0,0,2,9,0,13,1,1,1,10,4,2,0,6,14,0
1,0,7,0,8,0,1,0,5,4,2,0,0,0,0,0,9,11,7,4,11,0,4,1,10,6,18,5,2,5,29,6,6,17,0,10,1,0,1,6,0,9,16,0,0,8,4,0,0,1,8,7,1,0,6,1,0,14,2,13,14,6,2,4,10,1,0,4,0,5,1,25,0,3,4,1,0,1,21,2,0,22,1,31,1,11,1,0,4,2,3,0,16,22,1,24,11,3,20,14,5,7,0,2,32,3,0,0,0,0,0,2,6,27,2,0,1,9,11,8,1,12,0,0,1,0,23,22,19,2,3,2,0,15,0,0,6,1,2,0,0,0,17
0,3,0,0,0,0,0,0,0,0,0,0,0,0,3,21,0,0,0,0,0,0,2,1,0,0,0,0,0,0,0,0,0,0,0,0,0,0,0,0,1,0,0,0,3,0,0,0,3,8,0,0,0,0,0,0,0,0,0,0,0,0,0,0,0,0,1,0,0,0,0,0,6,0,0,0,21,2,0,0,14,0,5,0,0,0,0,0,0,0,0,5,0,0,0,0,0,1,0,0,0,0,0,0,0,11,0,0,15,0,0,0,0,0,0,0,0,0,0,0,0,0,0,0,2,5,0,0,0,33,0,0,0,0,0,0,0,0,0,0,0,0,0
0,5,1,24,2,4,4,3,0,4,0,5,0,3,0,9,0,0,0,0,0,0,9,13,0,0,1,0,0,3,1,1,0,0,8,0,3,0,6,0,3,0,2,12,12,0,7,5,3,4,6,0,1,4,1,2,5,2,0,0,3,2,1,0,1,8,6,0,6,0,4,0,14,1,0,3,8,11,1,9,2,1,11,1,11,0,1,4,4,11,0,5,0,2,0,1,0,10,0,1,3,2,1,16,0,10,15,0,11,5,3,4,4,1,5,0,0,2,0,5,3,1,2,0,29,0,0,3,0,14,8,0,2,1,5,6,7,9,1,0,5,15,0
0,16,0,5,2,1,16,9,0,5,2,8,0,21,9,0,0,2,0,0,0,0,7,20,0,0,0,0,0,17,3,1,0,0,24,0,9,0,2,0,23,0,0,7,8,0,1,19,6,16,2,0,0,10,1,10,24,0,0,0,1,0,0,0,0,2,14,0,4,0,0,0,18,1,1,3,45,18,0,22,23,3,31,0,4,0,1,13,0,4,2,6,0,1,0,0,0,13,0,0,0,2,0,4,0,23,10,2,13,9,16,6,3,0,26,1,0,8,0,14,11,2,9,5,13,7,0,1,0,25,12,0,7,2,9,6,5,10,0,0,20,8,0
5,1,8,0,40,1,0,0,28,3,6,0,9,0,0,0,0,12,11,4,46,8,0,0,2,0,4,2,17,0,3,1,6,25,0,6,0,2,0,0,0,7,2,0,0,24,0,0,0,0,0,9,12,0,0,0,0,15,3,8,23,7,3,3,0,0,0,14,1,1,0,16,0,45,3,0,0,0,3,0,0,21,0,3,0,0,3,0,1,0,2,0,2,0,0,0,3,0,3,2,5,11,0,1,4,0,1,0,0,0,0,0,0,1,0,0,0,4,30,5,0,1,0,0,0,0,2,3,13,0,0,3,0,7,0,0,1,0,2,0,0,0,21
9,0,11,0,14,5,1,1,12,2,5,0,11,0,0,2,12,0,53,14,7,9,1,0,7,0,37,12,9,2,8,7,19,5,0,11,5,10,2,8,2,12,20,3,6,19,11,1,0,1,1,16,16,0,8,7,0,19,1,7,34,18,15,14,12,3,0,5,6,4,23,6,1,9,3,3,0,0,9,1,0,14,2,20,0,13,2,2,8,9,0,1,7,5,5,9,19,0,23,7,20,12,3,5,31,2,3,4,0,2,0,1,7,14,3,2,13,3,17,3,0,16,2,1,1,0,17,58,18,3,0,14,0,13,2,0,4,7,19,10,0,3,11
2,0,4,0,34,0,0,0,78,3,1,0,7,0,0,0,11,53,0,10,14,12,1,0,15,0,9,16,19,2,0,1,0,56,0,1,0,6,0,9,0,3,39,0,0,44,0,0,0,1,0,90,3,0,1,1,0,19,0,1,17,2,0,12,7,1,0,34,1,0,0,36,0,0,6,0,0,0,78,0,0,46,0,140,0,11,0,0,1,1,1,0,0,0,26,1,1,0,28,3,15,39,0,2,20,5,0,0,0,0,0,0,0,6,0,0,8,0,23,0,0,22,0,0,0,0,10,42,53,0,0,12,0,7,0,0,6,0,14,8,0,0,9
8,1,2,0,8,1,0,0,2,3,1,0,4,0,0,0,4,14,10,0,19,4,1,0,9,0,44,16,13,0,10,5,8,6,0,4,0,3,0,6,1,6,0,1,1,55,5,0,0,1,0,28,27,0,2,1,0,34,0,4,19,2,1,29,25,0,0,16,0,0,2,32,0,12,20,3,1,0,5,0,0,8,0,9,0,21,2,0,2,0,0,0,24,1,53,4,12,0,28,13,13,3,0,2,25,0,0,0,0,0,0,0,0,27,0,0,40,0,15,0,0,22,0,0,0,0,6,36,11,0,0,18,0,7,0,0,14,0,1,79,0,0,36
7,0,5,0,1,4,0,0,29,13,1,0,11,0,0,0,46,7,14,19,0,0,2,2,4,2,7,4,0,1,1,8,7,46,0,2,0,0,5,3,0,4,29,0,1,3,1,0,0,0,0,39,7,0,6,1,1,11,1,16,3,7,10,25,6,0,0,16,0,0,0,20,0,1,1,0,0,0,17,1,0,7,0,28,0,31,8,0,3,0,3,0,3,0,6,9,9,0,17,0,0,1,7,2,5,0,1,1,0,5,0,0,0,53,0,0,5,6,1,10,1,11,0,0,0,0,5,4,7,3,0,7,0,5,0,0,3,2,29,7,0,3,11
1,0,7,5,4,3,3,0,9,5,13,0,0,0,0,0,8,9,12,4,0,0,1,1,11,0,22,41,6,4,10,8,13,5,0,13,0,5,3,2,1,5,7,6,0,7,0,6,0,0,0,4,15,0,1,5,1,12,6,5,8,9,0,0,10,0,1,6,5,3,11,0,0,4,21,1,3,0,8,1,0,4,2,10,1,12,5,0,11,0,18,5,5,1,11,5,5,0,7,2,4,3,7,4,4,4,1,1,1,0,1,1,0,5,1,0,8,1,5,4,1,1,0,13,0,0,13,24,9,1,2,11,0,7,0,0,2,1,4,1,0,0,5
0,11,4,27,5,6,66,6,0,3,5,15,4,2,9,7,0,1,1,1,2,1,0,20,0,4,2,2,9,10,8,2,4,0,22,2,7,0,15,1,23,5,3,15,20,1,5,26,17,9,13,0,0,11,0,4,53,1,7,2,4,0,8,0,1,17,42,0,11,0,1,0,14,13,1,3,15,29,3,5,20,6,15,2,21,0,5,24,32,3,8,11,4,2,4,3,0,11,1,2,0,3,3,6,0,21,25,2,11,21,20,15,15,1,46,1,1,4,7,23,9,0,25,17,18,4,2,8,0,27,23,4,18,2,20,5,6,29,0,0,30,9,0
4,3,0,11,1,6,7,8,0,5,0,3,1,1,13,20,0,0,0,0,2,1,20,0,0,4,0,0,0,6,8,0,1,4,21,0,4,0,6,0,18,1,1,5,17,0,4,13,11,14,17,0,0,2,0,2,9,1,2,0,0,5,0,0,0,20,5,0,0,0,0,0,9,1,0,4,10,10,0,0,6,14,11,3,49,0,2,10,10,2,0,6,0,0,2,0,0,4,0,2,0,5,0,10,0,4,14,1,7,32,6,7,1,1,10,0,0,0,0,10,13,1,8,5,29,2,0,0,0,7,14,0,9,0,10,18,11,7,0,0,9,8,2
5,1,6,1,11,0,1,0,0,4,1,0,10,0,0,0,2,7,15,9,4,11,0,0,0,0,5,13,0,2,7,0,4,11,0,3,0,4,0,0,0,3,14,3,0,18,1,0,0,6,3,44,1,0,18,2,0,8,2,8,4,12,5,15,9,0,1,7,0,0,2,19,1,8,10,0,0,0,5,3,0,3,1,8,0,4,0,3,5,10,3,0,8,0,0,5,9,0,2,8,6,3,0,1,3,1,0,0,0,0,1,1,0,5,1,0,2,4,6,3,0,4,1,1,1,0,2,22,15,0,0,2,0,3,0,0,2,0,10,0,0,0,2
36,4,4,2,4,21,4,3,0,13,12,2,6,0,0,0,0,0,0,0,2,0,4,4,0,0,5,0,5,4,11,5,29,3,3,18,6,3,6,0,1,19,13,2,1,2,6,23,0,2,10,10,9,0,9,7,5,8,10,2,11,19,17,8,4,12,0,0,21,11,42,1,7,7,0,10,4,1,5,13,6,22,10,2,0,0,28,24,28,14,0,5,18,12,7,12,3,5,9,26,5,8,46,0,1,4,3,4,2,1,8,24,10,19,4,0,0,12,6,2,16,1,3,18,3,0,2,13,0,8,7,1,1,12,2,0,18,4,14,0,1,4,5
27,2,6,3,7,0,0,0,11,1,9,0,18,0,1,0,4,37,9,44,7,22,2,0,5,5,0,47,21,3,4,4,9,16,0,13,0,3,1,12,0,15,23,2,1,9,10,3,0,1,2,6,8,0,9,8,0,8,1,16,25,36,17,17,16,0,0,16,0,3,13,8,0,5,17,0,0,0,17,3,0,39,0,11,0,20,8,0,6,0,4,0,11,7,14,28,23,0,37,13,7,16,6,1,17,1,0,0,0,0,0,0,1,20,1,0,7,9,11,6,1,9,0,2,0,0,10,25,49,0,0,11,2,8,0,0,14,0,5,32,0,1,16
20,0,0,6,11,7,0,0,6,3,33,0,5,0,0,0,2,12,16,16,4,41,2,0,13,0,47,0,30,2,4,1,15,8,0,17,2,5,0,0,0,1,5,3,0,14,2,2,0,3,0,5,1,0,2,3,0,3,17,0,3,1,53,8,23,0,0,0,0,1,26,23,1,8,6,2,0,0,7,0,0,2,0,1,3,0,0,0,29,15,31,0,3,3,4,22,5,0,19,48,1,6,9,1,24,6,2,0,0,1,1,0,0,8,4,0,19,5,40,13,0,13,1,16,7,0,1,25,0,2,0,9,0,20,0,0,1,0,4,0,0,17,15
4,1,7,1,31,5,0,1,1,6,4,0,2,0,0,0,17,9,19,13,0,6,9,0,0,5,21,30,0,0,2,2,0,6,0,3,0,1,2,5,2,17,3,2,0,14,2,14,2,1,5,1,0,0,7,0,0,11,2,43,10,6,3,9,0,3,0,1,2,3,2,20,0,6,0,0,3,4,6,1,0,15,5,4,2,3,1,0,8,1,2,0,7,0,12,5,3,0,17,11,2,1,3,10,4,7,1,0,3,2,0,1,3,1,1,0,25,7,10,5,2,15,2,12,2,0,2,12,13,1,0,20,2,8,0,0,1,1,29,32,0,6,5
2,5,1,6,0,7,2,1,0,4,1,3,5,0,3,17,0,2,2,0,1,4,10,6,2,4,3,2,0,0,4,0,1,0,4,1,6,0,1,1,3,2,0,9,0,3,10,17,6,2,3,0,4,0,3,10,17,2,6,1,3,2,2,0,1,6,3,0,4,0,22,3,7,3,10,23,1,5,3,9,3,5,6,6,10,0,1,7,5,13,2,4,0,1,7,0,0,4,0,4,0,9,5,15,0,8,5,1,1,3,7,7,4,9,13,0,0,1,3,15,0,1,4,1,6,0,1,3,1,8,5,0,10,1,6,0,7,6,2,0,1,7,0
15,1,3,17,7,8,11,4,0,17,9,5,29,0,1,3,3,8,0,10,1,10,8,8,7,11,4,4,2,4,0,10,8,17,4,9,2,1,3,0,2,44,38,4,4,9,29,5,0,0,2,0,16,1,2,0,5,5,11,1,7,15,18,7,3,4,2,0,3,4,21,2,4,6,3,7,0,3,3,8,0,29,8,2,11,0,6,6,36,9,8,2,20,11,13,0,1,6,7,3,13,0,26,14,1,5,3,0,0,0,6,7,7,4,14,0,0,7,3,4,0,6,7,5,1,0,3,6,6,2,22,1,0,18,2,0,6,9,2,1,2,4,5
11,0,3,0,5,4,0,6,10,1,10,0,6,0,1,1,1,7,1,5,8,8,2,0,0,5,4,1,2,0,10,0,7,3,1,9,0,0,0,2,0,18,3,7,2,3,6,0,0,1,1,6,2,0,9,2,1,19,2,6,3,5,2,9,11,0,0,4,1,2,3,12,2,11,0,3,1,0,3,8,0,12,0,7,3,11,1,0,8,18,1,1,8,12,2,2,6,0,11,2,2,11,4,0,0,2,8,1,0,1,0,1,3,8,7,0,0,4,5,5,1,4,0,0,0,0,0,30,6,0,2,23,2,4,1,0,15,4,9,4,0,3,0
10,1,26,0,0,2,0,1,23,8,35,1,6,0,0,0,6,19,0,8,7,13,4,1,4,29,9,15,0,1,8,7,0,1,0,8,6,48,4,0,2,1,7,7,3,3,2,0,1,2,1,4,24,0,0,2,4,11,0,22,39,13,47,4,28,0,0,7,1,4,19,0,0,13,9,6,6,0,20,6,0,33,2,10,7,1,15,0,2,7,3,0,7,7,5,5,11,0,5,16,9,16,1,5,0,3,0,0,0,0,0,7,2,0,0,0,0,9,3,10,0,19,3,0,1,0,2,39,1,2,0,0,10,20,0,0,7,0,25,0,4,0,4
3,0,17,2,10,3,1,0,25,1,3,0,17,0,0,0,25,5,56,6,46,5,0,4,11,3,16,8,6,0,17,3,1,0,0,28,1,4,3,0,0,6,11,1,0,4,2,7,0,0,1,66,5,0,28,1,1,27,2,13,18,5,3,35,6,2,0,14,2,0,4,20,0,11,7,1,0,0,17,3,0,16,0,9,0,27,19,0,3,0,3,0,0,20,7,7,4,0,15,3,2,15,0,6,2,7,0,0,0,1,5,3,0,30,1,0,1,3,5,5,2,11,0,1,0,0,7,35,2,2,0,11,0,8,0,0,1,1,22,10,0,0,13
0,32,0,18,0,2,8,3,0,3,0,3,0,0,8,24,0,0,0,0,0,0,22,21,0,3,0,0,0,4,4,1,0,0,0,2,7,0,7,0,7,3,0,3,8,4,16,14,7,27,7,0,2,7,0,1,10,0,5,2,1,1,0,0,0,8,5,0,1,0,4,0,7,2,0,0,11,9,0,27,6,1,15,0,6,0,1,11,1,5,0,3,1,0,3,0,1,19,0,0,2,2,2,2,0,26,4,0,28,13,0,6,0,0,3,0,0,2,1,5,15,1,6,0,12,11,0,1,0,9,9,1,1,0,23,19,4,9,2,0,0,2,0
7,0,3,0,22,18,4,0,4,9,44,1,10,0,0,0,6,11,1,4,2,13,2,0,3,18,13,17,3,1,9,9,8,28,2,0,14,7,3,2,0,14,3,5,0,32,9,0,0,0,4,7,10,0,15,5,0,14,3,6,40,5,9,8,11,3,0,0,0,6,11,4,1,2,3,0,1,0,8,15,0,42,3,15,0,3,7,0,4,0,5,0,9,12,4,12,7,0,5,9,10,4,5,0,12,6,2,2,0,0,0,4,0,1,4,0,5,9,10,5,0,10,5,8,0,0,31,53,28,1,0,18,1,8,0,0,5,3,17,0,2,0,16
2,1,0,3,0,0,20,1,0,3,1,24,1,0,3,9,0,5,0,0,0,0,7,4,0,6,0,2,0,6,2,0,6,1,7,14,0,4,3,0,5,4,1,8,0,0,10,5,2,6,12,2,2,1,0,1,13,2,5,0,2,3,5,1,0,2,3,0,9,0,1,0,14,2,1,5,0,6,0,7,0,1,9,8,7,0,0,15,23,14,1,6,0,0,2,0,0,11,0,4,1,14,4,7,0,6,24,0,5,9,9,4,4,3,12,0,0,0,0,19,0,4,4,0,11,0,0,0,0,10,2,0,8,3,0,0,13,4,6,0,4,1,0
3,0,1,2,3,0,2,0,5,4,2,0,0,0,0,0,2,10,6,3,0,5,0,0,4,3,3,5,1,0,1,0,48,4,0,7,4,0,0,4,0,10,10,1,0,4,1,0,0,0,1,1,1,0,7,1,0,2,4,30,4,11,18,5,2,0,0,0,0,4,0,4,0,3,0,0,1,0,8,0,0,4,0,11,2,0,3,0,4,0,2,0,3,5,4,12,0,0,7,59,2,2,3,0,0,6,0,0,1,0,0,5,3,3,2,0,3,0,1,0,0,42,1,6,0,0,1,16,7,1,0,3,0,1,0,0,5,1,9,1,0,0,2
2,5,13,18,5,14,13,1,0,5,2,28,1,0,6,2,0,2,0,0,5,3,15,6,0,6,1,0,2,1,3,0,4,3,7,3,3,0,0,0,1,3,3,9,4,2,8,17,10,8,23,0,0,2,1,5,4,3,10,2,4,18,12,1,1,14,11,0,36,4,16,0,8,5,1,10,6,13,0,5,0,1,10,3,9,0,1,15,37,12,5,11,1,3,6,2,0,6,0,4,4,2,11,5,1,11,17,1,3,7,8,9,27,2,10,0,0,8,0,18,1,0,3,3,3,0,0,5,0,8,7,3,7,8,5,0,7,9,2,0,6,9,1
4,2,6,0,13,1,0,0,6,0,5,0,6,0,0,0,0,8,9,6,3,2,1,0,0,0,12,0,5,1,0,2,0,0,0,2,0,4,0,0,0,0,1,1,0,9,5,0,0,1,0,6,0,0,0,0,0,0,3,1,3,13,0,19,9,0,0,0,0,0,16,15,2,0,2,0,1,0,1,0,0,7,1,24,0,7,0,0,41,1,0,0,3,0,1,2,0,0,16,0,0,8,0,1,16,1,0,0,0,0,2,1,2,2,0,0,13,0,92,2,0,11,0,1,0,0,3,9,1,0,0,5,0,4,0,0,0,0,2,0,0,0,3
0,54,0,8,2,4,10,28,0,2,2,3,0,1,3,23,0,2,0,1,0,1,23,18,0,1,0,0,2,3,2,0,2,0,7,0,5,0,1,0,0,1,5,0,29,1,1,37,11,20,21,0,1,13,1,3,17,0,4,0,0,1,0,0,2,10,45,0,4,1,1,0,17,3,0,0,30,32,0,10,32,2,9,0,18,0,1,5,2,0,3,11,0,0,1,0,0,10,0,1,0,0,1,3,0,11,1,0,30,12,32,5,3,0,24,0,2,0,0,4,36,0,1,2,17,15,1,7,0,9,10,0,11,1,16,11,2,15,0,0,11,6,1
5,1,22,1,3,22,0,0,0,20,11,0,9,0,0,0,7,12,3,6,4,5,5,1,3,19,15,1,17,2,44,18,1,6,3,14,4,10,3,0,1,0,7,5,3,4,27,11,3,0,1,1,3,0,34,4,0,22,4,11,8,27,15,0,2,12,0,0,1,8,24,11,0,1,2,6,6,0,1,2,0,41,4,12,2,5,2,1,47,6,0,3,15,2,25,2,5,1,16,0,4,2,19,7,4,1,15,2,0,2,0,3,7,3,7,0,8,10,25,8,0,6,2,5,4,0,4,18,5,0,0,15,2,3,3,3,4,0,1,0,0,7,2
7,0,2,2,5,2,2,0,3,3,12,0,16,0,2,0,2,20,39,0,29,7,3,1,14,13,23,5,3,0,38,3,7,11,0,3,1,10,3,1,5,7,0,3,1,6,11,2,1,1,3,11,7,0,12,8,2,18,14,8,12,5,21,29,5,1,0,8,1,4,8,12,0,11,5,3,0,0,1,2,0,7,4,10,0,7,16,0,4,4,3,3,16,8,17,11,10,0,20,4,8,6,9,7,10,2,1,1,0,0,0,1,1,12,10,0,10,9,9,2,1,8,2,0,0,0,14,17,18,2,3,24,0,14,0,1,12,3,14,3,0,3,5
9,0,19,12,5,7,4,6,0,11,3,9,0,0,12,7,0,3,0,1,0,6,15,5,3,2,2,3,2,9,4,7,7,1,3,5,8,1,9,1,0,5,3,0,8,4,17,12,5,3,6,1,4,0,3,6,17,4,13,3,8,6,7,1,4,7,4,2,10,10,4,4,7,4,3,17,2,1,7,9,0,18,8,4,7,1,14,12,5,6,3,3,0,4,8,4,1,2,1,9,10,11,1,10,1,14,10,0,1,7,13,20,6,4,14,0,0,7,0,23,1,6,1,1,1,0,0,8,1,8,5,2,4,11,4,0,6,4,4,0,4,8,7
0,6,1,8,1,6,1,18,0,0,2,4,0,3,12,8,0,6,0,1,1,0,20,17,0,1,1,0,0,0,4,2,3,0,8,0,0,0,4,0,29,3,1,8,0,2,1,24,4,17,9,0,1,15,0,0,9,0,3,0,1,2,4,0,0,10,6,1,2,0,1,0,3,1,0,1,29,10,1,2,4,5,6,0,14,1,1,11,12,17,0,2,3,2,0,0,0,11,0,1,0,1,1,1,0,13,11,0,8,5,1,3,3,0,11,2,0,0,0,8,32,0,8,9,31,8,0,0,0,6,2,1,0,1,19,13,5,8,1,0,1,4,0
46,1,3,1,39,4,2,0,11,2,7,0,8,0,0,0,24,19,44,55,3,7,1,0,18,2,9,14,14,3,9,3,3,4,4,32,0,4,2,9,1,4,6,4,2,0,1,3,0,0,0,30,21,0,6,8,0,26,20,3,16,13,11,5,8,0,0,19,1,10,4,27,2,2,4,4,0,0,2,0,0,11,3,21,0,6,0,0,4,0,5,0,11,12,11,2,5,0,12,10,30,2,1,4,23,0,1,0,0,0,0,3,0,10,0,0,12,25,32,1,2,11,1,6,0,0,7,15,16,2,1,12,0,12,0,0,8,4,6,24,0,0,23
20,7,6,4,27,10,2,11,1,8,20,4,4,0,7,1,0,11,0,5,1,0,5,4,1,6,10,2,2,10,29,6,2,2,16,9,10,1,8,5,1,27,11,17,1,1,0,18,0,6,16,1,17,2,3,9,6,12,6,4,29,4,17,3,3,18,1,4,10,2,66,19,3,17,7,20,1,8,3,26,0,23,14,11,9,0,1,2,11,35,4,7,12,5,32,1,1,0,1,8,0,13,5,19,0,9,13,3,4,4,7,7,4,3,10,0,15,26,5,12,13,3,12,9,6,0,8,3,3,6,7,4,0,36,2,0,13,22,8,0,2,17,7
4,67,14,7,2,37,16,28,0,13,4,10,0,0,5,19,0,1,0,0,0,6,26,13,0,23,3,2,14,17,5,0,0,7,14,0,5,0,17,0,37,11,2,12,24,3,18,0,13,27,30,0,0,4,9,21,2,3,19,0,0,1,5,2,1,39,13,2,11,1,5,4,33,1,2,8,62,26,1,9,7,23,23,4,40,3,2,11,13,5,26,16,1,2,8,0,0,10,1,4,0,4,19,23,0,22,26,13,35,21,21,18,26,1,28,1,1,7,0,25,26,2,3,28,14,1,3,0,0,15,15,0,13,0,14,25,24,79,6,0,22,50,8
2,9,0,6,1,3,11,12,0,4,0,5,0,3,3,6,0,0,0,0,0,0,17,11,0,0,0,0,2,6,0,0,1,0,7,0,2,0,10,0,11,3,1,5,4,0,0,13,0,14,6,0,0,15,1,0,18,0,0,0,0,0,1,0,0,28,16,0,0,0,0,0,11,1,1,3,17,15,0,23,11,0,15,0,14,0,0,4,3,0,1,1,3,0,1,0,0,8,0,0,0,0,1,8,0,8,5,9,7,7,8,5,9,1,18,0,0,0,0,8,9,0,3,4,1,14,0,0,0,13,5,0,25,0,3,12,4,8,0,0,5,6,0
3,32,0,30,0,8,3,19,0,1,3,1,1,8,4,16,0,1,1,1,0,0,9,14,6,2,1,3,1,2,0,1,2,0,27,0,6,0,8,1,20,0,1,3,17,0,6,27,14,0,8,0,0,16,0,0,2,1,2,2,2,4,2,0,4,25,21,0,3,0,3,10,10,1,0,8,42,19,0,11,8,4,20,2,7,2,1,5,3,0,2,7,0,0,0,1,0,16,0,2,2,2,1,11,1,18,6,0,14,5,2,7,8,0,7,0,1,3,1,9,12,5,3,2,16,14,2,7,0,15,2,0,3,5,16,15,3,11,6,0,4,9,2
4,15,6,5,5,4,5,32,0,15,1,10,8,0,6,2,0,1,0,0,0,0,13,17,3,10,2,0,5,3,2,1,1,1,7,4,12,1,23,0,21,1,3,6,9,0,16,30,6,8,0,0,1,7,2,5,2,2,4,0,6,3,5,1,1,14,4,0,3,6,13,3,6,6,0,2,14,27,0,10,11,12,10,3,3,0,3,2,13,18,0,10,1,4,2,1,0,12,0,3,11,1,3,10,0,4,9,2,5,7,2,2,11,7,1,0,1,12,1,11,17,4,20,3,10,2,0,0,0,9,21,0,1,11,1,0,14,9,1,0,2,4,0
7,0,4,0,7,0,1,0,13,3,1,1,7,0,0,0,9,16,90,28,39,4,0,0,44,10,6,5,1,0,0,6,4,66,0,7,2,1,0,6,0,1,11,1,0,30,1,0,0,0,0,0,17,0,10,0,2,13,0,5,17,3,10,26,4,1,0,38,0,0,1,28,0,0,10,1,1,0,0,2,0,21,0,37,1,26,5,1,3,0,0,0,5,0,1,4,3,1,2,3,6,16,4,0,7,3,1,0,0,0,0,0,0,38,1,0,34,1,1,0,0,14,0,0,0,0,3,6,14,0,0,0,0,2,0,0,1,0,2,19,0,0,10
20,0,6,0,3,5,0,0,4,5,18,0,1,0,1,0,12,16,3,27,7,15,0,0,1,9,8,1,0,4,16,2,24,5,2,10,2,1,0,0,1,3,7,4,1,21,17,0,0,0,1,17,0,0,3,0,0,3,2,23,6,10,28,26,13,0,0,8,0,3,1,4,0,10,28,2,0,0,7,0,0,14,0,6,0,7,12,0,1,3,1,0,11,1,9,11,16,0,8,11,7,4,0,1,0,4,0,0,0,0,0,2,1,7,1,0,43,4,1,2,1,10,0,0,0,0,0,10,20,0,0,0,0,4,0,0,15,1,7,33,0,0,2
0,16,0,10,0,0,2,21,0,0,0,1,0,0,4,10,0,0,0,0,0,0,11,2,0,0,0,0,0,0,1,0,0,0,7,0,1,0,2,0,13,0,0,0,15,0,2,4,15,16,7,0,0,0,0,5,0,2,1,0,1,0,3,1,0,5,16,0,0,2,0,0,2,0,0,0,13,30,0,14,2,0,1,0,1,0,0,0,0,0,0,4,1,1,0,0,0,2,0,0,0,0,0,0,0,4,1,0,16,5,3,1,1,0,0,0,0,0,0,12,12,0,0,2,9,25,0,0,0,9,0,0,0,1,6,6,1,1,1,0,3,0,0
5,1,4,1,5,1,0,0,0,3,2,4,6,0,1,1,0,8,1,2,6,1,0,0,18,9,9,2,7,3,2,9,0,28,0,15,0,7,1,0,1,34,12,3,0,6,3,9,1,0,2,10,3,0,0,1,1,28,3,12,5,8,2,1,9,6,0,0,3,6,23,1,3,5,10,4,7,0,0,0,0,18,7,2,4,1,0,0,3,8,0,2,2,0,5,9,1,0,15,41,0,1,7,0,9,3,1,1,1,1,1,1,1,1,6,0,0,3,36,2,3,5,0,4,3,0,2,100,9,5,0,34,5,8,0,0,3,0,13,0,0,5,1
3,0,1,7,6,5,5,1,0,12,20,3,1,0,2,10,0,7,1,1,1,5,4,2,2,7,8,3,0,10,0,2,2,1,1,5,1,1,5,0,3,4,8,6,0,8,9,21,0,0,5,0,0,5,1,0,1,5,2,2,3,5,4,11,2,4,4,2,9,0,9,2,4,3,16,9,3,2,1,3,0,13,3,8,9,0,2,0,10,10,9,2,7,1,4,2,1,1,8,4,0,13,8,44,0,20,3,1,1,3,5,11,1,0,6,0,8,12,2,12,0,6,2,3,2,0,0,12,0,0,0,1,5,5,1,2,40,9,7,0,1,3,3
1,5,5,48,0,0,20,2,0,4,0,25,0,0,5,24,0,0,0,0,1,1,53,9,0,5,0,0,0,17,5,1,4,1,10,0,13,0,4,0,17,0,2,17,9,0,6,2,18,2,2,2,0,0,1,1,0,0,5,0,0,3,0,0,0,10,6,1,11,0,1,1,6,0,0,2,0,0,0,8,3,1,15,1,22,0,0,13,7,6,1,8,3,1,0,0,0,7,0,3,1,2,7,10,0,18,29,1,18,11,34,9,5,2,25,1,0,25,0,9,11,0,9,1,22,0,0,2,0,8,16,0,36,1,4,0,19,8,1,0,12,4,0
11,0,13,2,8,1,1,0,3,1,9,0,14,0,2,0,15,19,19,34,11,12,1,1,8,8,8,3,11,2,5,19,11,27,0,14,2,2,3,0,0,22,18,4,0,26,12,3,0,1,2,13,3,2,28,5,0,0,0,18,25,36,12,17,23,2,0,8,0,1,2,16,1,12,12,2,0,1,30,9,0,39,3,15,2,4,3,3,2,2,0,2,7,14,7,0,6,0,15,5,5,16,6,0,4,1,1,1,0,5,0,5,2,33,1,0,1,4,13,5,1,3,1,2,3,0,6,29,16,2,2,9,1,10,0,0,6,3,10,25,0,2,6
4,4,2,1,13,13,4,3,1,8,3,5,2,0,0,0,3,1,0,0,1,6,7,2,2,10,1,17,2,6,11,2,0,2,5,3,5,4,10,3,4,4,14,13,3,20,6,19,0,2,4,0,2,1,3,2,5,0,0,2,5,5,32,3,0,3,0,0,8,1,9,5,3,0,0,5,0,4,1,6,2,4,11,5,1,1,1,1,17,29,7,8,1,4,9,5,1,0,3,6,1,7,17,5,0,2,14,0,6,7,5,10,15,2,8,0,12,7,27,10,3,5,1,4,3,0,6,19,3,2,3,6,8,1,1,1,5,2,6,0,0,5,0
15,0,4,4,2,1,0,0,26,4,8,0,13,0,0,0,8,7,1,4,16,5,2,0,8,2,16,0,43,1,1,6,22,13,2,6,0,30,2,1,0,11,8,3,0,3,4,0,0,2,0,5,23,0,12,2,0,18,2,0,26,15,21,9,1,1,1,6,1,1,1,17,0,17,3,0,0,0,19,3,0,15,2,18,0,2,22,0,6,1,12,0,16,5,4,7,38,2,9,7,14,14,0,1,0,4,0,0,0,0,0,0,0,12,4,0,0,0,4,2,4,5,0,0,0,0,2,12,17,0,0,5,6,23,0,1,9,1,34,10,1,0,2
11,1,6,0,33,5,5,0,10,3,17,2,14,0,3,1,23,34,17,19,3,8,4,0,4,11,25,3,10,3,7,3,39,18,1,40,2,4,4,3,0,8,12,8,1,16,29,0,0,2,6,17,6,1,5,3,0,25,5,26,0,21,29,48,8,1,0,17,2,3,32,11,2,23,2,4,0,0,10,15,0,30,5,9,0,11,1,5,2,1,1,1,11,15,11,13,17,4,32,8,20,18,15,2,9,2,1,0,0,0,3,3,3,24,1,0,17,19,33,4,0,9,6,0,3,0,11,39,14,1,0,8,0,13,0,0,2,5,34,23,0,4,1
10,4,23,3,7,26,2,0,7,4,6,0,6,0,2,0,7,18,2,2,7,9,0,5,12,19,36,1,6,2,15,5,13,5,1,5,3,11,18,13,1,27,5,6,2,13,4,1,0,4,3,3,10,0,8,5,3,36,5,15,21,0,13,26,9,1,3,1,16,1,20,1,5,16,9,1,2,2,10,4,0,41,10,6,3,8,13,1,16,6,9,1,36,8,18,2,30,0,11,3,2,7,28,1,5,4,1,0,0,1,0,13,1,0,0,0,0,13,10,5,5,5,0,6,1,0,10,11,7,8,0,11,6,26,2,0,8,2,14,2,0,5,3
11,2,13,3,35,14,3,9,1,15,16,0,2,0,1,0,3,15,0,1,10,0,8,0,5,17,17,53,3,2,18,2,47,3,0,9,5,18,12,0,0,15,21,7,4,11,17,5,1,2,5,10,28,3,2,4,0,12,32,21,29,13,0,5,13,9,0,6,5,5,4,2,1,31,63,11,0,0,21,5,0,14,6,5,2,0,9,1,3,0,17,2,16,13,9,13,8,2,10,32,6,21,2,4,0,20,2,0,4,0,0,12,15,1,2,0,0,10,9,7,2,2,17,0,0,0,0,4,10,6,5,0,0,13,0,0,13,3,52,0,0,1,6
3,2,7,0,8,3,0,0,5,4,10,0,4,0,0,0,3,14,12,29,25,0,0,0,15,8,17,8,9,0,7,9,4,35,0,8,1,5,1,19,0,0,29,1,0,5,3,2,0,0,1,26,26,1,1,11,0,17,3,9,48,26,5,0,7,0,0,19,0,2,2,8,0,4,16,5,0,0,21,0,0,11,0,23,3,23,3,1,1,5,23,0,18,1,2,17,28,0,43,8,6,14,1,3,2,1,1,0,0,0,1,1,0,27,0,0,11,6,6,2,0,17,0,1,0,0,1,7,12,0,0,7,5,16,0,0,3,1,25,36,0,3,2
15,0,4,2,19,1,0,0,2,0,10,0,10,0,1,0,0,12,7,25,6,10,1,0,9,4,16,23,0,1,3,11,28,6,0,11,0,2,1,9,2,2,5,4,0,8,3,1,0,4,1,4,13,0,9,2,0,23,0,1,8,9,13,7,0,0,0,2,3,0,0,0,4,9,28,2,0,0,11,0,0,13,0,6,0,2,6,1,1,6,6,0,17,4,12,6,29,0,16,8,23,50,2,0,8,4,0,0,0,0,0,8,6,10,0,0,0,3,8,5,3,12,0,0,0,0,2,23,25,0,0,16,0,6,0,0,2,0,19,2,0,0,3
5,4,2,19,2,8,8,6,0,10,2,5,1,0,8,2,0,3,1,0,0,0,17,20,0,12,0,0,3,6,4,0,0,2,8,3,2,0,14,0,10,12,1,7,10,0,18,39,28,25,14,1,0,5,6,4,10,2,3,1,1,1,9,0,0,0,15,0,10,2,3,3,19,2,0,8,29,20,6,5,4,3,16,1,17,0,1,22,18,7,1,11,4,1,1,0,0,1,0,0,2,2,7,16,0,19,7,6,19,8,18,12,24,2,20,2,1,4,0,16,7,0,6,27,21,3,0,8,0,7,11,0,5,2,2,3,4,26,6,0,17,19,0
0,8,0,18,0,0,9,11,0,2,0,9,0,1,6,14,0,0,0,0,0,1,42,5,1,0,0,0,0,3,2,0,0,0,5,0,3,0,11,0,45,0,0,4,6,0,1,13,16,21,4,0,0,16,0,4,6,0,0,1,0,3,0,0,0,15,0,0,3,0,0,0,22,5,0,3,33,20,1,3,6,0,9,0,18,0,0,8,3,1,0,3,0,3,0,0,0,10,0,0,0,2,0,1,0,5,0,0,5,8,5,1,2,6,21,0,0,1,0,8,11,0,4,4,10,2,0,0,0,12,22,0,6,0,11,4,8,10,0,0,17,4,0
2,0,1,0,0,0,0,0,7,0,1,0,4,0,0,0,14,5,34,16,16,6,0,0,7,0,16,0,1,0,0,4,7,14,0,0,0,0,0,0,0,0,8,2,1,19,4,2,0,0,0,38,8,0,0,2,1,8,0,6,17,1,6,19,2,0,0,0,1,0,0,19,0,0,2,0,0,0,16,2,0,17,0,29,0,18,1,0,0,0,1,1,7,1,13,2,9,0,10,1,3,13,1,0,11,0,0,0,0,0,0,0,1,10,0,0,4,4,2,0,0,2,1,0,0,0,2,2,23,2,1,0,0,2,0,0,1,0,13,41,0,2,11
8,7,4,9,2,7,9,3,1,6,2,6,0,0,6,4,1,6,1,0,0,5,11,0,0,21,0,0,2,4,3,1,1,2,1,0,9,0,36,0,4,1,1,10,2,1,10,11,0,3,3,0,0,0,3,9,11,0,8,1,2,16,5,0,3,10,3,1,0,2,18,2,10,4,3,14,4,5,3,4,0,2,6,8,15,0,4,11,15,4,7,3,1,2,3,4,2,1,1,6,0,4,23,14,3,14,18,14,3,6,3,6,6,0,10,0,4,11,2,5,3,2,3,6,7,0,2,6,1,4,5,3,11,2,0,2,6,6,2,0,1,25,0
2,0,1,1,4,12,0,0,1,3,6,1,5,0,0,0,1,4,0,0,0,3,0,0,0,11,3,1,3,0,4,2,4,0,0,6,0,4,4,0,1,8,4,10,0,10,2,1,0,0,6,0,3,2,6,0,0,1,1,1,3,1,5,2,0,2,0,0,2,0,11,0,2,2,3,1,0,0,2,0,0,3,1,0,3,0,0,0,3,5,1,4,3,0,5,0,4,1,1,1,1,14,3,1,0,6,0,0,0,1,0,4,6,0,2,0,0,3,0,1,1,3,0,0,0,0,1,11,1,0,0,2,0,3,0,3,1,4,3,0,0,1,0
10,7,6,10,30,43,2,5,0,18,12,1,1,0,4,0,0,23,0,2,0,11,1,0,2,42,13,26,2,22,21,3,19,4,4,11,1,0,16,16,1,24,8,4,1,4,66,5,0,3,13,1,1,0,23,9,1,2,9,1,32,20,4,2,0,3,0,0,18,11,0,22,2,0,0,3,0,5,2,9,1,7,6,8,2,0,6,8,1,40,1,10,20,2,3,3,0,5,0,0,5,7,34,0,7,11,17,18,0,2,3,8,17,2,2,0,11,19,11,4,0,0,2,67,4,0,2,68,1,4,11,11,1,7,5,0,1,1,13,0,0,14,3
10,0,1,0,21,0,0,0,32,3,14,2,25,0,0,0,16,6,36,32,20,0,0,0,19,1,8,23,20,3,2,12,0,20,0,4,0,4,0,15,0,11,12,4,0,27,19,4,0,10,3,28,4,0,1,2,1,16,5,17,11,1,2,8,0,3,0,19,2,0,22,0,1,5,5,0,6,2,2,0,0,17,2,3,2,25,8,0,7,1,0,1,3,3,16,12,18,0,17,0,18,2,6,1,23,5,1,0,0,0,3,1,3,13,3,0,30,15,18,0,0,10,0,15,0,0,17,25,20,0,0,30,3,8,0,0,3,7,14,6,1,0,24
0,18,11,10,0,7,12,19,0,8,0,17,0,6,14,18,0,1,0,0,0,0,14,9,1,7,0,1,0,7,4,2,0,0,7,1,14,0,8,2,17,0,0,7,3,2,3,33,11,10,6,0,0,2,3,4,6,1,3,0,2,5,1,0,4,19,22,0,10,2,2,1,0,4,0,5,25,17,2,10,6,5,11,9,25,1,3,10,3,5,1,17,0,16,0,0,1,14,0,6,1,10,5,11,0,23,18,1,5,4,19,17,12,1,15,0,0,2,3,6,16,0,9,3,18,3,0,2,1,14,16,0,13,0,5,10,27,18,6,0,13,14,5
18,1,4,1,3,3,4,0,4,7,8,1,3,0,1,1,45,9,0,12,1,4,13,1,8,7,5,8,6,3,6,11,13,11,2,2,2,3,5,0,3,1,11,4,1,2,17,1,1,1,6,0,10,0,5,3,0,12,0,17,23,16,31,4,9,2,5,0,4,2,0,5,4,0,11,5,2,12,3,5,1,3,6,5,5,1,4,0,5,6,13,0,5,5,9,2,3,2,12,16,8,9,2,7,0,4,1,0,3,2,2,5,4,3,5,0,0,7,14,5,0,11,11,5,3,0,10,21,0,4,5,2,1,14,0,1,10,8,2,3,0,3,2
1,0,4,2,5,0,1,1,9,8,12,0,4,0,0,1,3,3,6,20,1,21,1,0,10,0,17,6,0,10,3,0,9,7,0,3,1,0,1,2,0,2,5,3,0,4,7,2,1,0,0,10,28,0,10,16,0,12,0,3,2,9,63,16,28,0,0,2,3,3,0,5,0,11,0,4,0,0,6,1,0,2,9,1,0,1,0,1,1,0,16,4,13,0,5,7,12,0,6,1,7,17,0,1,2,3,0,0,2,0,0,1,0,7,2,0,1,1,1,0,0,8,0,0,0,0,0,3,9,0,2,1,0,3,1,0,3,1,8,0,0,0,1
5,2,9,7,2,4,9,7,1,5,2,9,1,0,3,3,0,3,0,3,0,1,3,4,0,10,0,2,0,23,7,3,6,1,0,0,5,0,10,0,0,6,3,17,1,4,20,8,3,8,2,1,2,0,4,9,2,2,5,0,4,1,11,5,2,8,3,0,14,1,3,0,5,5,4,0,4,0,2,7,0,7,10,5,12,0,0,3,3,14,1,10,5,0,2,2,0,2,0,3,2,8,6,11,0,8,3,0,1,1,1,5,16,3,2,0,0,1,0,15,2,2,1,8,5,0,0,2,0,2,7,0,8,1,1,0,14,5,3,0,2,9,0
3,30,2,9,1,8,0,17,0,3,0,4,0,21,8,45,0,0,0,1,0,3,15,10,0,4,0,0,3,1,0,1,6,0,11,1,0,1,6,1,30,6,0,2,29,0,1,62,17,42,14,1,0,13,7,3,0,0,0,0,0,2,0,0,0,29,33,0,4,0,0,6,25,2,0,4,0,78,0,15,42,3,10,0,15,0,0,3,1,1,0,9,2,0,1,0,0,14,0,0,0,0,2,15,3,45,9,4,22,3,6,5,4,0,16,0,0,0,0,5,16,4,24,17,26,17,1,3,0,19,4,0,0,1,14,17,10,29,0,1,3,4,0
1,20,0,11,0,3,16,11,0,7,0,9,1,2,11,18,0,0,0,0,0,0,29,10,0,1,0,0,4,5,3,0,0,0,9,0,6,0,13,0,32,0,0,1,10,0,8,26,15,19,27,0,0,30,0,2,0,1,4,0,0,2,0,0,0,20,20,0,5,0,5,2,17,12,0,0,78,0,1,17,16,0,3,0,14,0,0,1,7,3,0,12,0,0,1,1,0,13,1,0,0,3,2,11,0,17,8,3,10,8,3,7,9,0,12,0,0,0,0,16,27,1,11,7,14,17,0,0,0,16,2,0,9,2,8,4,1,7,0,0,6,8,0
1,0,9,2,3,0,0,0,8,0,6,0,21,0,1,0,3,9,78,5,17,8,3,0,5,5,17,7,6,3,3,3,20,17,0,8,0,8,0,1,0,1,1,7,1,2,3,1,0,0,0,0,7,0,0,1,0,30,1,19,10,10,21,21,11,6,1,16,3,2,2,2,2,3,6,2,0,1,0,2,0,13,0,12,0,12,7,1,4,3,0,0,10,23,3,1,49,1,8,9,4,6,0,2,4,3,0,0,0,0,0,4,3,22,0,0,2,2,12,1,1,8,0,0,2,0,16,11,19,0,1,18,0,13,0,0,1,2,31,15,0,0,0
4,6,5,19,17,0,12,14,0,16,5,1,2,0,9,22,0,1,0,0,1,1,5,0,3,13,3,0,1,9,8,8,6,3,27,15,7,0,5,0,10,2,2,9,2,0,26,9,23,11,10,2,0,14,0,3,8,9,6,3,15,4,5,0,0,5,3,2,4,0,9,0,10,5,1,7,15,17,2,0,6,0,18,0,10,0,18,0,19,17,8,2,2,6,0,10,0,14,1,6,21,2,0,4,1,9,4,3,20,5,4,7,19,1,3,0,0,2,1,17,10,6,4,0,5,30,0,1,2,12,4,0,5,16,22,8,15,9,0,0,0,2,6
0,20,0,1,0,0,2,6,0,0,0,0,0,14,2,23,0,0,0,0,0,0,20,6,0,6,0,0,0,3,0,0,0,0,6,0,0,0,0,0,32,0,0,0,4,0,0,7,11,8,11,0,0,2,0,0,3,0,2,0,0,0,0,0,0,4,6,0,0,0,1,0,6,1,0,0,42,16,0,6,0,1,12,0,0,0,0,9,10,0,1,7,0,0,0,0,0,2,0,0,0,0,0,3,0,11,0,0,38,11,6,0,0,0,18,0,1,0,0,6,16,0,5,2,17,7,0,0,0,7,7,0,0,0,4,8,1,2,0,0,3,0,0
31,9,5,2,19,11,2,0,30,6,19,4,22,0,1,3,21,14,46,8,7,4,6,14,3,22,39,2,15,5,29,12,33,16,1,42,1,4,1,7,2,41,7,18,5,11,23,23,0,4,12,21,14,0,18,13,1,39,4,15,30,41,14,11,13,3,0,17,2,3,7,17,5,3,2,7,3,0,13,0,1,0,2,31,0,14,16,2,11,2,1,3,18,16,48,7,10,0,36,10,22,20,11,9,8,8,9,1,0,0,1,6,4,22,3,0,8,14,25,8,3,10,4,18,1,0,10,29,27,2,0,17,1,21,0,0,2,9,26,7,3,14,24
1,10,1,20,2,15,17,4,0,5,3,5,1,5,11,31,0,2,0,0,0,2,15,11,1,10,0,0,5,6,8,0,2,0,15,3,9,0,10,1,9,4,4,8,6,3,14,23,15,20,10,0,0,1,7,3,15,3,11,2,5,10,6,0,0,16,9,0,6,1,6,2,11,6,9,10,10,3,0,18,12,2,0,13,18,0,0,18,11,13,1,10,1,3,1,0,0,10,0,0,2,5,14,10,0,8,8,1,9,21,11,7,9,1,21,0,0,9,0,8,2,2,6,2,11,6,0,9,1,8,18,4,13,3,15,0,5,12,4,0,1,1,0
27,0,10,2,29,11,0,0,18,3,4,1,31,0,1,0,3,20,140,9,28,10,2,3,8,2,11,1,4,6,2,7,10,9,0,15,8,11,3,24,0,12,10,4,0,21,11,4,0,2,3,37,6,0,2,8,1,15,5,18,9,6,5,23,6,1,0,29,8,0,8,3,9,5,1,5,0,0,12,0,0,31,13,0,1,19,2,5,6,0,7,1,6,3,0,4,6,0,51,7,1,3,14,3,25,1,2,2,1,2,2,1,3,5,4,0,5,1,12,0,2,2,2,12,1,0,32,26,32,2,1,5,1,5,1,0,1,0,14,0,0,2,16
0,20,0,9,0,1,19,1,0,2,1,12,1,0,11,4,0,0,0,0,0,1,21,49,0,0,0,3,2,10,11,3,7,0,6,0,7,2,9,0,18,2,0,7,14,0,9,40,14,7,3,1,0,1,4,9,22,2,1,0,0,3,2,3,0,17,18,0,15,3,2,2,25,5,0,12,15,14,0,10,0,0,18,1,0,0,0,9,9,7,1,11,0,0,0,0,1,15,0,2,0,1,8,28,0,7,11,1,9,15,8,10,6,1,29,0,0,0,1,18,14,8,3,1,14,0,0,0,0,10,27,0,16,1,24,0,23,29,2,0,14,10,1
2,0,3,0,4,0,0,0,16,0,0,0,11,0,0,0,0,13,11,21,31,12,0,0,4,0,20,0,3,0,0,11,1,27,0,3,0,0,0,7,0,5,7,1,1,6,0,3,0,2,0,26,7,0,1,0,0,4,1,2,11,8,0,23,2,0,0,18,0,0,0,25,1,1,1,0,0,0,12,0,0,14,0,19,0,0,3,0,0,0,9,0,2,1,0,24,2,0,15,1,0,10,0,1,7,0,0,0,0,0,0,0,1,25,0,0,17,12,1,3,0,14,0,0,0,0,9,5,5,0,0,8,0,0,0,0,2,2,10,7,0,0,4
3,1,0,0,1,9,1,0,31,3,11,1,1,0,1,1,3,2,0,2,8,5,5,2,0,28,8,0,1,1,6,1,15,19,1,7,0,3,1,0,1,2,16,14,1,0,1,2,0,1,3,5,12,0,0,2,0,3,1,22,1,13,9,3,6,1,0,1,4,0,6,8,3,4,0,0,0,0,7,18,0,16,0,2,0,3,0,0,8,2,4,0,13,15,11,15,7,1,11,4,2,4,1,1,9,1,0,0,0,1,0,6,0,1,0,0,0,3,0,2,1,5,0,5,0,0,0,3,3,0,1,8,0,8,0,0,6,3,7,30,0,1,7
1,2,5,19,0,1,22,1,0,12,1,7,0,0,4,13,0,2,0,0,0,0,24,10,3,24,0,0,0,7,6,0,0,0,11,0,15,0,15,0,5,1,0,12,11,0,2,11,4,5,2,1,0,0,0,0,13,3,1,0,5,1,1,1,1,22,8,0,11,0,8,0,10,0,1,3,3,1,1,0,9,2,18,5,9,0,0,0,0,8,3,7,1,0,0,0,0,6,0,0,1,5,4,7,0,15,20,0,7,6,24,0,8,0,11,0,0,4,0,7,6,0,7,1,6,0,0,0,0,9,18,0,26,3,5,1,6,15,1,0,8,4,0
4,2,6,15,22,1,7,3,0,8,3,1,4,0,4,0,1,8,1,2,3,11,32,10,5,28,6,29,8,5,36,8,2,3,1,4,23,4,37,41,2,47,4,5,12,4,11,13,3,3,13,3,1,0,3,10,7,2,17,6,2,16,3,1,1,18,3,0,15,3,1,7,3,5,1,3,1,7,4,19,10,11,11,6,9,0,8,0,0,40,14,3,4,4,14,24,0,8,9,11,2,7,15,11,5,8,18,7,1,1,1,9,8,11,16,0,9,11,14,3,8,3,2,11,7,0,11,7,0,8,5,6,5,7,0,0,15,33,15,0,7,13,8
4,6,6,2,4,5,8,2,0,24,5,13,2,0,11,4,0,9,1,0,0,0,3,2,10,14,0,15,1,13,9,18,7,0,5,0,14,0,12,1,0,6,4,6,17,0,35,5,0,0,18,0,3,0,8,10,6,2,29,1,1,6,0,5,6,7,1,0,4,5,40,1,5,6,0,14,1,3,3,17,0,2,13,0,7,0,2,8,40,0,0,0,7,5,2,0,1,0,0,21,2,4,6,30,0,8,16,1,0,4,6,12,4,1,11,0,0,7,2,2,2,5,5,9,7,0,1,2,0,7,7,4,6,5,16,1,2,6,2,0,2,5,1
0,4,8,10,3,0,3,3,1,1,19,1,3,0,0,2,2,0,1,0,3,18,8,0,3,0,4,31,2,2,8,1,3,3,0,5,1,2,5,0,3,0,3,3,0,5,4,26,1,2,0,0,1,0,0,9,1,0,7,12,1,9,17,23,6,1,0,1,7,1,1,0,1,13,16,1,0,0,0,8,1,1,1,7,1,9,4,3,14,0,0,6,4,1,13,31,8,0,8,7,0,1,3,9,7,4,3,0,3,1,0,5,4,14,1,0,6,6,3,10,0,3,1,1,0,0,0,1,3,2,1,2,0,2,0,2,4,4,9,0,0,8,4
0,8,3,12,3,2,10,12,0,1,6,4,0,5,5,6,0,1,0,0,0,5,11,6,0,5,0,0,0,4,2,1,0,0,3,0,6,0,11,0,11,3,3,3,2,0,7,16,1,7,10,0,0,4,2,2,8,2,8,0,1,1,2,0,0,11,3,1,3,4,10,1,17,0,4,10,9,12,0,2,7,3,10,1,11,0,0,7,3,0,6,0,1,0,2,0,1,7,0,1,0,2,4,5,0,6,4,4,17,6,7,4,5,3,3,1,14,2,1,3,6,2,1,8,2,2,3,1,0,19,15,2,9,0,6,5,0,5,0,0,3,14,0
15,0,9,0,9,6,2,1,6,5,3,0,16,0,0,0,2,7,0,24,3,5,4,0,8,18,11,3,7,0,20,8,7,0,1,9,0,3,1,3,0,15,16,0,3,11,12,1,3,0,1,5,11,1,2,7,3,7,1,16,11,36,16,18,17,4,0,7,1,3,20,3,0,5,13,5,2,0,10,2,0,18,1,6,0,2,13,1,4,7,4,1,0,9,7,7,25,0,25,7,21,13,18,5,6,4,0,4,0,0,1,0,2,7,4,0,4,20,11,0,0,2,0,0,3,0,3,13,11,0,0,0,0,4,0,2,10,1,10,1,0,9,17
3,0,0,1,8,7,1,0,3,3,14,0,22,0,2,1,0,5,0,1,0,1,2,0,0,12,7,3,0,1,11,12,7,20,0,12,0,5,3,0,0,2,8,4,2,12,5,2,0,0,4,0,1,1,0,1,1,14,4,5,15,8,13,1,4,1,3,1,2,0,2,3,16,5,0,0,0,0,23,6,0,16,3,3,0,1,15,0,4,5,1,0,9,0,2,2,0,0,2,7,8,13,10,3,0,0,0,0,2,0,0,3,3,3,3,0,0,2,9,4,0,1,2,0,3,0,1,4,4,3,2,5,0,6,0,0,10,4,51,0,0,0,6
27,0,16,3,35,4,1,0,0,2,9,3,1,0,0,0,0,5,26,53,6,11,4,2,0,7,14,4,12,7,13,2,5,7,3,4,2,4,6,1,1,25,17,8,0,11,32,8,1,0,2,1,9,0,5,4,0,7,9,4,11,18,9,2,12,1,0,13,3,5,3,16,0,9,5,2,1,1,3,0,0,48,1,0,0,0,11,0,14,2,13,2,7,2,0,4,7,0,18,9,3,2,18,3,3,6,1,10,0,8,0,0,3,13,1,1,22,8,12,4,3,12,8,2,0,0,14,9,3,0,0,15,1,6,0,1,3,2,14,15,1,2,15
24,0,5,1,13,1,4,0,4,0,5,0,24,0,1,0,0,9,1,4,9,5,3,0,5,12,28,22,5,0,0,2,5,7,0,12,0,12,2,2,0,2,11,4,0,2,1,0,0,1,1,4,11,0,9,2,0,0,5,7,13,2,13,17,6,0,0,2,4,0,3,12,0,2,7,2,0,1,1,10,0,7,0,4,0,24,15,0,24,0,31,0,7,2,4,0,1,0,26,14,3,6,0,0,40,5,0,0,0,0,0,5,0,3,0,0,8,6,10,3,2,4,4,6,1,0,18,14,4,0,0,23,2,4,0,0,4,4,21,0,0,1,14
16,0,5,0,1,2,1,1,21,0,0,1,11,0,0,0,3,19,1,12,9,5,0,0,9,3,23,5,3,0,1,6,11,4,1,7,0,0,0,0,0,5,10,1,0,5,1,0,0,0,0,3,16,0,1,1,0,6,1,38,17,30,8,28,29,0,0,9,2,4,0,18,1,3,12,0,0,0,49,0,0,10,0,6,1,2,7,0,0,1,8,1,25,0,7,1,0,0,10,8,10,2,0,1,1,0,0,0,0,0,2,1,0,16,0,0,9,1,5,1,0,8,0,0,0,0,1,11,13,0,0,3,0,3,0,0,1,3,15,18,0,1,6
0,10,0,9,0,3,14,8,0,4,0,5,3,1,10,13,0,0,0,0,0,0,11,4,0,5,0,0,0,4,6,0,0,0,19,0,11,0,6,0,10,1,0,2,11,0,0,10,8,16,12,1,0,2,0,1,7,0,0,2,4,0,2,0,0,1,10,0,1,1,5,0,14,2,0,2,14,13,1,14,2,0,10,0,15,0,1,6,8,0,0,7,0,0,0,0,0,0,0,0,0,0,7,3,0,14,5,1,3,8,10,1,6,4,9,2,0,1,0,9,15,0,7,5,9,11,0,0,0,14,7,0,5,0,14,7,10,26,2,0,2,4,0
19,2,7,0,43,2,0,0,17,4,2,0,20,0,0,0,3,23,28,28,17,7,1,0,2,9,37,19,17,0,7,11,5,15,0,5,0,7,0,16,0,16,20,1,0,12,1,1,0,0,0,2,8,0,15,8,0,15,3,9,32,11,10,43,16,0,0,10,1,1,0,17,0,12,6,0,0,1,8,1,0,36,0,51,0,15,11,0,9,0,8,0,25,2,18,26,10,0,0,7,2,18,11,2,15,2,0,0,0,2,0,0,1,5,4,0,0,12,16,3,1,13,0,1,2,0,10,29,13,0,0,51,0,45,0,0,2,0,23,13,0,0,12
12,1,7,11,4,3,2,2,4,1,13,1,14,0,1,0,2,7,3,13,0,2,2,2,8,26,13,48,11,4,3,2,16,3,0,9,4,59,4,0,1,0,4,9,1,10,8,4,0,2,3,3,11,0,41,4,3,5,6,7,8,3,32,8,8,0,0,1,6,1,0,0,6,16,1,3,0,0,9,6,0,10,0,7,2,1,4,0,11,21,7,1,7,7,9,14,8,0,7,0,2,4,1,9,3,12,10,0,2,2,3,2,9,0,3,0,2,5,0,5,0,5,5,0,0,0,2,2,4,2,3,4,1,11,0,0,16,5,8,0,0,2,6
12,0,6,1,3,1,0,0,1,9,12,1,5,0,3,0,5,20,15,13,0,4,0,0,6,5,7,1,2,0,13,2,9,2,2,10,1,2,4,0,0,4,8,10,0,30,0,0,0,2,11,6,7,0,0,0,1,5,1,14,20,2,6,6,23,2,0,3,0,1,5,18,1,8,7,2,0,0,4,21,0,22,2,1,0,0,2,1,2,2,0,0,21,8,3,3,10,0,2,2,0,1,5,3,1,3,1,0,0,1,0,0,0,5,9,0,0,10,9,5,0,10,0,0,1,0,3,20,10,1,4,1,0,24,0,0,10,2,6,10,0,0,7
2,0,15,1,2,4,1,1,2,5,15,8,7,0,2,2,11,12,39,3,1,3,3,5,3,8,16,6,1,9,0,11,16,15,2,4,14,2,2,8,0,2,6,11,1,2,13,4,0,2,1,16,4,0,1,13,2,16,7,14,18,7,21,14,50,2,2,13,4,14,7,2,10,9,17,8,0,3,6,2,0,20,5,3,1,10,4,5,7,4,1,2,13,13,2,6,2,0,18,4,1,0,2,10,10,3,4,0,0,2,2,2,4,13,3,0,1,8,1,4,1,9,1,2,1,0,0,8,23,1,5,6,5,8,2,0,4,4,7,8,0,0,11
12,9,2,2,21,16,19,2,1,8,14,5,0,0,1,0,0,3,0,0,7,7,3,0,0,46,6,9,3,5,26,4,1,0,2,5,4,3,11,0,1,19,9,1,1,1,5,19,1,1,3,4,0,0,7,8,7,6,17,0,15,28,2,1,2,7,0,1,23,3,34,6,5,2,0,6,2,2,0,0,0,11,14,14,8,0,1,4,15,6,3,4,18,10,18,0,0,7,11,1,5,2,0,3,6,18,6,3,1,2,11,12,2,1,7,0,0,14,17,8,8,5,5,12,4,0,20,12,7,10,17,2,6,5,8,0,3,13,4,0,0,12,0
1,10,3,9,0,14,7,0,1,5,0,6,2,0,16,4,1,5,2,2,2,4,6,10,1,0,1,1,10,15,14,0,5,6,2,0,7,0,5,1,3,7,7,10,1,4,19,23,8,11,10,0,1,0,0,44,10,0,5,1,2,1,4,3,0,16,1,0,14,1,0,1,11,7,1,11,15,11,2,4,3,9,10,3,28,1,1,7,11,30,9,5,5,3,3,0,1,3,2,9,3,10,3,0,2,16,9,2,4,7,11,26,13,0,12,0,1,8,0,56,7,6,1,10,12,0,0,7,2,10,10,4,9,2,2,3,14,20,2,0,9,15,4
12,0,1,0,7,0,0,0,0,2,34,0,32,0,0,0,4,31,20,25,5,4,0,0,3,1,17,24,4,0,1,0,0,2,0,12,0,0,1,16,0,4,10,1,0,23,0,0,0,1,0,7,0,0,9,0,0,4,0,0,9,5,0,2,8,0,0,11,3,0,7,23,0,0,2,0,3,0,4,1,0,8,0,25,0,7,9,0,5,0,7,0,6,0,3,40,1,0,15,3,1,10,6,2,0,4,0,0,0,0,0,0,0,1,0,0,27,3,3,0,0,14,0,12,1,0,44,34,16,1,0,38,0,7,0,0,1,0,8,2,0,0,18
6,10,7,7,4,7,8,5,2,4,4,9,3,11,10,23,0,2,5,0,0,4,21,4,1,4,1,6,7,8,5,2,3,7,26,6,6,6,11,1,11,1,2,14,13,0,9,22,8,18,4,3,4,4,3,20,18,1,2,4,2,4,20,1,4,19,5,0,14,6,11,5,23,4,3,8,45,17,3,9,11,8,8,1,7,0,1,15,8,8,4,6,4,0,6,5,0,14,2,12,3,3,18,16,4,0,19,0,10,10,9,11,19,4,8,0,6,1,2,7,13,4,8,11,5,6,4,4,0,19,10,8,5,9,7,9,12,11,9,0,10,8,0
0,10,6,17,4,11,2,2,0,8,0,12,0,0,15,10,1,3,0,0,1,1,25,14,0,3,0,2,1,5,3,8,0,0,4,2,24,0,17,0,1,15,1,10,11,1,13,26,5,6,9,1,0,1,1,3,29,1,14,0,1,1,2,1,0,7,0,0,18,0,17,1,18,1,0,3,9,8,0,4,0,9,8,2,11,0,0,20,18,16,3,4,0,0,1,0,0,5,0,10,1,4,6,9,0,19,0,4,8,5,8,12,28,1,21,0,4,1,1,7,9,2,20,16,18,0,5,11,0,8,12,1,10,0,8,0,3,20,2,0,11,19,2
0,1,0,5,9,5,0,1,0,2,2,1,0,0,0,2,0,4,0,0,1,1,2,1,0,4,0,0,0,1,0,1,0,0,0,2,0,0,1,0,0,2,1,0,0,0,3,13,9,0,2,0,0,0,1,1,1,1,0,0,0,0,0,0,0,6,0,0,14,0,18,0,1,0,0,0,4,3,0,3,0,1,1,2,1,0,0,0,7,1,0,4,4,0,10,0,0,1,0,0,0,0,3,2,0,0,4,0,0,2,2,1,4,0,5,0,0,0,2,3,3,0,0,7,2,0,0,2,0,5,4,1,1,0,1,0,6,10,0,0,0,1,0
0,24,0,8,1,1,18,32,0,5,3,5,0,15,11,13,0,0,0,0,0,1,11,7,0,2,0,0,3,1,0,0,0,0,28,0,5,1,3,0,30,0,0,1,8,0,4,35,7,14,5,0,0,16,1,1,18,0,6,0,0,0,4,0,0,19,5,0,3,0,0,0,5,3,2,1,22,10,0,20,38,0,9,1,9,0,0,7,1,0,3,17,0,2,0,0,0,3,0,2,0,0,1,4,0,10,8,0,0,11,9,3,5,0,20,1,0,0,0,3,9,0,4,1,9,8,0,0,0,20,10,1,1,0,27,23,4,11,0,0,11,0,0
1,1,2,6,1,2,13,6,0,3,0,18,0,0,5,9,0,2,0,0,5,0,21,32,0,1,0,1,2,3,0,1,0,1,13,0,9,0,7,0,12,2,0,7,5,0,4,21,7,5,7,0,0,5,1,3,11,5,7,0,0,1,0,0,0,8,8,0,6,1,2,0,4,2,0,1,3,8,0,5,11,0,21,2,15,0,1,6,1,4,1,6,0,0,8,0,0,8,2,2,1,2,2,7,0,10,5,2,11,0,21,6,4,2,17,0,0,2,0,16,21,0,3,2,11,0,0,1,0,13,7,0,10,0,10,1,3,33,3,0,7,2,0
1,14,1,12,0,3,11,5,0,8,4,9,0,0,3,16,0,0,0,0,0,1,20,6,1,8,0,1,0,7,6,0,0,5,0,0,9,0,8,2,32,0,0,13,1,0,7,21,8,2,2,0,0,3,1,5,34,0,5,0,3,0,0,1,0,18,5,0,3,0,3,3,19,2,0,1,6,3,0,4,6,1,11,2,8,0,0,24,1,6,0,7,1,0,0,0,2,10,0,3,0,2,11,11,0,9,8,2,9,21,0,14,1,1,29,0,0,2,0,9,7,0,10,7,1,0,0,5,0,13,7,0,19,3,1,1,10,19,4,0,3,6,0
4,7,6,4,5,0,2,3,4,5,4,8,2,0,4,6,0,1,0,0,0,1,15,7,1,24,0,0,1,7,7,1,7,3,6,4,4,5,9,1,5,3,1,20,3,3,7,18,5,7,2,0,2,1,1,11,9,5,10,0,3,13,12,1,8,12,1,0,6,4,8,1,17,5,1,5,5,7,4,7,0,6,7,1,10,0,6,0,9,12,5,4,0,3,0,5,1,1,0,2,0,2,12,26,0,11,12,1,3,6,14,0,3,1,12,0,1,13,0,7,6,0,9,2,9,1,0,2,0,6,3,0,23,6,2,1,32,14,5,0,0,12,1
0,8,2,12,7,10,7,1,0,8,2,8,6,0,4,3,0,7,0,0,0,0,15,1,0,10,1,0,3,4,7,3,2,0,0,0,4,3,27,2,3,7,1,6,3,0,4,26,9,8,11,0,1,1,1,1,5,2,15,0,3,1,15,0,6,24,2,1,6,6,17,3,12,4,0,16,4,9,3,19,0,4,9,3,6,1,0,8,8,4,4,5,2,3,3,0,0,6,1,9,0,4,2,13,0,19,28,4,5,4,1,3,0,2,20,0,0,9,1,14,0,2,3,22,12,0,2,8,0,8,7,0,1,2,2,0,9,11,0,0,13,16,0
0,0,1,5,3,2,1,0,12,3,13,5,27,0,1,0,1,14,6,27,53,5,1,1,5,19,20,8,1,9,4,8,0,30,0,1,3,3,2,2,0,3,12,4,0,10,3,1,1,0,7,38,7,0,1,0,2,33,2,12,24,0,1,27,10,2,6,10,0,0,2,13,1,3,7,3,0,0,22,1,0,22,1,5,1,25,1,0,11,1,14,3,7,3,13,3,16,4,5,0,5,13,1,0,1,4,1,0,0,2,1,1,2,0,0,0,1,4,11,1,3,9,2,0,0,0,2,6,21,0,7,12,0,15,0,0,3,1,14,40,0,2,3
0,20,4,21,3,3,14,5,0,2,0,7,2,0,5,26,0,3,0,0,0,1,46,10,1,4,1,4,1,13,14,7,0,1,3,4,12,2,10,0,24,7,10,14,11,0,10,28,18,7,1,1,1,0,6,6,25,1,8,4,1,0,2,0,0,20,21,0,10,2,2,3,15,5,2,2,16,12,0,3,18,3,21,4,29,0,0,11,16,11,1,3,4,3,1,0,0,9,4,3,9,3,7,12,0,8,21,5,20,17,29,12,20,0,0,0,1,4,0,14,4,3,6,18,9,0,2,3,2,22,22,2,13,2,7,0,10,11,2,0,22,11,0
0,0,0,0,0,0,0,0,0,0,0,0,0,0,0,1,0,2,0,0,0,0,1,0,0,0,0,0,0,0,0,0,0,0,0,0,0,0,0,0,0,0,0,0,2,0,0,1,0,0,0,0,0,0,0,0,1,0,0,0,0,0,0,0,0,2,0,0,0,0,0,0,0,0,0,0,0,0,0,0,0,0,0,0,0,0,0,0,0,0,0,1,0,0,1,0,0,2,0,0,0,0,0,0,0,0,0,0,1,0,0,0,0,0,0,0,0,0,0,0,1,0,0,0,0,1,0,0,0,0,0,0,0,0,1,1,0,1,0,0,0,0,0
1,0,0,0,6,1,0,0,8,5,1,0,1,0,0,0,0,13,8,40,5,8,1,0,2,0,7,19,25,0,0,0,0,1,0,5,0,3,0,13,2,8,10,0,0,12,15,1,0,1,1,34,43,0,0,8,0,1,12,0,17,0,0,11,0,1,0,4,4,0,11,30,0,0,1,0,0,0,2,0,1,8,0,5,0,17,0,0,9,0,6,14,4,0,22,8,9,0,0,2,0,1,0,1,27,6,4,0,0,0,0,1,0,1,1,0,0,14,8,1,0,33,0,5,5,0,4,3,10,0,0,2,0,8,0,0,0,2,11,64,0,0,16
15,1,10,5,18,13,2,1,0,21,16,1,9,0,2,8,4,3,0,0,6,1,4,0,4,12,9,5,7,1,7,4,9,3,2,9,0,0,8,0,0,10,9,7,0,25,26,7,0,3,12,1,4,0,3,12,25,4,7,0,19,13,10,6,3,4,1,4,11,3,19,15,2,7,1,1,0,0,2,2,0,14,9,1,0,12,3,4,11,7,6,2,20,2,8,6,1,1,12,5,10,8,14,8,3,1,1,0,0,2,2,13,9,4,4,0,14,0,29,7,4,1,4,3,3,0,0,3,1,3,4,1,1,15,0,3,1,3,14,0,1,10,11
13,1,0,0,19,4,2,0,8,20,2,6,11,0,0,0,30,17,23,15,1,5,7,0,6,6,11,40,10,3,3,5,3,5,1,10,0,1,0,92,0,25,9,0,0,32,5,0,0,1,1,1,1,0,36,2,0,13,27,4,33,10,9,6,8,0,0,2,2,0,11,18,3,14,1,0,0,0,12,1,0,25,0,12,1,1,0,0,14,2,3,1,11,9,12,10,5,0,16,0,9,1,17,0,3,2,1,2,0,0,0,0,1,11,0,0,8,29,0,4,1,10,0,23,0,0,85,113,12,2,0,10,2,3,0,0,8,2,10,1,0,0,4
5,9,6,13,2,2,13,6,4,2,4,11,8,0,5,14,5,3,0,0,10,4,23,10,3,2,6,13,5,15,4,5,10,5,5,5,19,0,18,2,4,8,2,23,8,1,12,25,8,9,11,0,2,12,2,12,9,5,10,2,4,5,7,2,5,16,8,0,5,1,4,0,6,5,0,15,5,16,1,17,6,8,8,0,18,3,2,7,3,2,10,3,0,4,4,3,1,9,3,5,5,4,8,56,0,7,7,3,3,16,9,7,14,1,14,0,1,7,4,0,10,1,6,8,11,2,0,0,0,5,5,0,14,16,0,2,18,11,5,1,6,17,1
3,19,0,7,6,2,2,18,0,0,0,1,1,0,3,11,0,0,0,0,1,1,9,13,0,16,1,0,2,0,0,1,0,2,15,0,0,0,1,0,36,0,1,1,32,2,13,26,9,12,17,0,1,12,3,0,11,1,3,4,0,5,2,0,3,7,11,0,3,1,0,0,16,0,0,2,16,27,1,10,16,3,2,2,14,0,1,6,8,2,0,6,0,0,3,2,0,15,1,0,0,1,8,7,0,13,9,3,9,21,7,6,0,3,4,1,0,4,1,10,0,0,6,2,16,11,0,0,0,7,5,0,5,4,11,13,6,7,0,0,6,3,0
7,0,2,3,13,2,0,2,12,5,11,0,12,0,1,2,1,16,22,22,11,1,0,1,4,1,9,13,15,1,6,4,19,11,1,10,4,42,0,11,0,6,8,6,0,11,3,2,0,5,4,14,10,0,5,6,0,3,5,5,9,5,2,17,12,0,0,2,2,3,0,10,0,11,8,2,4,1,8,6,0,10,2,2,8,14,5,0,3,5,3,2,2,1,12,4,8,0,13,5,10,9,5,6,14,4,2,0,0,0,0,0,2,9,3,0,33,1,10,1,0,0,0,1,1,0,4,21,4,0,0,3,0,17,0,0,4,1,11,8,0,3,5
6,22,4,1,0,3,25,10,0,1,2,6,0,0,2,9,0,2,0,0,0,0,25,8,1,3,0,1,2,4,7,0,3,0,6,5,4,1,3,0,1,2,2,1,8,1,12,3,3,3,20,0,0,0,0,2,9,1,1,0,6,0,17,0,0,6,4,1,3,0,2,0,9,11,0,1,24,11,0,4,5,4,6,2,3,0,0,7,2,5,1,1,0,2,8,4,0,7,0,5,0,1,5,1,0,8,20,0,4,3,10,9,3,2,6,0,0,4,0,6,6,0,0,1,7,0,0,2,0,7,44,0,1,0,1,1,3,24,0,0,8,4,0
2,8,12,1,3,30,0,0,0,2,9,1,0,0,0,5,0,1,0,0,0,13,17,5,1,18,2,16,12,1,5,0,0,1,0,8,0,6,3,1,2,5,0,1,9,6,9,28,4,2,3,0,0,2,4,3,1,2,4,0,0,6,0,1,0,27,4,0,6,0,67,15,3,5,0,8,17,7,0,0,2,18,2,12,1,0,5,1,11,9,1,8,0,0,2,6,0,5,1,0,0,2,12,10,12,11,16,7,1,2,7,2,22,0,18,0,5,3,23,8,2,1,1,0,5,0,18,7,0,8,2,3,20,1,3,0,6,8,6,0,4,12,8
1,10,3,13,2,3,10,2,1,2,2,3,1,2,29,13,0,1,0,0,0,0,18,29,1,3,0,7,2,6,1,0,1,0,12,0,11,0,3,0,17,4,0,1,31,0,6,14,1,16,10,0,0,9,3,2,22,3,3,0,3,1,0,0,0,21,10,0,7,0,4,0,18,3,0,5,26,14,2,5,17,1,11,1,14,0,0,6,7,7,0,2,3,3,0,1,0,9,2,0,1,1,4,12,1,5,18,2,9,11,1,9,12,0,9,0,5,3,0,11,16,1,7,5,0,18,0,0,0,4,5,2,7,0,13,15,8,19,3,0,2,10,0
0,3,0,0,0,0,0,15,0,0,0,0,0,5,0,7,0,0,0,0,0,0,4,2,0,0,0,0,0,0,0,0,0,0,11,0,0,0,0,0,15,0,0,0,8,0,0,1,14,14,2,0,0,25,0,0,0,0,0,0,0,0,0,0,0,3,2,0,0,0,0,0,3,0,0,0,17,17,0,30,7,0,6,0,0,0,0,0,0,0,0,2,0,0,0,0,0,11,0,0,0,0,0,0,0,6,0,0,8,0,0,1,0,0,0,1,0,0,0,2,11,0,0,0,18,0,0,0,0,8,0,0,0,0,1,8,0,0,0,0,0,0,0
6,0,3,0,6,7,0,0,9,0,2,0,23,0,0,0,2,17,10,6,5,13,2,0,2,2,10,1,2,1,3,0,2,7,0,31,0,1,0,3,1,4,14,0,0,7,8,3,0,2,0,3,0,0,2,0,0,6,6,2,11,10,0,1,2,0,0,2,2,1,2,17,0,10,0,0,1,0,16,0,0,10,0,32,0,9,0,0,11,1,0,3,3,1,14,18,1,0,10,2,3,0,20,0,44,4,5,0,0,0,0,0,2,2,2,0,4,0,85,0,0,4,0,18,0,0,0,43,1,0,0,9,0,4,2,0,0,0,4,0,0,2,12
11,3,26,1,15,34,1,1,18,2,56,0,22,0,3,1,3,58,42,36,4,24,8,0,22,13,25,25,12,3,6,30,39,35,1,53,0,16,5,9,7,18,17,8,0,15,3,0,0,7,0,6,10,0,100,12,2,29,19,12,39,11,4,7,23,8,0,2,6,11,68,25,2,21,3,2,3,0,11,1,0,29,9,26,0,5,3,0,7,2,1,1,13,4,9,14,11,0,29,2,20,8,12,7,34,4,11,2,0,1,5,2,8,6,3,0,3,3,113,0,0,21,2,7,0,0,43,0,28,3,1,27,2,20,0,0,4,2,35,15,2,3,6
9,2,8,0,14,7,0,0,11,2,3,0,19,0,0,0,13,18,53,11,7,9,0,0,15,0,49,0,13,1,6,6,1,2,0,28,0,7,0,1,0,5,18,1,0,16,3,0,0,0,0,14,20,0,9,0,0,16,3,17,14,7,10,12,25,0,0,23,1,1,1,20,1,0,9,0,0,0,19,2,0,27,1,32,0,5,3,0,0,0,3,0,11,4,3,4,13,0,13,4,10,23,7,2,16,0,0,0,0,0,0,0,0,21,2,0,10,1,12,0,0,4,0,0,0,0,1,28,0,0,0,6,0,3,0,0,1,1,28,10,1,0,11
2,16,5,13,8,1,9,9,0,2,3,2,2,33,14,25,0,3,0,0,3,1,27,7,0,8,0,2,1,8,2,0,2,2,9,1,10,1,8,0,9,0,2,8,6,2,6,15,13,15,9,0,0,9,5,0,8,2,2,0,1,8,6,0,0,7,12,2,4,0,4,0,14,4,0,2,19,16,0,12,7,2,8,2,10,0,0,9,8,7,2,19,0,3,0,0,0,14,0,2,1,1,10,10,1,19,8,5,20,13,13,6,8,0,22,0,0,3,2,5,7,0,7,8,4,8,0,3,0,0,9,3,5,2,8,4,7,9,4,0,10,8,3
1,5,0,11,7,3,26,2,0,5,0,9,3,0,8,12,0,0,0,0,0,2,23,14,0,7,0,0,0,5,22,2,0,0,9,0,2,0,7,0,10,0,3,5,2,1,7,15,5,2,21,0,0,0,0,0,16,2,3,0,0,0,5,0,0,11,22,1,5,0,11,0,16,5,2,7,4,2,1,4,7,0,18,1,27,0,1,18,5,7,1,15,0,2,0,0,0,7,0,3,4,5,17,10,0,10,12,4,10,7,7,3,7,7,22,0,0,4,0,5,5,0,44,2,5,0,0,1,0,9,0,0,11,2,9,1,5,29,2,0,16,2,0
7,0,13,0,21,14,0,0,2,0,7,0,2,0,0,0,3,14,12,18,7,11,4,0,2,1,11,9,20,0,1,23,0,11,1,18,0,3,3,5,0,15,24,2,1,12,4,0,0,0,0,0,0,0,34,1,0,9,6,5,8,11,0,7,16,0,0,0,3,2,11,30,0,2,1,0,0,0,18,0,0,17,4,5,0,8,8,0,6,4,2,2,0,5,15,23,3,0,51,4,1,6,2,4,38,8,1,1,1,0,0,0,0,12,2,0,2,1,10,0,0,3,0,3,2,0,9,27,6,3,0,0,0,12,0,0,0,0,7,0,0,0,8
0,5,7,8,0,5,6,0,0,6,1,13,0,0,2,7,0,0,0,0,0,0,18,9,0,1,2,0,2,10,0,2,10,0,1,1,8,0,7,0,11,2,0,4,0,0,0,13,25,3,1,0,0,0,5,5,36,1,8,6,0,6,0,5,0,5,6,0,11,0,1,3,13,1,0,8,0,9,0,5,0,1,13,1,16,0,0,26,5,6,0,9,0,0,1,2,0,5,0,1,0,5,6,9,0,5,10,1,1,10,19,23,1,0,13,0,0,1,2,14,5,0,1,20,7,0,0,2,0,5,11,0,0,0,3,0,13,5,0,0,5,7,0
12,1,2,7,9,1,1,0,3,7,9,1,15,0,1,2,7,13,7,7,5,7,2,0,3,12,8,20,8,1,18,4,20,8,0,8,3,1,8,4,1,3,14,11,1,12,36,0,0,5,11,2,4,1,8,5,1,10,1,23,13,26,13,16,6,2,0,2,2,3,7,8,0,14,3,1,1,2,13,16,0,21,3,5,1,0,8,3,7,5,2,0,4,6,6,4,3,0,45,11,24,8,5,2,7,9,0,0,0,0,3,6,2,15,2,0,8,15,3,16,4,17,0,1,0,0,4,20,3,2,2,12,0,0,0,0,1,2,7,13,1,5,1
1,18,0,9,0,0,2,8,0,1,0,1,0,0,5,9,0,2,0,0,0,0,20,10,0,2,0,0,0,6,2,1,0,0,23,0,0,0,5,0,16,3,0,4,19,0,2,14,3,16,1,0,0,6,0,1,4,0,1,0,0,2,0,0,0,2,11,0,0,0,5,0,5,0,1,1,14,8,0,22,4,0,15,1,24,0,0,5,0,16,0,6,0,0,0,0,0,14,0,0,0,2,8,2,0,7,8,1,27,10,1,2,2,0,7,1,0,0,0,0,11,0,1,3,13,1,2,0,0,8,9,0,3,0,0,9,7,5,2,0,1,3,0
0,18,0,4,0,0,0,14,0,3,0,1,0,0,6,6,0,0,0,0,0,0,5,18,0,0,0,0,0,0,0,0,0,0,19,0,0,0,0,0,11,3,1,0,13,0,0,25,12,15,0,0,0,6,0,2,0,0,1,1,0,0,0,0,0,3,4,0,2,3,0,0,10,1,0,0,17,4,0,8,8,0,0,0,0,0,0,1,0,1,2,5,2,0,1,0,0,7,0,0,0,0,0,3,0,9,0,0,23,1,1,1,0,0,0,1,0,3,0,2,13,0,1,0,15,8,0,0,0,4,1,0,0,0,9,0,2,0,0,0,1,0,0
11,5,6,5,2,3,11,5,2,9,2,10,6,0,7,5,1,4,6,14,3,2,6,11,2,18,14,1,1,7,6,15,7,1,4,5,13,5,7,0,2,4,12,6,5,8,13,24,4,3,14,1,15,1,3,40,19,6,5,9,2,8,13,3,2,4,8,1,6,1,1,3,27,10,3,14,10,1,1,15,1,2,5,1,23,2,6,6,15,2,4,0,10,10,3,4,1,10,2,16,10,4,3,14,1,12,3,6,4,3,10,32,9,3,10,0,0,1,8,18,6,4,3,6,8,0,0,4,1,7,5,0,13,1,7,2,0,10,13,0,5,9,0
1,22,5,13,2,12,39,5,0,4,4,4,1,0,9,10,0,7,0,0,2,1,29,7,0,4,0,0,1,6,9,4,0,1,9,3,4,1,9,0,15,0,3,4,8,4,22,79,8,11,9,0,1,1,0,9,8,3,2,1,5,2,3,1,0,26,10,0,6,4,1,7,18,8,1,5,29,7,2,9,2,9,12,0,29,2,3,15,33,6,4,5,1,4,2,4,3,26,0,5,2,4,13,20,0,11,20,10,11,33,19,14,11,1,11,1,2,3,2,11,7,1,24,8,19,0,0,2,1,9,29,0,5,2,5,0,10,0,0,0,2,9,0
7,1,8,3,10,5,1,0,12,5,12,2,2,0,1,0,2,19,14,1,29,4,0,0,10,14,5,4,29,2,2,9,25,22,2,17,6,9,2,2,0,1,14,4,1,6,8,6,0,6,1,2,7,1,13,7,1,10,6,34,34,14,52,25,19,6,0,13,2,3,13,14,6,2,8,3,0,0,31,0,0,26,4,14,2,10,7,1,15,2,9,0,10,51,14,21,15,2,23,8,6,7,4,2,8,9,2,0,0,3,4,5,0,14,2,0,11,14,10,5,0,11,0,6,3,0,4,35,28,4,2,7,0,7,2,0,13,0,0,9,0,3,14
3,0,0,0,0,0,1,0,0,0,0,0,0,0,0,0,0,10,8,79,7,1,0,0,0,0,32,0,32,0,1,4,0,10,0,0,0,1,0,0,0,0,3,0,0,24,0,0,0,0,0,19,33,0,0,0,0,25,0,10,23,2,0,36,2,0,0,41,0,0,0,6,0,3,0,0,1,0,15,0,0,7,0,0,0,7,30,0,0,0,0,0,1,0,15,0,18,0,13,0,10,8,0,0,2,0,0,0,0,0,0,0,0,40,0,0,64,0,1,1,0,8,0,0,0,0,0,15,10,0,0,0,0,13,0,0,0,0,9,0,0,0,25
0,14,0,6,0,2,13,1,0,2,1,6,0,0,5,20,0,0,0,0,0,0,30,9,0,1,0,0,0,1,2,0,4,0,0,2,4,0,6,0,11,0,0,4,1,0,2,22,5,4,2,0,0,3,0,1,12,0,0,1,0,0,0,0,0,17,17,0,1,0,0,1,13,0,0,2,3,6,0,0,3,3,1,0,14,0,0,8,7,2,0,3,0,0,1,0,0,2,0,0,0,0,0,9,0,10,11,0,11,7,3,0,13,0,22,0,0,1,0,6,6,0,8,4,2,0,0,2,1,10,16,0,5,1,1,1,5,2,0,0,0,4,0
5,6,2,11,3,13,3,3,0,23,4,14,0,0,15,8,0,3,0,0,3,0,9,8,0,4,1,17,6,7,4,3,0,0,2,0,1,0,9,0,6,7,3,8,4,0,17,50,6,9,4,0,0,0,5,3,4,2,5,0,4,5,1,3,0,19,4,2,25,1,14,0,14,3,0,9,4,8,0,2,0,14,1,2,10,0,1,4,13,5,8,14,9,0,2,1,1,4,0,2,0,0,12,15,0,8,19,1,0,2,6,12,16,2,11,0,0,10,0,17,3,3,4,12,10,0,2,3,0,8,2,0,7,5,3,0,9,9,3,0,4,0,2
12,6,9,0,12,10,0,0,4,5,2,0,17,0,0,0,21,11,9,36,11,5,0,2,2,5,16,15,5,0,5,0,4,13,0,16,0,2,1,3,1,2,5,7,0,23,7,8,0,2,0,10,2,0,1,3,0,6,0,2,1,3,6,2,3,0,0,11,0,0,3,24,5,2,1,0,0,0,0,6,0,24,0,16,1,4,7,0,8,1,4,0,17,6,15,14,6,0,12,6,7,11,0,4,18,0,2,0,0,0,0,1,0,3,0,0,16,11,4,1,0,5,0,8,0,0,12,6,11,3,0,8,0,1,0,0,0,0,14,25,0,2,0
