Ant4,Ant57,Ant260,Ant5,Ant52,Ant59,Ant65,Ant244,Ant540,Ant929,Ant2,Ant6,Ant24,Ant25,Ant26,Ant30,Ant38,Ant73,Ant74,Ant99,Ant102,Ant148,Ant158,Ant191,Ant196,Ant202,Ant209,Ant245,Ant268,Ant278,Ant308,Ant604,Ant620,Ant646,Ant673,Ant838,Ant1,Ant12,Ant13,Ant20,Ant27,Ant28,Ant29,Ant32,Ant40,Ant42,Ant43,Ant44,Ant50,Ant55,Ant62,Ant66,Ant68,Ant70,Ant71,Ant80,Ant81,Ant82,Ant85,Ant91,Ant96,Ant97,Ant100,Ant105,Ant111,Ant112,Ant113,Ant114,Ant117,Ant126,Ant135,Ant137,Ant139,Ant142,Ant144,Ant147,Ant149,Ant153,Ant156,Ant159,Ant169,Ant170,Ant173,Ant174,Ant176,Ant178,Ant186,Ant195,Ant198,Ant207,Ant212,Ant217,Ant218,Ant219,Ant220,Ant221,Ant226,Ant229,Ant232,Ant238,Ant242,Ant243,Ant250,Ant255,Ant256,Ant257,Ant261,Ant263,Ant265,Ant294,Ant299,Ant301,Ant305,Ant318,Ant320,Ant332,Ant334,Ant342,Ant347,Ant353,Ant356,Ant376,Ant387,Ant390,Ant391,Ant394,Ant395,Ant398,Ant433,Ant437,Ant475,Ant492,Ant501,Ant527,Ant549,Ant552,Ant556,Ant575,Ant580,Ant592,Ant593,Ant600,Ant607,Ant610,Ant614,Ant621,Ant632,Ant635,Ant638,Ant650,Ant663,Ant665
0,0,5,10,6,3,12,0,0,2,18,1,0,0,0,2,2,0,11,0,0,11,0,9,23,0,0,3,0,6,0,3,0,19,8,4,0,0,4,0,12,0,34,9,0,2,1,0,7,0,9,9,8,0,21,0,11,0,1,31,0,0,10,17,6,0,12,0,5,13,0,8,0,2,2,4,0,5,0,0,18,0,3,12,2,0,0,0,0,0,5,0,3,0,0,11,1,0,0,0,4,3,0,0,0,0,0,0,0,5,0,0,2,0,2,0,8,0,0,2,2,5,0,0,5,0,0,9,0,0,0,2,0,3,7,0,0,4,1,0,0,1,32,28,2,0,0,43,0,1,0,2
0,0,2,5,0,0,0,1,2,1,1,3,0,2,5,0,20,3,4,8,8,4,1,0,1,0,3,1,7,5,4,0,20,3,2,7,2,11,9,6,1,2,0,0,13,2,3,0,2,0,4,0,0,19,4,1,1,9,10,1,4,14,4,0,1,4,0,12,3,0,10,5,22,2,0,12,6,0,5,12,0,2,3,0,5,2,7,3,8,9,0,1,5,1,1,0,0,0,0,24,2,1,11,7,8,1,3,0,8,2,2,2,2,7,8,5,0,0,0,0,0,0,7,10,1,0,0,0,0,6,6,4,0,4,10,5,1,3,3,7,0,2,0,0,10,4,45,0,2,10,25,0
5,2,0,13,14,5,6,6,0,0,9,1,0,17,0,3,5,0,11,0,0,9,4,9,0,1,1,9,1,24,9,14,1,44,9,8,0,0,2,4,2,6,3,16,1,0,6,6,12,2,2,2,5,2,7,0,0,0,1,25,1,0,29,18,2,1,32,1,29,6,5,17,0,10,11,12,0,4,2,2,19,8,7,0,1,1,1,18,2,24,6,2,8,1,0,0,28,8,1,0,7,4,0,8,3,4,3,1,0,6,2,1,0,1,1,0,5,0,0,15,6,29,1,0,6,2,0,12,0,2,0,2,0,6,15,1,1,9,4,2,0,0,11,20,4,2,1,5,19,22,0,4
10,5,13,0,5,44,19,8,25,5,4,1,0,0,3,12,2,1,4,1,2,17,9,3,10,0,7,12,2,8,6,4,2,5,8,5,1,1,12,8,10,1,17,6,6,0,8,3,2,0,32,1,31,4,14,0,17,0,13,16,4,4,4,0,3,0,0,4,10,10,9,2,0,0,11,8,0,8,0,6,9,7,2,2,34,0,0,0,0,3,18,0,11,0,10,8,0,3,21,3,7,4,4,18,2,3,8,2,0,9,0,1,12,1,3,1,8,1,0,15,14,2,4,1,0,0,3,11,0,8,3,3,0,1,18,0,2,5,7,8,0,1,1,9,1,3,3,4,17,2,0,22
6,0,14,5,0,6,2,6,1,0,21,0,1,5,1,0,0,0,10,1,0,0,0,0,0,0,0,0,0,6,0,3,0,11,5,0,6,0,0,10,13,0,8,1,13,6,7,1,12,1,5,5,5,1,11,0,1,0,2,103,0,3,11,7,1,0,1,0,15,39,0,8,0,1,1,4,0,0,0,0,11,0,3,7,0,1,0,1,0,0,0,0,4,2,0,0,0,4,0,0,2,9,1,0,2,4,0,2,3,9,0,0,0,0,2,3,0,0,0,3,0,10,2,0,2,0,0,12,0,1,1,1,0,0,0,0,0,3,0,2,0,1,20,2,0,3,0,15,31,5,0,3
3,0,5,44,6,0,10,14,6,6,1,0,1,8,0,13,2,0,34,0,0,0,6,17,3,0,3,16,2,26,0,5,0,30,4,1,0,0,13,6,6,1,16,8,12,3,5,1,9,0,29,2,8,1,7,0,11,0,1,35,1,2,1,10,1,2,6,1,15,23,0,1,0,15,10,2,1,14,0,0,28,7,2,11,5,0,0,4,0,1,2,1,4,0,14,18,6,4,1,2,15,14,0,3,2,8,2,2,0,9,0,2,23,0,0,4,24,0,0,23,9,3,9,1,9,0,0,6,0,2,3,0,0,1,24,0,0,6,2,1,0,2,10,6,2,2,1,8,1,8,0,0
12,0,6,19,2,10,0,5,11,2,28,0,0,12,1,0,0,0,9,0,1,1,0,19,5,0,2,26,3,21,11,8,1,2,17,0,0,1,3,7,0,2,11,8,0,1,4,0,1,0,10,7,7,1,34,0,0,5,1,22,0,4,6,9,0,0,0,2,10,38,0,12,0,12,22,3,0,25,0,7,11,0,4,27,2,0,0,1,0,2,0,0,4,0,17,0,8,1,3,3,5,14,0,3,0,1,2,1,0,7,0,0,4,0,3,1,8,0,1,2,20,19,0,0,6,0,1,4,0,1,1,1,0,1,3,1,0,25,11,0,0,2,22,3,0,1,4,14,12,2,3,25
0,1,6,8,6,14,5,0,1,7,9,11,0,4,1,6,2,0,55,1,0,16,1,4,17,0,6,3,3,5,5,15,1,19,27,3,2,2,11,0,4,3,0,8,9,4,2,5,16,3,7,6,6,1,2,0,2,6,6,15,3,5,11,7,7,0,16,4,22,7,0,0,5,2,6,0,2,5,0,0,20,3,3,6,7,3,1,3,1,6,6,1,17,1,4,7,10,1,1,7,0,11,0,2,1,15,6,0,3,8,3,1,8,0,1,7,3,2,2,1,9,4,6,0,1,4,6,0,1,2,0,9,0,9,31,0,0,4,2,6,0,5,14,27,0,9,0,10,11,20,3,1
0,2,0,25,1,6,11,1,0,1,1,0,0,6,1,5,2,2,16,0,0,6,1,2,1,0,12,3,0,10,0,3,1,0,8,0,0,0,4,4,0,0,0,10,6,0,3,0,8,0,1,4,2,0,17,0,5,2,0,6,0,0,2,0,3,3,0,4,8,0,0,4,0,4,10,2,1,16,0,2,1,4,1,10,1,0,0,2,0,6,9,0,0,0,19,2,8,0,11,8,5,0,0,5,0,0,5,9,3,11,0,1,4,0,1,0,0,1,1,19,0,0,0,0,6,0,1,7,0,1,1,10,0,2,0,0,0,2,5,2,0,3,1,3,0,2,1,2,7,1,0,16
2,1,0,5,0,6,2,7,1,0,7,8,5,5,5,1,1,1,15,0,5,2,7,6,19,2,5,1,0,18,3,11,2,4,14,2,3,9,5,13,2,5,12,2,6,12,8,0,14,2,4,3,2,6,11,0,6,3,2,35,1,4,1,5,15,1,1,2,9,12,5,5,4,1,3,0,5,4,0,4,12,3,12,2,4,6,3,5,0,6,8,6,15,4,7,7,8,21,0,13,3,7,1,5,2,0,9,2,0,3,1,0,18,4,5,3,2,1,1,3,16,4,1,1,7,6,6,4,0,6,2,10,0,2,11,2,3,14,6,9,0,3,9,10,2,3,1,8,2,10,1,3
18,1,9,4,21,1,28,9,1,7,0,1,0,0,4,8,0,1,7,0,1,26,3,30,3,0,3,8,0,20,0,10,0,0,17,0,0,2,12,4,0,1,15,9,3,2,4,8,14,2,10,15,5,1,4,0,4,1,5,43,0,0,1,5,9,0,0,2,2,24,1,9,1,2,20,1,0,7,0,0,4,2,4,12,5,0,5,1,0,0,1,2,1,0,15,11,0,2,3,8,2,15,1,8,3,0,0,0,0,5,0,0,40,0,1,0,15,4,3,9,21,10,1,1,2,4,7,1,0,1,0,1,0,5,5,0,0,4,3,0,0,0,26,2,2,0,1,7,0,7,1,13
1,3,1,1,0,0,0,11,0,8,1,0,9,1,20,2,2,2,3,8,2,3,3,0,12,16,2,0,1,1,2,20,0,0,2,7,9,2,4,5,1,7,5,1,0,2,8,17,4,16,3,0,0,4,0,12,3,5,1,0,24,17,3,0,13,29,9,0,1,2,17,3,22,2,1,23,6,0,8,7,0,2,11,0,0,5,13,8,8,3,1,15,3,2,0,9,0,4,3,4,2,5,4,2,12,29,5,2,5,2,16,18,2,1,5,1,0,16,20,0,1,0,2,18,2,11,3,0,12,1,9,3,2,1,15,2,12,2,1,27,2,27,2,10,19,6,3,3,2,33,2,1
0,0,0,0,1,1,0,0,0,5,0,9,0,0,5,0,0,14,1,0,0,1,0,0,1,28,0,0,0,0,0,22,0,0,1,2,24,0,0,2,0,15,0,0,0,2,0,5,4,12,0,0,0,1,0,21,7,16,1,0,9,1,0,0,7,10,15,0,0,3,1,6,1,6,0,28,0,0,13,11,4,0,20,4,0,25,8,0,0,0,2,23,2,9,0,0,0,1,6,1,1,0,0,0,10,17,0,0,2,0,4,22,0,1,2,0,0,3,35,0,0,0,2,5,1,23,4,0,27,2,5,4,44,1,2,2,8,0,0,0,47,5,0,0,0,4,1,1,0,3,2,0
0,2,17,0,5,8,12,4,6,5,0,1,0,0,3,5,18,0,4,2,4,4,12,6,2,2,6,1,3,18,9,25,5,2,4,15,4,7,23,10,0,3,2,13,5,11,11,13,19,4,8,3,5,14,2,0,1,1,1,0,3,5,23,0,21,3,5,1,7,7,0,7,8,32,7,3,2,8,0,4,0,7,5,1,8,2,4,24,7,7,18,1,2,3,4,0,6,10,17,38,4,4,14,3,13,13,9,3,7,8,1,4,5,1,5,13,9,0,0,6,5,0,18,2,12,1,3,2,0,7,4,4,0,5,7,1,4,3,4,7,0,10,1,9,1,8,2,0,16,4,8,1
0,5,0,3,1,0,1,1,1,5,4,20,5,3,0,2,4,8,1,7,0,2,13,1,10,3,1,3,3,1,0,7,1,0,2,10,5,1,3,1,4,14,0,0,1,9,1,14,13,15,1,0,3,3,0,12,8,11,0,0,15,8,1,0,7,13,16,5,11,5,9,5,10,11,5,15,7,0,5,3,1,3,16,1,4,5,6,9,6,0,3,16,8,6,1,13,0,9,18,4,3,20,3,2,14,15,1,3,1,1,4,12,5,7,5,7,3,14,17,0,4,0,2,14,4,6,9,0,5,3,23,5,0,6,23,5,19,5,1,32,0,17,2,0,0,1,4,1,0,27,7,4
2,0,3,12,0,13,0,6,5,1,8,2,0,5,2,0,0,0,14,3,3,0,0,5,3,0,13,12,3,1,0,0,0,1,9,1,0,3,13,7,1,1,0,2,2,1,2,1,6,1,4,3,0,0,9,1,10,2,1,1,0,5,3,0,5,0,0,1,1,1,0,2,0,0,7,0,4,8,0,1,0,4,2,17,14,0,1,0,5,2,10,0,12,0,4,3,4,3,12,4,8,4,2,6,1,0,2,14,0,6,0,0,19,0,0,2,9,0,0,2,12,0,2,0,3,4,4,7,0,7,1,3,0,2,5,0,3,3,17,1,0,0,3,0,1,1,3,2,5,4,2,9
2,20,5,2,0,2,0,2,2,1,0,2,0,18,4,0,0,2,6,21,6,3,5,2,6,3,6,0,4,4,2,1,15,0,2,4,1,12,9,5,0,4,0,0,5,5,3,2,9,1,2,0,0,10,0,7,9,4,8,7,6,9,3,2,10,9,1,8,2,4,13,10,15,16,0,6,4,1,5,6,1,9,3,2,4,2,4,6,13,2,2,4,4,9,1,1,2,1,3,35,1,1,19,0,7,2,11,3,10,6,1,3,8,6,4,3,1,8,3,2,4,1,3,7,7,6,2,0,0,13,10,13,0,8,2,9,9,3,10,11,0,1,1,8,6,4,18,1,5,12,5,1
0,3,0,1,0,0,0,0,2,1,1,2,14,0,8,0,2,0,2,4,1,4,8,0,2,46,1,0,1,5,1,4,2,0,0,4,18,4,0,3,2,19,1,1,0,10,0,3,6,14,1,0,1,3,2,5,2,35,1,0,7,6,0,0,16,15,1,2,5,3,0,8,7,0,1,35,2,0,24,3,2,1,22,1,5,32,16,3,9,0,0,19,2,6,0,4,0,1,3,2,1,20,4,0,8,9,0,0,4,2,8,5,3,3,0,1,0,14,6,0,1,0,0,11,3,36,3,1,19,1,9,1,30,2,3,3,18,6,2,13,47,12,2,3,25,3,4,1,0,10,0,1
11,4,11,4,10,34,9,55,16,15,7,3,1,4,1,14,6,2,0,2,2,7,7,10,7,2,7,21,3,17,6,11,6,14,4,2,0,3,10,6,8,0,23,15,4,11,4,5,16,4,6,10,36,3,10,0,9,0,2,67,2,0,8,8,5,2,5,1,3,30,0,17,3,3,5,0,1,15,0,7,27,2,4,25,26,0,0,10,5,10,11,2,4,0,14,19,5,3,12,20,7,4,1,2,1,1,5,7,0,7,3,3,27,1,4,4,9,0,2,12,28,6,4,0,21,0,3,5,2,7,2,14,0,3,10,1,1,11,4,1,0,3,12,25,1,7,1,31,3,6,1,8
0,8,0,1,1,0,0,1,0,0,0,8,0,2,7,3,21,4,2,0,4,2,2,2,8,5,3,1,5,7,1,0,10,0,0,5,0,9,2,8,0,4,1,0,0,0,5,1,1,6,1,0,1,10,1,0,0,6,5,0,3,23,1,0,12,4,0,12,0,1,14,1,15,0,2,14,4,0,0,2,0,3,2,0,0,3,1,7,7,7,1,1,2,8,4,0,3,1,2,34,3,2,5,0,9,7,7,1,30,1,4,8,0,7,5,6,0,5,3,0,3,1,1,11,1,10,2,1,0,7,8,13,0,16,0,5,5,0,3,16,0,1,0,0,7,4,11,0,3,12,5,0
0,8,0,2,0,0,1,0,0,5,1,2,0,4,0,3,6,1,2,4,0,4,12,2,8,0,4,1,1,4,11,0,14,0,2,1,0,5,4,6,1,0,0,0,8,0,9,1,4,0,0,0,1,7,1,1,2,2,4,0,0,8,5,0,2,1,0,5,0,1,2,0,8,2,0,4,15,1,0,4,0,1,2,0,3,0,0,4,4,6,1,0,13,0,2,0,1,2,0,17,5,2,5,0,2,2,5,2,2,0,1,2,0,2,6,2,0,3,0,0,6,0,6,2,0,0,0,2,0,8,3,5,0,8,1,2,0,5,1,2,0,0,0,0,2,3,4,0,0,10,2,0
11,4,9,17,0,0,1,16,6,2,26,3,1,4,2,0,3,4,7,2,4,0,2,7,12,0,9,2,3,4,20,15,0,1,11,3,0,2,6,5,3,5,3,5,7,7,8,4,10,5,0,1,0,1,1,4,6,1,3,4,0,3,13,3,11,0,12,4,9,5,3,5,5,6,0,12,0,4,0,7,9,3,0,2,7,0,0,0,11,7,1,3,1,0,3,0,6,1,0,13,4,5,4,4,1,1,7,2,1,1,0,7,6,1,3,6,7,6,0,0,6,5,4,3,10,4,8,5,1,11,1,7,0,5,37,1,6,7,4,6,0,0,16,7,1,10,8,8,0,19,1,7
0,1,4,9,0,6,0,1,1,7,3,3,0,12,13,0,5,8,7,2,12,2,0,2,10,4,3,3,3,4,8,1,0,0,8,8,4,6,2,13,3,2,1,0,4,5,3,4,11,3,9,6,4,3,6,1,4,1,1,0,2,0,10,1,11,0,0,9,2,1,8,7,9,0,0,0,5,1,9,7,0,4,14,0,4,0,8,5,21,6,0,6,7,7,3,5,2,13,5,10,4,6,3,0,4,6,10,2,1,3,2,0,13,6,0,6,2,3,5,0,13,0,3,1,8,6,10,6,0,5,8,8,0,7,6,7,4,2,4,10,0,6,4,0,5,1,4,4,11,20,1,0
9,0,9,3,0,17,19,4,2,6,30,0,0,6,1,5,2,0,10,2,2,7,2,0,0,0,15,29,6,23,3,1,4,1,22,2,0,1,16,6,2,1,1,10,10,8,2,4,7,0,10,1,8,0,14,0,1,0,0,6,0,1,9,1,3,0,0,0,2,2,0,0,3,3,7,1,1,4,0,1,2,0,3,5,11,0,0,3,1,3,9,0,3,0,17,6,11,2,5,1,23,10,1,9,0,0,13,4,0,7,0,4,16,6,1,24,0,0,0,4,9,0,7,0,11,0,3,11,0,2,0,2,0,2,1,2,0,13,16,0,0,0,4,8,1,2,0,2,6,3,0,5
23,1,0,10,0,3,5,17,1,19,3,12,1,2,10,3,6,2,7,8,8,12,10,0,0,1,9,6,1,10,0,13,7,0,11,6,0,4,12,2,16,1,1,1,10,4,3,14,7,4,14,2,17,6,31,0,8,0,8,51,3,8,2,2,18,3,10,5,4,9,5,25,4,1,9,6,0,2,0,2,7,11,3,3,1,0,12,3,7,17,0,3,13,4,2,2,2,6,11,21,3,8,8,1,3,6,9,5,1,12,1,0,28,3,1,12,0,8,2,2,10,0,6,2,21,1,13,5,1,9,4,21,0,8,24,8,4,10,8,4,0,10,10,20,0,10,5,27,8,9,5,8
0,0,1,0,0,0,0,0,0,2,0,16,28,2,3,0,3,46,2,5,0,0,4,0,1,0,0,0,0,0,0,6,1,0,0,11,14,1,0,7,3,23,0,0,0,5,0,6,5,42,0,1,0,0,1,21,0,27,0,0,26,4,0,1,10,33,12,1,0,0,8,13,14,2,0,81,1,0,33,1,2,0,3,0,0,54,19,4,13,0,0,36,1,13,0,1,1,0,0,7,0,9,2,0,10,17,6,0,4,0,18,20,1,2,0,0,0,8,42,0,5,0,0,12,0,44,4,2,10,2,25,3,61,1,17,2,26,0,0,4,35,13,0,8,20,12,0,0,0,10,7,0
0,3,1,7,0,3,2,6,12,5,3,2,0,6,1,13,6,1,7,3,4,9,3,15,9,0,0,1,14,12,16,0,0,0,9,2,0,2,4,6,0,0,0,6,3,0,15,1,1,0,5,2,3,1,16,0,10,2,1,0,1,3,10,0,2,1,0,3,3,0,0,1,2,11,6,0,2,22,0,0,0,0,5,2,3,0,0,2,2,20,17,0,10,0,7,2,11,0,0,27,8,1,1,8,1,0,6,8,2,7,0,1,3,1,1,10,0,2,0,2,7,0,11,0,4,0,0,5,0,5,0,4,0,4,7,6,0,26,13,1,0,0,0,1,4,6,4,0,4,13,4,8
3,1,9,12,0,16,26,3,3,1,8,0,0,1,3,12,0,0,21,1,1,2,3,29,6,0,1,0,5,19,2,0,1,0,16,0,1,2,6,2,22,3,15,15,1,0,0,2,0,0,46,6,13,2,4,1,9,0,1,7,1,2,34,7,10,0,0,1,16,7,0,3,0,3,10,0,3,7,0,0,10,1,2,11,9,1,0,2,2,3,19,0,2,0,5,14,10,0,8,13,8,19,2,5,0,1,6,7,0,28,0,0,5,0,0,2,1,2,2,1,5,1,10,1,0,0,2,16,0,2,0,3,0,13,6,1,1,3,14,0,0,1,11,25,0,0,4,17,13,3,0,7
0,7,1,2,0,2,3,3,0,0,0,1,0,3,3,3,4,1,3,5,1,3,3,6,1,0,14,5,0,6,3,0,1,2,4,0,0,3,4,11,0,2,0,0,1,0,7,0,10,7,0,0,1,14,1,3,3,2,0,1,6,12,8,0,1,4,2,10,1,0,1,4,9,4,0,2,3,1,0,3,0,1,0,1,11,1,0,1,8,7,1,2,22,0,1,8,0,1,5,12,1,2,10,0,4,6,2,0,3,1,0,2,1,3,3,1,0,1,0,2,7,0,8,6,3,3,0,2,0,11,1,15,0,5,1,4,0,0,2,5,0,3,0,0,2,11,14,6,1,9,5,13
6,5,24,8,6,26,21,5,10,18,20,1,0,18,1,1,4,5,17,7,4,4,4,23,10,0,12,19,6,0,10,4,0,10,7,3,0,4,10,8,7,2,7,14,1,0,7,1,10,1,19,10,19,2,17,1,17,0,4,27,1,4,34,6,2,0,1,10,6,39,7,15,1,7,27,1,2,16,0,11,7,5,2,17,9,0,2,0,5,20,6,2,18,1,11,5,8,5,14,51,17,10,4,19,0,2,10,11,1,15,0,1,2,0,1,8,3,5,0,3,4,3,6,1,8,1,1,14,1,6,3,3,0,12,12,3,2,5,8,3,0,1,20,11,3,5,4,19,7,11,1,13
0,4,9,6,0,0,11,5,0,3,0,2,0,9,0,0,2,1,6,1,11,20,8,3,0,0,16,2,3,10,0,0,7,6,6,1,0,11,10,3,0,3,0,4,5,1,2,3,0,0,1,0,0,3,9,1,4,0,6,1,0,0,10,0,1,2,0,12,4,8,7,3,0,12,4,2,3,2,0,1,0,6,3,0,14,0,1,8,0,20,13,0,17,0,6,0,14,0,9,6,2,2,8,3,6,0,13,2,0,5,1,2,12,0,11,14,0,11,0,0,7,2,3,0,4,0,1,10,0,1,1,10,0,7,4,1,0,3,6,2,0,0,0,0,0,7,2,1,13,11,5,3
3,0,14,4,3,5,8,15,3,11,10,20,22,25,7,0,1,4,11,0,0,15,1,1,13,6,0,0,0,4,0,0,0,0,3,27,4,1,7,3,0,9,16,7,8,25,0,6,8,10,6,1,1,2,0,0,19,3,1,0,10,9,0,3,9,4,40,3,2,7,6,17,2,4,3,9,1,3,5,1,5,0,34,8,5,0,21,14,11,0,0,3,0,7,0,5,0,2,0,2,4,43,1,4,1,18,2,0,2,12,1,3,9,1,3,1,5,2,8,3,4,2,0,2,6,5,5,5,3,2,10,4,0,8,37,2,7,6,0,9,0,41,11,12,14,6,3,39,0,11,0,3
0,20,1,2,0,0,1,1,1,2,0,0,0,5,1,0,15,2,6,10,14,0,0,4,7,1,0,1,1,0,7,0,0,0,2,0,1,14,12,2,1,2,0,0,11,0,12,0,5,1,0,11,0,6,3,1,2,3,6,0,2,24,4,0,10,5,0,12,2,2,16,11,17,2,0,7,10,0,0,10,0,9,7,1,8,0,6,4,10,2,3,3,3,5,1,3,1,2,3,62,4,4,25,0,6,0,9,3,9,0,0,5,3,4,18,1,0,3,0,1,6,0,6,8,3,2,16,1,0,25,14,21,0,12,0,19,0,1,4,24,0,0,0,0,8,10,20,3,1,7,6,0
19,3,44,5,11,30,2,19,0,4,0,0,0,2,0,1,0,0,14,0,0,1,0,1,0,0,0,0,2,10,6,0,0,0,5,0,0,0,0,2,21,0,16,7,7,0,5,0,30,0,4,9,10,1,17,0,0,0,2,48,0,0,25,1,1,0,0,0,21,27,0,11,0,25,9,4,0,0,0,0,49,1,0,6,2,0,0,1,0,1,3,0,1,0,3,0,3,3,0,0,5,2,0,0,0,0,2,0,0,9,0,0,0,0,1,0,27,0,0,7,13,12,0,0,11,0,0,10,1,4,0,1,0,0,0,0,0,6,0,0,0,0,27,8,2,0,0,24,14,9,0,21
8,2,9,8,5,4,17,27,8,14,17,2,1,4,2,9,2,0,4,0,2,11,8,22,11,0,9,16,4,7,6,3,2,5,0,1,0,3,9,3,0,1,5,10,9,6,6,5,4,1,10,6,3,2,14,1,1,1,2,38,0,3,15,5,4,2,0,5,6,14,3,15,0,16,7,2,2,11,0,0,11,1,4,20,3,0,3,6,1,11,5,1,5,0,13,8,3,3,6,16,16,4,1,22,2,0,15,9,0,18,1,0,13,0,0,5,0,0,0,8,2,7,3,0,7,1,1,10,0,3,2,9,0,6,10,0,2,14,10,5,0,1,17,10,1,1,4,10,9,10,1,27
4,7,8,5,0,1,0,3,0,2,0,7,2,15,10,1,4,4,2,5,1,3,8,2,6,11,2,0,0,3,1,27,0,0,1,0,4,0,4,5,1,4,0,2,1,20,2,15,5,22,2,1,2,6,1,4,2,8,2,0,11,3,0,6,15,11,10,5,10,1,6,21,16,1,0,7,0,0,2,2,2,2,17,3,4,0,13,17,4,14,2,5,12,19,0,6,0,1,3,2,1,6,8,1,2,20,2,7,0,0,3,5,1,0,8,3,0,11,11,0,1,0,1,7,6,4,6,0,8,2,10,3,0,7,5,3,9,7,0,3,0,22,0,8,25,8,10,1,0,11,2,0
0,2,0,1,6,0,0,2,0,3,0,9,24,4,5,0,1,18,0,0,0,0,4,0,0,14,0,1,0,0,0,4,1,0,0,4,0,1,0,1,0,29,0,0,0,5,0,4,6,7,0,0,0,1,0,30,0,24,0,0,9,0,0,0,0,16,2,1,3,0,2,4,4,2,0,36,0,0,19,0,4,1,13,2,0,46,19,1,5,0,0,18,0,9,0,13,0,4,0,1,0,0,0,0,12,19,1,1,1,0,5,11,0,1,1,0,0,7,43,0,6,0,0,16,0,57,0,0,14,0,12,1,46,0,1,0,21,2,0,7,36,4,2,0,3,1,0,0,2,8,1,0
0,11,0,1,0,0,1,2,0,9,2,2,0,7,1,3,12,4,3,9,5,2,6,1,4,1,2,2,3,4,11,1,14,0,3,0,1,0,3,9,0,0,0,3,4,2,2,6,5,5,0,0,0,13,3,1,2,3,9,0,5,5,7,1,5,1,0,15,1,0,6,6,10,1,0,8,4,0,3,2,0,18,5,0,6,2,4,0,18,7,1,5,2,1,1,0,0,2,3,22,4,1,14,3,9,0,5,2,13,1,2,5,1,6,9,0,0,6,0,0,7,0,6,2,3,2,1,3,1,17,2,14,0,8,5,3,3,0,5,16,0,3,1,0,8,3,9,0,1,9,0,0
4,9,2,12,0,13,3,11,4,5,12,4,0,23,3,13,9,0,10,2,4,6,2,16,12,0,4,6,4,10,10,7,12,0,9,4,0,3,0,29,2,3,3,0,13,23,11,5,10,0,19,2,23,4,6,1,8,3,2,3,2,6,9,4,7,1,4,3,3,8,6,4,11,4,8,2,6,1,0,5,0,11,1,11,18,0,4,5,3,12,6,1,9,0,5,7,6,5,11,54,12,6,9,3,0,0,20,2,2,3,0,8,7,8,10,21,0,9,1,5,9,0,1,1,5,0,2,9,0,7,4,13,0,7,12,8,3,13,6,4,0,7,1,4,4,5,3,16,13,12,11,5
0,6,4,8,10,6,7,0,4,13,4,5,2,10,1,7,5,3,6,8,6,5,13,6,2,7,6,2,11,8,3,3,2,2,3,5,1,9,29,0,0,2,2,0,11,7,6,9,14,0,11,3,3,6,8,0,5,5,5,11,4,17,9,1,9,5,0,11,5,5,1,6,21,9,1,14,14,0,1,7,2,11,10,2,12,6,2,3,8,19,6,5,3,5,5,4,8,10,8,22,3,4,11,2,6,6,30,9,4,6,3,6,10,12,4,11,0,6,0,3,16,0,7,5,6,3,2,5,0,21,8,13,0,10,4,8,1,8,4,8,0,8,11,5,6,5,11,5,12,13,6,2
12,1,2,10,13,6,0,4,0,2,0,1,0,0,4,1,0,2,8,0,1,3,3,2,16,3,0,22,0,7,0,0,1,21,0,1,0,0,2,0,0,0,1,0,2,0,0,3,7,0,3,3,0,0,11,0,1,0,0,72,0,1,9,6,15,0,5,3,1,25,1,11,4,5,17,5,0,0,0,2,19,1,6,2,0,0,2,0,0,2,5,0,2,1,2,2,0,0,7,0,10,29,0,0,0,1,4,0,0,8,1,2,10,0,2,0,2,0,1,0,0,25,0,1,21,0,2,8,0,1,1,0,0,2,12,1,0,0,0,0,0,1,10,31,0,2,0,16,6,1,0,0
0,2,6,1,0,1,2,3,0,5,1,7,15,3,14,1,4,19,0,4,0,5,2,1,1,23,0,3,2,2,3,9,2,0,1,4,29,0,3,2,0,0,0,2,0,8,8,10,6,25,2,1,0,5,0,19,0,20,2,0,9,13,3,0,8,29,4,11,1,2,6,9,7,1,1,30,5,2,15,3,2,1,19,0,2,11,24,3,7,3,1,15,12,5,0,3,1,3,3,3,0,3,1,1,16,26,3,0,4,0,12,17,2,4,4,2,1,2,38,0,0,0,1,14,1,31,8,0,27,7,17,3,20,4,6,4,20,0,1,18,15,14,6,2,20,10,1,7,3,16,1,0
34,0,3,17,8,16,11,0,0,12,15,5,0,2,0,0,0,1,23,1,0,3,1,1,1,0,0,15,0,7,0,16,0,16,5,0,0,0,3,2,1,0,0,11,0,0,4,2,3,0,21,12,2,5,3,0,10,0,2,27,2,0,10,5,0,0,1,4,5,11,0,4,1,0,6,0,0,12,0,2,12,5,4,19,11,0,0,1,0,0,5,0,9,0,4,11,0,0,2,0,2,17,0,6,0,0,0,3,0,20,0,0,18,0,0,0,37,0,0,3,7,8,3,0,4,0,0,10,0,2,0,1,0,6,3,0,0,5,0,2,0,2,5,19,0,0,0,12,19,0,0,22
9,0,16,6,1,8,8,8,10,2,9,1,0,13,0,2,0,1,15,0,0,5,0,10,1,0,6,15,0,14,4,7,0,7,10,2,0,3,0,0,0,2,11,0,1,0,9,4,2,0,7,4,4,3,9,2,4,2,1,4,1,0,5,12,7,0,8,1,10,2,0,2,1,14,1,2,2,1,0,1,1,3,5,9,1,0,0,5,3,2,19,0,23,0,6,3,5,2,6,3,2,10,0,2,5,3,9,7,0,2,0,1,2,0,0,6,5,2,1,13,9,1,13,0,2,0,0,6,0,7,2,0,0,3,7,0,3,9,6,0,0,6,0,8,1,9,1,22,5,16,0,10
0,13,1,6,13,12,0,9,6,6,3,0,0,5,1,2,5,0,4,0,8,7,4,10,10,0,3,1,1,1,5,8,11,7,9,1,0,4,13,11,2,0,0,1,0,9,1,2,24,0,1,3,4,0,5,0,9,0,0,11,0,2,3,10,4,0,0,6,6,22,1,2,2,0,25,4,1,14,0,4,4,2,1,13,3,0,0,0,2,8,0,3,3,0,4,3,2,0,6,3,3,1,2,0,1,1,3,0,1,5,0,0,6,2,7,2,4,1,0,13,4,2,0,4,2,1,0,4,0,1,2,3,0,12,2,2,0,1,2,0,0,0,15,20,1,3,2,14,2,9,1,7
2,2,0,0,6,3,1,4,0,12,2,2,2,11,9,1,5,10,11,0,0,7,5,8,4,5,0,0,0,0,1,25,0,0,6,20,5,2,23,7,0,8,0,0,9,0,3,16,8,10,5,2,3,5,0,0,17,11,0,0,12,3,26,0,7,1,7,0,12,2,0,12,13,8,1,3,3,2,0,1,5,8,56,10,3,0,4,12,3,0,0,15,11,3,0,17,0,3,15,3,0,7,6,6,2,7,5,2,0,2,10,5,6,18,10,3,1,8,15,1,1,0,0,1,0,4,5,2,1,6,12,14,0,3,11,6,8,21,0,3,0,13,1,9,4,7,1,0,6,9,9,2
1,3,6,8,7,5,4,2,3,8,4,8,0,11,1,2,3,0,4,5,9,8,3,2,3,0,15,0,7,7,2,0,12,5,6,2,0,2,11,6,0,8,4,9,1,3,0,2,4,2,3,1,5,4,8,4,0,1,0,32,5,5,12,0,4,5,0,9,3,7,7,1,11,2,3,20,6,0,0,6,1,7,4,3,3,0,4,2,5,15,2,7,4,4,3,9,3,3,3,15,1,0,21,8,7,0,11,8,10,7,0,0,9,2,2,5,0,5,2,1,6,0,8,0,0,9,6,2,3,10,5,10,0,4,7,6,0,9,7,11,0,5,0,0,2,6,7,2,10,22,2,3
0,0,6,3,1,1,0,5,0,0,8,17,5,13,14,1,2,3,5,1,1,4,4,4,14,6,1,2,0,1,3,6,0,0,5,15,4,6,5,9,3,10,2,4,2,16,2,0,7,23,5,0,4,3,0,5,8,7,2,0,20,2,1,0,10,4,19,1,11,0,24,5,4,1,4,7,4,4,8,4,2,3,30,0,12,4,10,14,10,3,0,12,4,16,2,2,0,15,19,2,1,23,5,10,19,17,2,7,5,4,21,11,6,1,5,18,1,4,19,2,6,0,0,10,1,14,21,2,15,7,15,9,0,1,10,2,12,0,4,13,0,13,7,17,4,17,0,13,1,16,0,4
7,2,12,2,12,9,1,16,8,14,14,4,4,19,13,6,9,6,16,1,4,10,11,7,7,5,1,0,10,10,0,8,5,30,4,5,6,5,10,14,7,6,3,2,24,8,4,7,0,7,10,14,10,0,8,2,13,2,8,14,6,5,21,5,21,12,8,5,5,17,1,16,16,13,9,10,2,3,10,11,15,4,15,14,5,2,8,18,5,19,1,4,2,9,1,7,2,8,11,21,3,8,13,0,3,14,10,1,3,9,0,1,8,2,10,9,6,9,5,5,10,4,9,5,9,4,5,6,0,9,5,16,0,6,8,3,2,6,3,16,0,11,4,10,2,11,11,7,4,13,8,10
0,0,2,0,1,0,0,3,0,2,2,16,12,4,15,1,1,14,4,6,0,5,3,0,4,42,0,0,7,1,0,10,1,0,1,22,7,5,0,0,0,25,0,0,0,10,2,23,7,0,0,0,0,2,1,28,2,37,1,0,17,14,1,3,15,23,5,9,5,0,26,21,14,3,2,34,4,0,28,2,1,7,27,0,0,12,25,12,14,0,0,21,4,13,0,1,0,7,0,2,0,3,2,1,14,24,0,1,10,1,24,6,1,6,1,3,2,17,30,0,2,0,0,31,1,35,8,2,9,13,31,6,7,0,18,0,23,0,1,9,15,18,7,16,11,13,1,1,6,9,0,0
9,4,2,32,5,29,10,7,1,4,10,3,0,8,1,4,2,1,6,1,0,0,9,10,14,0,5,46,0,19,1,6,0,4,10,2,0,0,19,11,3,2,21,7,1,5,3,5,10,0,0,12,30,3,12,1,13,1,3,11,3,2,6,28,6,1,1,3,9,22,0,8,2,7,3,4,2,2,1,8,12,5,4,10,16,0,0,1,2,5,8,2,5,2,4,10,0,5,32,4,1,16,9,8,3,4,15,6,0,7,6,2,26,4,6,15,11,0,1,0,13,0,0,0,18,2,4,16,0,2,2,3,0,19,6,6,0,12,16,1,0,2,12,6,3,3,1,8,5,3,2,5
9,0,2,1,5,2,7,6,4,3,15,0,0,3,0,3,0,0,10,0,0,1,6,1,2,1,2,6,0,10,0,1,11,9,6,1,0,0,2,3,3,1,12,4,3,2,1,0,14,0,12,0,1,0,2,0,14,0,2,55,0,0,6,2,0,1,0,1,2,38,0,2,0,11,5,2,2,7,0,1,6,0,0,28,24,0,0,0,1,0,1,1,1,1,0,1,0,0,13,15,10,14,0,2,1,0,0,0,0,10,0,2,10,1,6,0,17,0,2,33,14,5,12,0,21,0,1,0,2,3,1,2,0,1,1,0,3,1,8,1,0,2,12,2,1,4,0,26,5,5,1,5
8,0,5,31,5,8,7,6,2,2,5,0,0,5,3,0,0,1,36,1,1,0,4,8,17,0,3,13,1,19,0,1,0,10,3,2,0,0,23,3,0,0,2,4,4,3,5,4,10,0,30,1,0,0,18,0,12,0,1,11,1,0,7,18,9,2,6,0,4,26,0,5,0,2,13,1,0,13,0,0,23,6,4,9,11,0,1,1,0,4,9,0,6,0,3,8,6,2,2,9,8,9,0,2,0,1,2,0,0,7,0,1,11,0,1,44,16,0,0,6,22,26,2,0,0,0,4,23,0,5,0,0,0,0,9,0,1,3,5,0,0,1,8,16,2,1,0,40,4,3,0,3
0,19,2,4,1,1,1,1,0,6,1,4,1,14,3,0,10,3,3,10,7,1,3,0,6,0,1,2,14,2,3,2,6,1,2,6,1,13,4,6,0,5,5,3,0,5,4,3,0,2,3,0,0,0,3,3,3,3,13,4,6,7,5,0,9,0,2,18,0,4,12,3,14,4,0,9,6,1,1,3,0,7,4,2,15,1,7,5,9,4,2,14,4,0,7,5,8,4,1,25,8,2,12,2,9,1,12,3,9,1,8,7,6,5,12,7,0,6,1,4,1,1,9,6,4,1,1,3,4,23,8,9,0,2,0,4,3,4,2,11,0,0,0,0,5,9,7,2,4,4,6,1
21,4,7,14,11,7,34,2,17,11,4,0,0,2,0,9,0,2,10,1,1,1,6,14,31,1,16,4,1,17,9,0,3,17,14,1,0,3,6,8,11,0,3,9,5,0,8,0,8,1,12,2,18,3,0,0,0,0,2,65,0,3,28,1,10,0,0,2,18,31,1,19,2,28,3,1,1,11,0,1,17,5,0,1,8,0,0,0,0,2,17,3,8,0,8,0,2,0,0,2,11,7,2,5,1,1,7,6,0,8,1,0,17,0,4,11,1,1,0,8,19,10,1,0,25,4,1,42,0,6,0,1,0,0,2,0,0,3,22,1,0,0,7,0,1,0,0,3,14,8,0,13
0,1,0,0,0,0,0,0,0,0,0,12,21,0,12,1,7,5,0,0,1,4,1,0,0,21,0,1,3,1,1,0,1,0,1,4,30,1,1,0,0,19,0,2,0,0,4,5,2,28,1,0,0,3,0,0,1,35,2,0,25,19,3,0,10,35,0,3,0,0,15,7,2,2,0,50,1,0,20,1,3,0,19,1,4,27,10,2,16,0,0,21,2,9,1,3,0,1,2,1,0,0,3,0,21,8,1,2,4,0,8,29,0,0,2,0,0,12,28,0,1,0,1,13,0,34,0,2,18,5,21,2,31,0,2,0,23,0,1,8,80,17,2,0,26,0,2,0,0,13,3,0
11,1,0,17,1,11,0,2,5,6,4,3,7,1,8,10,9,2,9,0,2,6,4,1,8,0,10,9,3,17,4,19,2,0,1,2,0,2,8,5,1,0,10,4,9,17,0,8,13,2,13,14,12,3,0,1,0,2,3,2,4,9,4,16,9,0,0,4,6,5,6,20,2,23,3,6,1,6,0,3,6,4,9,20,17,0,8,0,1,12,3,0,6,2,5,16,1,5,3,40,12,2,4,2,0,5,6,1,2,8,0,4,16,0,1,16,16,6,3,3,9,1,15,0,6,2,10,1,2,5,2,12,0,8,18,7,1,22,2,1,0,0,5,1,9,4,4,17,13,5,9,4
0,9,0,0,0,0,5,6,2,3,1,5,16,1,11,2,4,35,0,6,2,1,1,0,0,27,2,0,2,0,0,3,3,0,1,8,24,3,3,5,0,20,0,2,0,11,1,7,2,37,1,0,0,3,0,35,2,0,3,0,16,8,1,0,10,65,11,12,0,0,11,6,18,0,0,84,12,0,40,3,1,1,32,3,1,26,19,3,9,8,0,18,3,27,0,6,0,0,1,4,1,3,6,0,30,9,0,1,7,0,34,19,0,3,5,4,0,22,30,0,2,0,0,37,0,28,4,1,8,6,18,2,43,2,4,4,20,0,0,19,22,14,4,1,39,2,7,0,1,11,5,0
1,10,1,13,2,1,1,6,0,2,5,1,1,1,0,1,8,1,2,5,4,3,1,0,8,0,1,1,0,4,6,1,6,2,2,2,0,9,2,5,0,2,2,1,0,0,0,2,8,1,3,2,1,13,2,2,3,3,0,8,3,8,2,0,9,3,2,7,2,4,11,6,18,2,1,14,1,0,1,4,1,9,3,8,2,0,2,1,3,11,0,6,3,0,1,3,1,3,2,8,9,2,6,0,7,3,18,0,4,0,2,2,8,6,20,1,0,5,2,3,10,0,5,8,10,2,0,0,0,25,1,11,0,0,2,4,0,10,9,1,0,4,14,1,2,4,5,1,0,6,3,7
31,1,25,16,103,35,22,15,6,35,43,0,0,0,0,1,7,0,67,0,0,4,0,6,51,0,0,7,1,27,1,0,0,48,38,0,0,0,3,11,72,0,27,4,11,0,32,0,14,0,11,55,11,4,65,0,2,0,8,0,0,0,33,34,46,0,0,1,35,178,0,11,0,15,7,0,0,2,0,7,22,16,1,24,0,0,0,0,0,1,8,0,0,0,0,0,6,0,8,0,21,3,0,1,0,0,0,0,0,30,0,0,4,0,0,0,28,0,0,20,5,54,0,0,22,0,0,2,0,13,0,2,0,2,6,0,0,12,26,0,0,0,8,0,0,0,0,8,20,23,0,2
0,4,1,4,0,1,0,3,0,1,0,24,9,3,15,0,6,7,2,3,0,0,2,0,3,26,1,1,6,1,0,10,2,0,0,11,9,5,2,4,0,9,2,1,0,12,5,20,6,17,3,0,1,6,0,25,4,16,3,0,0,8,4,1,18,13,13,3,0,4,4,23,26,3,3,10,2,0,3,4,6,1,21,2,1,0,36,0,20,2,2,33,1,11,1,12,1,1,2,4,3,1,4,3,18,58,1,2,2,0,18,11,0,1,1,3,0,19,33,0,0,0,1,21,1,22,14,5,29,6,35,7,2,3,5,0,23,1,1,12,0,21,7,7,25,17,1,2,1,24,4,0
0,14,0,4,3,2,4,5,0,4,0,17,1,5,8,5,9,6,0,23,8,3,0,1,8,4,3,2,12,4,0,9,24,0,3,3,0,5,6,17,1,13,0,0,2,3,5,2,5,14,2,0,0,7,3,19,9,8,8,0,8,0,11,0,27,17,8,30,6,6,26,3,49,6,0,25,5,2,0,9,0,7,25,1,2,1,19,4,17,6,2,5,6,12,3,2,1,1,1,31,0,4,12,2,14,22,10,3,10,3,11,5,3,5,9,7,0,4,12,0,4,0,4,19,6,12,14,0,10,19,14,18,0,9,11,3,5,0,3,27,0,9,2,0,25,10,79,1,2,24,15,0
10,4,29,4,11,1,6,11,2,1,1,3,0,23,1,3,3,0,8,1,5,13,10,9,2,0,10,34,8,34,10,0,4,25,15,0,0,7,9,9,9,3,10,5,3,26,12,1,21,1,6,6,7,5,28,3,4,1,2,33,4,11,0,15,7,3,0,13,25,9,3,6,8,16,4,1,7,2,0,8,15,19,3,2,10,0,0,22,5,53,4,3,18,0,18,3,12,17,10,11,6,12,3,6,0,0,28,21,4,5,1,4,0,4,4,25,2,11,1,7,19,8,7,2,5,0,3,5,0,14,6,17,0,7,12,7,0,10,20,6,0,4,1,34,0,9,5,4,32,11,7,13
17,0,18,0,7,10,9,7,0,5,5,0,0,0,0,0,2,0,8,0,0,3,1,1,2,1,0,7,0,6,0,3,0,1,5,6,0,1,4,1,6,0,5,12,10,0,0,0,5,3,28,2,18,0,1,0,16,0,0,34,1,0,15,0,0,0,0,0,5,20,0,5,2,2,7,5,0,2,0,0,12,3,17,3,2,0,1,1,1,2,8,4,3,0,0,6,9,0,10,0,4,3,0,6,0,5,3,0,0,2,3,1,2,0,0,4,1,0,0,6,4,23,2,0,1,0,1,11,1,0,0,2,0,4,8,0,0,13,4,0,0,2,14,16,7,2,0,19,5,5,0,9
6,1,2,3,1,1,0,7,3,15,9,13,7,21,7,5,10,16,5,12,2,11,11,3,18,10,2,10,1,2,1,9,10,1,4,15,0,5,7,9,15,8,0,7,4,7,4,10,21,15,6,0,9,9,10,10,9,10,9,46,18,27,7,0,0,12,11,11,12,25,28,19,26,8,0,18,5,4,3,8,18,7,16,7,3,1,24,5,9,6,2,26,4,15,8,9,6,18,8,12,3,17,10,4,24,25,2,2,15,5,14,6,4,10,8,2,7,14,13,0,1,2,5,10,5,24,12,3,2,11,4,9,0,6,10,7,4,10,3,25,0,32,3,13,29,6,25,2,5,19,5,0
0,4,1,0,0,2,0,0,3,1,0,29,10,3,13,0,9,15,2,4,1,0,0,0,3,33,1,0,4,0,2,4,5,0,2,11,16,1,1,5,0,29,0,0,0,1,5,4,12,23,1,1,2,0,0,35,0,65,3,0,13,17,3,0,12,0,3,14,3,0,6,5,7,0,0,39,3,0,25,3,1,1,18,0,3,16,35,3,12,14,1,36,1,47,0,1,0,3,2,1,0,2,1,1,15,26,0,0,4,0,21,17,2,2,3,2,0,9,29,0,3,0,1,32,2,29,2,4,2,1,15,0,12,0,4,0,36,2,2,10,16,27,0,4,16,7,5,1,0,40,7,1
12,0,32,0,1,6,0,16,0,1,0,9,15,5,16,0,1,1,5,0,0,12,0,0,10,12,0,0,2,1,0,40,0,0,0,10,2,0,4,0,5,4,1,8,0,7,0,19,8,5,1,0,6,2,0,0,0,11,2,0,13,8,0,0,11,3,0,0,7,0,8,47,0,5,1,1,1,0,0,0,8,1,7,4,3,0,18,9,4,0,0,2,0,1,0,4,5,10,0,0,0,4,0,1,6,21,0,0,4,0,3,9,1,2,0,3,14,1,8,1,4,1,0,2,10,7,5,2,10,4,6,1,0,4,26,0,28,0,0,7,0,30,16,14,16,1,2,17,1,6,0,0
0,12,1,4,0,1,2,4,4,2,2,0,0,1,5,1,8,2,1,12,5,4,9,0,5,1,3,1,10,10,12,3,12,0,5,5,1,15,3,11,3,11,4,1,6,0,9,1,5,9,3,1,0,18,2,3,4,12,7,1,3,30,13,0,11,14,0,0,0,1,15,10,20,4,2,20,22,0,3,6,0,4,4,0,4,0,5,10,10,16,0,3,7,5,3,1,2,5,5,25,5,2,7,5,8,0,9,0,10,0,4,2,4,15,7,6,0,11,4,1,7,1,1,11,8,15,11,2,1,8,5,11,0,17,6,12,3,2,8,19,0,3,0,0,4,7,24,2,1,12,19,0
5,3,29,10,15,15,10,22,8,9,2,1,0,7,11,1,2,5,3,0,0,9,2,2,4,0,3,16,1,6,4,2,2,21,6,10,3,1,3,5,1,1,5,10,6,12,3,11,5,5,9,2,4,0,18,0,6,0,2,35,0,6,25,5,12,3,7,0,0,23,0,2,1,4,15,5,1,7,0,1,22,2,9,9,7,0,0,2,0,0,15,0,10,0,2,15,0,7,7,1,1,10,0,25,1,7,6,2,0,7,0,4,7,0,4,1,7,4,1,22,11,6,2,0,6,2,1,5,0,3,3,7,0,3,5,2,1,23,1,2,0,1,20,11,1,1,3,16,5,6,1,9
13,0,6,10,39,23,38,7,0,12,24,2,3,7,5,1,4,3,30,1,1,5,1,2,9,0,0,7,0,39,8,7,2,27,14,1,0,0,8,5,25,2,11,2,22,2,7,0,17,0,22,38,26,4,31,0,5,0,4,178,4,6,9,20,25,0,0,1,23,0,0,14,0,4,2,1,2,4,1,0,12,5,4,21,3,0,1,1,1,4,3,3,3,0,0,15,8,4,22,0,19,11,3,7,0,3,2,2,0,8,0,1,19,1,5,17,7,1,1,8,6,34,4,0,13,0,1,25,1,2,0,2,0,9,12,0,4,2,5,4,0,2,21,6,3,1,3,28,4,15,1,3
0,10,5,9,0,0,0,0,0,5,1,17,1,0,9,0,13,0,0,14,2,3,8,0,5,8,0,0,1,7,7,6,16,0,3,6,2,6,6,1,1,6,0,0,1,0,7,24,1,26,0,0,0,12,1,15,6,11,11,0,4,26,3,0,28,6,8,15,0,0,0,13,26,0,0,29,3,0,13,11,0,5,2,1,2,5,7,1,22,6,0,18,2,6,2,0,1,7,0,16,1,2,7,1,43,9,2,0,9,0,16,8,0,15,4,6,0,7,19,0,2,1,1,41,0,6,14,0,5,4,19,9,0,11,7,10,10,2,2,14,2,15,1,0,3,2,13,6,0,26,7,0
8,5,17,2,8,1,12,0,4,5,9,3,6,7,5,2,10,8,17,1,0,5,7,0,25,13,1,3,4,15,3,17,11,11,15,21,4,6,4,6,11,9,4,2,2,12,1,5,16,21,8,2,5,3,19,7,20,6,6,11,23,3,6,5,19,5,47,10,2,14,13,0,5,1,6,5,2,1,16,19,9,11,28,3,6,0,25,23,11,13,4,11,1,2,1,18,3,6,7,6,2,6,7,4,11,28,7,9,2,3,6,16,2,1,4,3,6,13,13,5,8,14,1,3,4,13,6,8,6,5,2,7,0,2,22,0,4,11,7,13,1,41,6,19,13,13,6,11,0,6,5,9
0,22,0,0,0,0,0,5,0,4,1,22,1,8,10,0,15,7,3,15,8,5,9,3,4,14,2,0,9,1,0,2,17,0,0,16,4,10,11,21,4,7,1,1,2,13,11,4,16,14,2,0,0,14,2,2,2,18,18,0,26,49,8,2,26,7,0,20,1,0,26,5,0,3,1,23,14,1,7,1,1,6,14,3,3,2,12,2,21,11,3,14,5,6,6,5,0,3,1,28,0,1,16,0,10,18,7,1,13,1,6,8,2,17,18,7,0,14,4,0,6,0,8,16,5,4,5,0,9,8,32,19,0,3,13,9,4,3,5,18,0,6,5,5,23,9,30,0,3,37,9,0
2,2,10,0,1,15,12,2,4,1,2,2,6,32,11,0,16,0,3,0,2,6,0,3,1,2,11,3,4,7,12,4,2,25,16,1,2,1,4,9,5,1,0,14,0,8,2,1,13,3,7,11,2,4,28,2,23,0,2,15,3,6,16,2,8,0,5,4,4,4,0,1,3,0,4,8,8,5,0,2,1,5,3,11,0,0,0,39,3,9,18,0,1,9,8,5,8,10,22,20,6,0,0,13,3,3,14,6,0,0,5,0,0,1,4,13,4,0,0,2,5,0,26,0,28,7,0,15,0,9,2,1,0,10,2,1,0,39,7,1,0,1,8,14,0,12,1,13,0,9,2,5
2,0,11,11,1,10,22,6,10,3,20,1,0,7,5,7,0,1,5,2,0,0,0,7,9,0,6,10,0,27,4,3,0,9,7,0,0,0,8,1,17,1,6,1,25,1,3,4,9,2,3,5,13,0,3,0,3,0,1,7,3,0,4,7,0,0,1,2,15,2,0,6,1,4,0,0,0,9,1,0,18,0,6,16,6,0,0,1,0,3,2,0,7,2,24,5,8,5,13,0,4,5,0,13,0,2,0,0,0,3,0,0,12,0,1,0,21,2,0,27,12,1,1,0,9,2,2,1,0,0,1,0,0,2,0,0,0,3,9,0,0,0,15,2,2,0,0,10,8,4,0,3
4,12,12,8,4,2,3,0,2,0,1,23,28,3,15,0,6,35,0,14,4,12,0,1,6,81,0,0,2,1,2,9,7,4,2,7,36,8,2,14,5,30,0,2,4,3,20,7,10,34,4,2,1,9,1,50,6,84,14,0,10,25,1,5,18,39,1,20,5,1,29,5,23,8,0,0,10,1,11,8,1,13,20,1,1,151,11,4,17,10,0,21,4,30,0,5,3,0,2,7,2,3,4,0,31,30,1,2,29,1,25,45,0,5,7,5,0,6,71,1,3,1,1,74,3,45,3,0,29,4,49,0,57,8,3,5,28,4,7,42,72,18,3,1,30,10,13,3,2,36,4,0
0,6,0,0,0,1,0,2,1,5,0,6,0,2,7,4,4,2,1,4,15,0,5,1,0,1,2,3,3,2,3,1,10,0,2,0,0,4,6,14,0,5,0,2,1,3,6,4,2,4,2,2,0,6,1,1,1,12,1,0,2,5,7,0,5,3,1,22,1,2,3,2,14,8,0,10,0,1,0,25,1,4,12,2,5,3,1,4,6,9,1,14,6,3,0,0,1,5,4,10,1,8,20,1,4,1,4,4,5,1,1,3,5,10,7,17,0,4,3,1,1,0,5,1,5,1,5,0,0,11,6,12,0,12,6,10,3,1,2,8,0,3,0,0,3,7,8,6,18,21,1,0
5,0,4,8,0,14,25,5,16,4,7,0,0,8,0,8,1,0,15,0,1,4,1,4,2,0,22,7,1,16,2,3,0,0,11,0,0,0,1,0,0,2,12,1,14,2,0,4,3,0,2,7,13,1,11,0,6,0,0,2,0,2,2,2,4,0,0,0,7,4,0,1,1,5,9,1,1,0,0,0,3,2,1,9,14,0,0,4,2,6,9,0,0,0,3,7,13,0,0,3,7,3,7,18,1,0,5,1,1,11,0,0,7,0,1,3,2,0,1,21,13,3,1,0,1,0,0,25,0,3,0,0,0,2,0,0,1,1,9,1,0,0,4,5,0,0,0,30,2,2,0,4
0,5,2,0,0,0,0,0,0,0,0,8,13,0,5,0,5,24,0,0,0,0,9,0,0,33,0,0,0,0,0,5,0,0,0,2,19,3,0,1,0,15,0,0,0,0,0,8,10,28,1,0,0,1,0,20,0,40,1,0,3,0,0,0,3,25,0,3,0,1,13,16,7,0,1,11,0,0,0,1,0,0,15,0,0,17,3,2,11,1,0,19,0,11,0,2,0,1,0,0,0,2,3,0,10,14,0,0,3,0,18,11,0,0,1,0,0,11,35,0,0,0,0,34,0,59,0,0,17,2,12,1,12,0,2,3,6,0,0,4,8,20,0,1,7,1,0,0,0,13,0,0
0,12,2,6,0,0,7,0,2,4,0,7,11,4,3,1,6,3,7,2,4,7,7,1,2,1,0,0,3,11,1,1,10,0,0,2,0,2,5,7,2,3,2,1,4,1,6,4,11,2,8,1,0,3,1,1,3,3,4,7,4,9,8,0,8,3,0,6,1,0,11,19,1,2,0,8,25,0,1,0,0,7,0,0,9,1,1,0,9,17,2,4,2,2,0,3,0,3,11,23,4,1,5,2,6,1,10,3,4,0,3,2,0,4,4,7,0,8,4,3,5,0,3,3,2,0,3,3,0,9,6,6,0,8,24,6,1,1,4,12,0,2,0,3,1,7,16,1,2,11,5,2
18,0,19,9,11,28,11,20,1,12,4,0,4,0,1,0,1,2,27,0,0,9,0,2,7,2,0,10,0,7,0,5,0,49,11,2,4,0,0,2,19,2,12,1,4,5,1,2,15,1,12,6,23,0,17,3,6,1,1,22,6,0,15,12,18,1,8,0,22,12,0,9,1,1,18,1,1,3,0,0,0,5,4,6,10,0,7,1,4,0,6,1,14,2,3,25,13,10,12,0,11,8,0,0,0,3,0,0,0,4,0,2,4,0,3,2,41,4,4,5,16,2,4,0,30,4,4,18,0,0,1,3,0,1,19,0,2,10,0,1,0,11,4,29,0,0,2,22,1,5,1,9
0,2,8,7,0,7,0,3,4,3,2,2,0,7,3,4,9,1,2,3,1,3,4,0,11,0,0,1,1,5,6,0,9,1,1,2,1,18,11,11,1,1,5,3,2,8,7,3,4,7,5,0,6,7,5,0,4,1,9,16,1,7,19,3,7,1,1,4,2,5,5,11,6,5,0,13,4,2,0,7,5,0,7,7,7,0,9,3,2,8,1,0,3,0,2,8,3,3,3,26,2,15,5,0,8,2,17,2,6,3,3,2,1,4,4,4,0,5,1,1,8,6,3,7,2,0,8,6,0,24,1,11,0,13,2,10,0,2,6,13,0,0,2,9,6,2,3,2,2,11,3,2
3,3,7,2,3,2,4,3,1,12,4,11,20,5,16,2,3,22,4,2,2,0,14,3,3,3,5,2,0,2,3,34,7,0,4,17,13,5,1,10,6,19,4,5,1,56,4,30,15,27,4,0,4,4,0,19,9,32,3,1,21,25,3,17,16,18,7,4,9,4,2,28,14,3,6,20,12,1,15,0,4,7,0,2,7,11,31,21,8,7,2,29,25,18,0,18,0,5,4,9,4,17,3,1,14,57,1,6,1,1,12,12,2,0,5,3,11,20,13,0,5,2,1,28,0,14,30,8,15,4,34,4,9,6,21,0,22,6,1,26,3,22,0,18,40,15,2,9,6,39,0,1
12,0,0,2,7,11,27,6,10,2,12,0,4,1,1,17,2,1,25,0,0,2,0,5,3,0,2,11,1,17,0,8,1,6,20,3,2,0,11,2,2,0,19,9,13,10,3,0,14,0,10,28,9,2,1,1,20,3,8,24,2,1,2,3,7,0,4,0,9,21,1,3,3,11,16,1,2,9,0,0,6,7,2,0,7,1,1,1,1,3,4,0,0,0,3,2,2,0,8,3,12,6,0,13,0,1,4,1,1,2,0,0,24,0,2,2,5,1,0,2,5,6,21,2,22,3,0,0,1,0,1,1,0,4,3,1,0,9,3,0,0,1,15,2,6,2,0,19,1,5,2,13
2,5,1,34,0,5,2,7,1,4,5,0,0,8,4,14,4,5,26,0,3,7,4,11,1,0,3,9,11,9,14,5,8,2,3,4,0,6,18,12,0,2,11,1,3,3,3,12,5,0,16,24,11,15,8,4,17,1,2,0,1,2,10,2,3,3,3,4,7,3,2,6,3,0,6,1,5,14,0,9,10,7,7,7,0,0,3,4,4,7,18,1,11,4,7,8,19,2,20,31,7,12,13,13,6,1,2,14,2,13,0,3,7,2,2,10,7,0,0,10,14,0,5,7,5,2,15,2,1,6,0,12,0,13,13,2,3,15,7,4,0,0,4,0,2,10,2,9,20,5,2,3
0,2,1,0,1,0,0,3,0,6,0,5,25,2,5,0,2,32,0,3,0,0,0,0,0,54,0,1,1,0,0,0,0,0,0,0,46,2,0,6,0,11,0,0,0,0,0,4,2,12,0,0,0,1,0,27,0,26,0,0,0,1,0,0,1,16,0,0,0,0,5,0,2,0,0,151,3,0,17,1,0,0,11,1,0,0,0,2,8,0,0,20,2,9,0,0,2,2,0,2,2,1,6,0,1,0,0,0,0,0,20,11,0,0,0,1,1,0,24,0,0,0,0,13,0,45,0,3,20,0,2,0,54,2,2,1,5,4,2,3,69,7,0,6,0,1,0,0,0,5,2,0
0,7,1,0,0,0,0,1,0,3,5,13,8,4,6,1,4,16,0,1,0,0,8,0,12,19,0,0,0,2,1,21,6,0,3,13,19,4,4,2,2,24,0,0,0,4,4,10,8,25,0,0,1,7,0,10,8,19,2,0,36,19,0,1,24,35,18,5,0,1,7,25,12,0,0,11,1,0,3,1,7,9,31,1,3,0,0,5,23,0,1,23,7,24,2,6,0,1,1,12,0,4,6,4,11,41,7,0,17,0,14,22,1,4,2,7,1,15,17,0,5,0,3,6,0,12,16,1,26,3,5,5,0,7,16,2,28,4,7,10,0,14,15,6,16,6,0,6,7,12,5,0
0,3,18,0,1,4,1,3,2,5,1,8,0,24,9,0,6,3,10,7,4,0,5,3,3,4,2,2,1,0,8,14,4,1,6,17,1,0,5,3,0,3,1,5,0,12,2,14,18,12,1,0,1,5,0,2,0,3,1,0,0,4,22,1,5,3,9,10,2,1,1,23,2,39,1,4,4,4,2,0,1,3,21,1,4,2,5,0,4,2,6,4,6,16,1,6,8,14,7,16,2,11,8,0,13,4,9,2,7,0,1,4,0,1,3,1,0,18,5,1,4,0,8,0,4,1,3,6,4,3,14,0,0,4,17,4,4,9,7,2,0,10,0,13,7,18,4,2,0,13,4,4
0,8,2,0,0,0,0,1,0,0,0,8,0,7,6,5,13,9,5,7,4,11,21,1,7,13,2,2,8,5,0,11,10,0,1,4,5,18,3,8,0,7,0,3,2,3,5,10,5,14,2,1,0,9,0,16,1,9,3,0,20,17,5,1,9,12,4,10,0,1,22,11,21,3,0,17,6,2,11,9,4,2,8,1,4,8,23,4,0,8,3,7,4,10,1,4,1,5,8,15,0,1,16,0,34,5,14,2,12,2,9,8,0,5,9,5,3,9,21,0,6,0,1,13,11,16,7,2,7,14,9,2,0,4,4,12,23,5,2,27,0,7,2,2,12,7,11,6,4,34,14,0
0,9,24,3,0,1,2,6,6,6,0,3,0,7,0,2,2,0,10,7,6,7,6,3,17,0,20,3,7,20,20,0,2,1,11,14,0,7,12,19,2,3,0,2,8,0,15,3,19,0,5,0,4,4,2,0,12,8,11,1,2,6,53,2,6,14,0,16,0,4,6,13,11,9,3,10,9,6,1,17,0,8,7,3,7,0,0,2,8,0,7,1,9,2,1,1,5,7,8,20,0,2,6,17,10,4,29,1,9,3,2,7,6,8,3,22,0,21,3,1,12,0,5,3,18,1,10,18,0,8,2,9,0,9,7,14,3,9,12,17,0,1,1,1,0,15,11,0,7,20,3,1
5,0,6,18,0,2,0,6,9,8,1,1,2,18,3,10,2,0,11,1,1,1,0,9,0,0,17,19,1,6,13,0,3,3,5,2,0,1,6,6,5,1,5,19,0,0,2,0,1,0,8,1,9,2,17,0,3,0,0,8,2,2,4,8,2,1,0,0,15,3,0,4,3,18,2,0,1,9,0,2,6,1,2,4,18,0,1,6,3,7,0,3,5,0,0,20,11,6,7,6,4,6,0,21,0,6,11,0,2,2,0,0,22,0,3,3,0,0,0,6,7,0,13,0,22,0,2,2,0,0,0,1,0,2,7,2,2,5,15,4,0,0,0,0,3,3,1,9,6,5,0,11
0,1,2,0,0,1,0,1,0,6,2,15,23,1,16,0,4,19,2,1,0,3,6,0,3,36,0,0,2,2,0,3,3,0,1,5,18,5,1,5,0,15,0,0,3,15,7,12,4,21,2,1,0,14,3,21,0,18,6,0,33,5,3,4,26,36,2,3,0,3,18,11,14,0,0,21,14,0,19,4,1,0,29,0,1,20,23,4,7,1,3,0,5,13,0,7,0,3,1,2,1,2,3,1,14,20,1,1,9,0,13,4,1,2,1,4,0,17,27,0,1,0,0,23,1,15,3,0,10,1,8,2,29,3,5,4,11,4,1,11,43,12,0,4,25,2,1,2,1,16,2,1
3,5,8,11,4,4,4,17,0,15,1,3,2,2,8,12,4,2,4,2,13,1,7,3,13,1,10,2,22,18,17,0,3,1,5,12,0,2,9,3,2,12,9,23,3,11,4,4,2,4,5,1,6,4,8,2,6,3,3,0,1,6,18,3,4,1,0,7,10,3,2,1,5,1,7,4,6,0,0,2,14,3,25,0,11,2,7,6,4,9,5,5,0,2,5,10,9,2,3,9,3,3,5,18,2,14,17,3,0,0,0,0,8,1,8,19,0,6,5,0,0,0,10,2,1,4,12,6,2,6,5,7,0,8,5,3,2,17,4,4,0,6,1,2,16,5,2,2,4,15,4,11
0,1,1,0,2,0,0,1,0,4,0,2,9,3,6,0,9,6,0,8,0,0,7,0,4,13,0,0,0,1,0,7,5,0,0,19,9,1,0,5,1,5,0,0,0,3,4,16,9,13,2,1,0,0,0,9,2,27,0,0,11,12,0,0,15,47,1,5,0,0,6,2,6,9,2,30,3,0,11,2,2,0,18,0,4,9,24,16,10,2,0,13,2,0,2,14,0,5,2,1,1,5,1,0,18,22,2,1,4,1,7,7,2,1,3,1,4,12,8,0,1,0,1,5,2,23,2,0,4,1,16,1,1,4,3,0,23,1,2,12,5,13,2,6,3,10,4,1,0,11,0,1
0,1,0,10,0,14,17,4,19,7,15,0,0,4,1,4,1,0,14,4,2,3,3,17,2,0,7,5,1,11,6,0,1,3,13,0,0,1,5,5,2,0,4,6,4,0,3,2,1,0,4,0,3,7,8,1,5,0,1,0,1,3,18,0,8,0,0,3,2,0,2,1,6,8,24,0,0,3,0,0,3,2,0,3,7,0,2,1,1,1,0,0,5,2,0,1,2,4,1,6,11,0,4,15,0,2,8,1,1,4,1,4,10,0,0,0,0,0,1,4,12,0,5,0,0,1,3,1,0,2,0,2,0,7,2,3,2,4,0,2,0,0,0,0,1,1,1,2,5,3,1,14
11,0,0,8,0,18,0,7,2,7,11,9,0,0,13,3,1,4,19,0,0,0,5,6,2,1,2,14,8,5,0,5,3,0,8,6,13,0,7,4,2,3,11,3,3,17,9,2,7,1,10,1,8,5,0,3,16,6,3,0,12,2,3,6,9,1,4,1,15,15,0,18,5,5,5,5,0,7,2,3,25,8,18,2,8,0,6,6,4,1,20,7,10,14,1,0,0,0,5,2,10,25,1,11,2,10,4,9,1,21,9,7,17,0,6,2,8,8,7,9,17,0,4,1,4,1,2,14,1,3,4,3,0,9,23,0,16,21,4,5,0,6,0,19,8,4,8,43,11,16,0,7
1,0,28,0,0,6,8,10,8,8,0,0,0,6,0,4,2,0,5,3,1,6,2,11,2,1,11,10,0,8,14,0,1,3,3,0,0,0,6,8,0,1,0,5,2,0,3,0,2,0,0,0,6,8,2,0,1,0,1,6,1,1,12,9,6,0,5,2,0,8,1,3,0,8,8,3,1,13,0,0,13,3,0,2,19,2,0,8,1,5,11,0,9,0,2,0,0,10,1,13,15,1,1,22,2,3,2,0,0,1,0,0,3,0,2,2,7,0,0,5,4,3,2,2,15,1,3,2,0,0,3,2,0,1,1,0,0,1,8,0,0,0,13,1,0,1,2,3,5,16,1,1
0,0,8,3,4,4,1,1,0,21,2,4,1,10,9,3,1,1,3,1,2,1,13,2,6,0,0,0,1,5,0,2,2,3,3,1,4,2,5,10,0,3,0,2,0,3,3,15,8,7,5,0,2,4,0,1,5,0,3,0,1,1,17,0,18,3,10,5,7,4,7,6,3,10,5,0,5,0,1,3,10,3,5,0,2,2,1,14,5,7,6,3,2,5,4,0,10,0,5,6,11,1,8,0,1,6,11,1,1,5,6,1,1,0,1,15,8,11,0,1,5,0,3,2,4,1,16,7,3,8,3,5,0,1,11,4,1,2,2,4,0,1,6,8,4,8,5,1,8,18,1,1
0,0,1,21,0,1,3,1,11,0,3,3,6,17,18,12,3,3,12,2,0,0,5,5,11,0,0,8,5,14,9,0,3,0,6,3,0,3,11,8,7,3,2,6,6,15,3,19,11,0,32,13,2,1,0,2,3,1,2,8,2,1,10,10,8,2,0,5,7,22,0,7,1,22,13,2,4,0,0,11,12,3,4,8,20,0,1,7,8,8,7,1,3,2,1,5,1,5,0,7,8,14,7,5,1,3,8,10,0,20,3,0,25,3,6,6,4,10,3,13,10,2,5,1,5,4,11,2,0,2,6,6,0,4,12,6,0,4,7,6,0,1,1,3,3,5,2,11,8,11,1,9
0,24,0,3,0,2,3,7,8,13,8,4,1,38,4,4,35,2,20,34,17,13,10,1,21,7,27,13,12,51,6,2,62,0,16,2,1,22,54,22,0,3,0,3,3,3,15,2,21,2,4,15,9,25,2,1,40,4,8,0,4,31,11,0,12,1,0,25,1,0,16,6,28,20,0,7,10,3,0,23,0,26,9,3,31,2,12,16,15,20,6,2,9,1,6,2,13,6,7,0,16,7,46,1,18,2,49,15,21,7,1,10,2,11,12,7,0,8,1,2,14,0,13,12,7,2,3,0,0,19,7,54,0,28,10,20,3,4,29,23,0,1,0,0,22,10,36,1,7,17,12,0
4,2,7,7,2,15,5,0,5,3,2,2,1,4,3,8,1,1,7,3,5,4,4,23,3,0,8,8,1,17,2,4,4,5,16,1,0,4,12,3,10,0,2,2,3,0,1,1,3,0,1,10,8,8,11,0,12,1,9,21,3,0,6,4,3,0,0,5,1,19,1,2,0,6,4,2,1,7,0,4,11,2,4,12,7,2,0,2,0,0,4,1,3,1,11,10,15,11,8,16,0,3,7,9,0,0,21,13,1,9,0,0,5,1,3,9,3,6,0,11,7,3,8,0,5,2,0,19,0,13,2,2,0,2,9,2,0,10,3,1,0,0,3,11,1,5,6,13,0,8,1,11
3,1,4,4,9,14,14,11,0,7,15,5,0,4,20,4,1,20,4,2,2,5,6,10,8,9,1,19,2,10,2,43,4,2,4,6,0,1,6,4,29,3,17,10,1,7,0,23,8,3,16,14,9,2,7,0,2,3,2,3,1,4,12,3,17,2,4,2,10,11,2,6,1,0,5,3,8,3,2,1,8,15,17,6,12,1,4,11,1,2,6,2,3,5,0,25,1,1,14,7,3,0,3,8,0,5,2,4,1,3,1,3,12,3,6,13,16,4,9,2,9,9,11,3,5,0,4,4,0,4,5,4,0,8,24,0,4,10,3,3,0,10,2,29,3,16,3,21,1,7,3,1
0,11,0,4,1,0,0,0,0,1,1,4,0,14,3,2,19,4,1,5,5,4,3,1,8,2,1,2,10,4,8,1,25,0,1,8,0,14,9,11,0,1,0,0,2,6,21,5,13,2,9,0,0,12,2,3,4,6,6,0,4,12,3,0,10,1,0,7,0,3,7,7,16,0,0,4,20,7,3,5,0,5,3,0,13,6,6,8,16,6,0,3,5,1,4,1,1,8,7,46,7,3,0,0,2,0,15,2,12,2,4,3,6,6,9,18,0,3,0,0,7,0,0,10,1,1,6,2,0,24,4,14,0,4,3,14,3,1,6,23,0,2,0,1,3,16,17,1,10,9,2,0
0,7,8,18,0,3,3,2,5,5,8,2,0,3,2,6,0,0,2,0,0,4,0,9,1,0,8,5,0,19,3,4,0,0,22,1,0,3,3,2,0,1,6,2,0,6,8,10,0,1,8,2,2,2,5,0,2,0,0,1,3,2,6,6,4,1,1,5,25,7,1,4,0,13,13,0,1,18,0,2,0,0,1,13,13,0,4,0,0,17,21,1,18,0,15,11,22,0,5,1,9,8,0,0,1,0,21,1,0,2,0,1,11,0,1,9,17,3,1,0,9,0,1,4,6,1,0,14,0,1,2,2,0,3,11,0,1,21,5,5,0,0,9,1,0,6,0,0,5,3,2,15
0,8,3,2,2,2,0,1,0,2,3,12,10,13,14,1,7,8,1,9,2,1,4,0,3,10,1,0,4,0,6,1,6,0,2,2,12,9,0,6,0,16,0,5,1,2,7,19,3,14,3,1,0,9,1,21,0,30,7,0,18,14,0,0,24,15,6,8,1,0,43,11,10,3,0,31,4,1,10,6,0,8,14,0,6,1,11,13,34,10,0,14,2,18,0,2,2,1,1,18,0,0,2,1,0,20,5,0,7,1,3,5,1,3,2,3,0,5,16,0,7,0,0,29,2,8,6,1,10,4,27,3,0,3,3,5,28,0,2,20,1,14,2,1,8,8,7,2,1,23,8,0
0,1,4,3,4,8,1,15,0,0,0,29,17,13,15,0,2,9,1,7,2,1,6,0,6,17,0,1,6,2,0,18,0,0,0,20,19,0,0,6,1,26,0,3,1,7,0,17,14,24,4,0,1,1,1,8,5,9,3,0,58,22,0,5,25,26,21,0,7,3,9,28,18,3,2,30,1,0,14,1,3,2,57,1,1,0,41,4,5,4,6,20,14,22,2,10,3,6,3,2,0,5,0,0,20,0,1,0,4,1,12,15,2,2,14,2,3,19,61,0,0,0,1,17,0,34,10,2,21,0,25,4,0,1,19,0,46,2,0,28,2,39,8,27,2,7,4,2,3,17,1,0
0,3,3,8,0,2,2,6,5,9,0,5,0,9,1,2,11,0,5,7,5,7,10,13,9,6,6,6,2,10,13,2,9,2,15,2,1,5,20,30,4,3,0,9,3,5,11,2,10,0,15,0,2,12,7,1,6,0,18,0,1,10,28,3,2,0,0,9,6,2,2,7,7,14,0,1,4,5,0,10,0,17,1,4,2,0,7,9,14,29,11,1,17,2,8,4,2,11,8,49,21,2,15,21,5,1,0,13,3,10,0,2,9,4,1,29,0,3,0,2,5,4,4,2,14,1,5,7,0,18,5,23,0,18,13,8,1,25,21,6,0,0,1,0,5,12,6,8,21,15,4,4
0,0,1,2,2,2,1,0,9,2,0,2,0,3,3,14,3,0,7,1,2,2,2,4,5,0,8,7,0,11,2,0,3,0,9,7,1,2,2,9,0,0,3,7,0,2,8,7,1,1,6,0,0,3,6,2,1,1,0,0,2,3,21,0,2,0,0,0,2,2,0,9,1,6,0,2,4,1,0,3,0,2,6,1,14,0,0,2,2,1,0,1,3,1,1,9,0,1,10,15,13,4,2,1,0,0,13,0,0,7,1,2,4,1,3,13,0,1,0,3,4,0,7,1,5,3,1,1,0,8,0,0,0,10,12,1,0,1,6,3,0,0,0,2,7,3,4,1,11,7,1,6
0,8,0,0,3,0,0,3,3,0,0,5,2,7,1,0,10,4,0,30,2,1,1,0,1,4,2,0,3,1,0,2,9,0,0,0,1,13,2,4,0,4,0,0,1,0,10,5,3,10,0,0,0,9,0,4,2,7,4,0,2,10,4,0,15,4,4,10,0,0,9,2,13,0,0,29,5,1,3,4,0,6,1,1,2,0,17,7,12,9,2,9,0,4,1,1,0,1,0,21,1,1,12,0,7,4,3,0,0,0,4,1,0,2,6,3,0,7,11,0,8,0,2,14,0,3,4,1,4,4,3,8,0,1,0,5,7,1,2,16,0,8,1,0,9,10,7,0,0,1,7,0
5,2,6,9,9,9,7,8,11,3,5,2,0,8,1,6,6,2,7,1,0,1,3,7,12,0,7,28,1,15,5,12,0,9,18,0,0,1,3,6,8,0,20,2,5,2,7,4,9,1,7,10,7,1,8,0,8,0,0,30,0,3,5,2,5,0,0,0,7,8,0,3,1,0,3,1,1,11,0,0,4,3,1,2,13,0,0,0,2,3,2,0,0,1,4,21,1,5,20,7,9,3,2,2,1,1,10,7,0,0,0,3,7,0,2,5,1,1,0,7,10,3,0,0,16,0,1,20,0,7,0,2,0,3,5,0,1,8,0,5,0,4,30,12,0,6,0,19,13,9,2,16
0,2,2,0,0,0,0,3,0,1,0,16,4,1,4,0,1,8,3,4,1,0,2,0,1,18,0,0,0,0,1,1,0,0,1,3,5,2,0,3,1,12,0,0,0,10,0,21,0,24,6,0,0,8,1,8,0,34,2,0,18,11,1,3,14,21,3,4,0,0,16,6,6,5,0,25,1,0,18,3,0,3,12,0,0,20,14,1,9,2,0,13,0,7,1,9,0,6,3,1,0,1,4,0,3,12,0,1,4,0,0,26,1,4,4,0,0,13,16,0,0,0,0,6,0,12,3,0,6,3,14,6,24,5,8,4,11,1,0,6,15,14,1,4,13,2,8,0,0,13,1,0
0,2,1,1,0,2,0,1,1,0,0,18,22,4,12,0,3,5,3,8,2,7,0,4,0,20,1,0,2,1,2,3,5,0,0,5,11,5,8,6,2,17,0,1,0,5,0,11,1,6,2,2,1,7,0,29,4,19,2,0,11,5,4,1,6,17,9,2,4,1,8,16,8,0,0,45,3,0,11,2,2,2,12,0,3,11,22,4,8,7,0,4,0,7,4,7,0,1,0,10,0,3,3,1,5,15,2,2,1,3,26,0,0,0,5,10,1,9,10,0,0,0,0,8,0,7,8,0,7,3,6,1,17,0,7,1,14,1,1,15,42,3,0,1,3,0,2,4,5,19,5,0
2,2,0,12,0,23,4,8,4,18,40,2,0,5,5,19,8,3,27,0,0,6,13,16,28,1,3,5,1,2,12,9,3,0,13,1,0,1,7,10,10,2,18,2,6,6,9,6,8,1,26,10,11,6,17,0,16,0,8,4,0,3,0,2,4,2,1,4,7,19,0,2,2,0,12,0,5,7,0,0,4,1,2,24,7,0,1,0,0,6,22,1,8,2,10,17,3,1,25,2,5,12,6,11,1,2,9,4,0,7,1,0,0,0,0,12,2,2,0,3,13,0,8,0,4,0,2,14,0,6,1,7,0,3,8,3,0,5,1,1,0,5,6,3,2,0,11,9,12,8,2,3
0,7,1,1,0,0,0,0,0,4,0,1,1,1,7,0,6,3,1,7,2,1,6,6,3,2,1,0,3,0,0,1,4,0,0,0,1,6,8,12,0,4,0,0,2,18,2,1,2,6,4,1,0,5,0,0,0,3,6,0,1,5,4,0,10,2,2,15,0,1,15,1,17,1,0,5,10,0,0,4,0,4,0,0,2,0,4,1,5,8,0,2,1,1,0,0,0,0,3,11,1,3,6,0,3,2,4,1,2,0,4,0,0,0,0,2,0,1,0,0,0,0,0,4,2,5,6,0,1,4,5,1,0,5,4,9,2,0,6,7,0,0,0,0,5,1,19,0,3,10,2,0
2,8,1,3,2,0,3,1,1,5,1,5,2,5,5,0,4,0,4,5,6,3,0,1,1,0,1,0,3,1,11,3,18,1,0,8,1,9,10,4,2,4,0,0,7,10,2,5,10,1,6,6,1,12,4,2,1,5,20,0,1,9,4,0,8,3,0,7,4,5,4,4,18,4,1,7,7,1,1,4,3,4,5,2,2,0,2,3,9,3,3,1,8,3,0,6,2,1,6,12,3,6,9,1,2,14,1,3,6,2,4,5,0,0,0,6,1,6,3,0,2,0,1,3,9,0,1,3,11,12,10,10,0,2,6,3,2,10,6,3,0,2,1,3,11,5,1,3,0,19,6,0
0,5,0,1,3,4,1,7,0,3,0,1,0,13,7,2,3,1,4,6,2,6,6,24,12,0,10,2,1,8,14,1,1,0,5,3,0,0,21,11,0,2,0,6,2,3,5,18,9,3,15,0,44,7,11,0,16,4,1,0,3,7,25,4,2,2,3,6,1,17,6,3,7,13,0,5,17,3,0,7,2,4,3,2,10,1,7,1,5,22,3,4,19,1,0,2,2,15,6,7,9,13,18,9,3,2,29,13,3,5,0,10,12,2,6,0,0,7,1,0,5,0,11,0,8,7,16,3,4,17,6,5,0,18,11,7,3,11,14,14,0,7,1,2,5,16,5,0,10,7,7,3
8,0,5,8,0,24,8,3,0,2,15,0,0,9,3,9,1,0,9,0,0,7,2,0,0,0,0,1,0,3,0,5,0,27,0,0,0,0,0,0,2,1,37,5,4,1,0,1,6,2,11,17,16,0,1,0,16,0,0,28,0,0,2,1,7,0,14,0,7,7,0,6,0,4,21,0,0,2,0,0,41,0,11,5,7,1,1,0,3,0,0,0,0,4,0,8,7,8,4,0,3,16,0,17,0,3,0,0,0,1,0,1,2,0,1,0,0,1,3,6,12,2,0,0,5,2,0,0,0,0,2,0,0,4,10,0,0,7,4,0,0,14,26,12,1,0,0,9,11,6,0,12
0,0,0,1,0,0,0,2,1,1,4,16,3,0,14,0,8,14,0,5,3,6,3,0,8,8,2,2,1,5,11,2,3,0,0,11,7,6,9,6,0,2,0,2,1,8,5,4,9,17,0,0,0,6,1,12,6,22,5,0,19,4,11,0,14,9,1,11,4,1,7,13,14,0,2,6,4,0,11,8,4,5,20,1,0,0,15,18,9,21,0,17,6,12,0,8,0,11,10,8,6,4,3,3,5,19,3,1,7,1,13,9,2,1,6,7,1,0,16,0,7,0,0,13,0,7,8,1,4,11,14,14,0,16,11,1,15,3,3,14,0,2,4,2,20,3,3,3,4,19,12,2
0,0,0,0,0,0,1,2,1,1,3,20,35,0,17,0,3,6,2,3,0,0,5,0,2,42,0,2,0,0,0,8,0,0,0,11,43,0,1,0,1,38,0,1,0,15,2,19,5,30,1,2,0,1,0,28,3,30,2,0,33,12,1,0,13,29,8,4,1,1,19,13,4,0,0,71,3,1,35,4,4,1,13,0,0,24,17,5,21,3,0,27,5,8,1,7,0,0,3,1,0,9,0,1,16,61,0,0,11,0,16,10,0,0,3,1,3,16,0,0,0,0,2,19,1,50,7,1,22,2,20,4,32,1,9,1,29,2,0,11,31,26,3,2,29,3,0,5,2,9,4,0
2,0,15,15,3,23,2,1,19,3,9,0,0,6,0,2,2,0,12,0,0,0,0,4,2,0,2,1,2,3,0,3,1,7,8,0,0,0,5,3,0,0,3,13,13,1,1,2,5,0,0,33,6,4,8,0,3,0,3,20,0,0,7,6,0,0,1,1,22,8,0,5,0,2,27,1,1,21,0,3,5,1,0,2,10,0,0,1,0,1,6,0,0,0,4,9,5,1,13,2,11,2,0,0,0,0,2,3,0,7,0,0,3,0,0,0,6,0,0,0,3,2,0,0,14,1,0,5,0,1,0,1,0,5,0,0,0,5,3,0,0,2,10,4,0,2,2,12,4,13,3,32
2,0,6,14,0,9,20,9,0,16,21,1,0,5,4,12,4,1,28,3,6,6,13,9,10,5,7,5,7,4,7,4,6,13,2,1,6,7,9,16,0,0,7,9,4,1,6,6,10,2,13,14,22,1,19,1,9,2,10,5,0,4,19,4,1,3,4,7,11,6,2,8,6,5,12,3,1,13,0,5,16,8,5,5,14,0,5,4,6,12,7,1,0,1,12,17,4,5,10,14,7,9,7,9,7,0,5,4,8,10,0,0,13,0,2,5,12,7,0,3,0,0,2,4,10,1,0,13,0,3,1,3,0,5,11,1,3,3,1,6,0,0,8,2,0,0,1,26,5,3,2,9
5,0,29,2,10,3,19,4,0,4,10,0,0,0,0,0,1,0,6,1,0,5,0,0,0,0,0,1,0,3,2,2,0,12,7,0,0,0,0,0,25,0,8,1,2,0,0,0,4,0,0,5,26,1,10,0,1,0,0,54,0,0,8,23,2,0,1,1,6,34,1,14,0,0,1,1,0,3,0,0,2,6,2,6,0,0,0,0,0,0,0,0,0,0,0,0,3,0,2,0,3,9,0,0,0,0,4,0,0,3,0,0,0,0,0,0,2,0,0,2,0,0,1,0,1,0,0,8,0,0,0,2,0,0,1,0,1,3,2,0,0,0,4,10,2,1,0,11,9,4,0,13
0,7,1,4,2,9,0,6,0,1,1,2,2,18,2,2,3,0,4,1,6,4,3,7,6,0,11,10,8,6,3,0,6,0,3,1,0,6,1,7,0,1,3,13,0,0,8,0,9,0,0,12,2,9,1,1,15,0,5,0,1,4,7,2,5,1,0,1,2,4,1,1,8,26,1,1,5,1,0,3,4,3,1,21,5,0,3,8,1,5,13,0,10,1,5,4,2,3,5,13,8,11,0,1,0,1,4,7,2,0,0,0,8,0,1,11,0,0,2,0,2,1,0,0,28,3,2,2,0,17,1,7,0,7,6,2,0,2,4,0,0,3,0,0,9,1,10,0,3,7,5,1
0,10,0,1,0,1,0,0,0,1,1,18,5,2,14,0,7,11,0,11,2,3,1,0,2,12,0,1,6,1,0,2,8,0,0,7,16,2,1,5,1,14,0,0,4,1,0,10,5,31,0,0,0,6,0,13,0,37,8,0,21,19,2,0,10,32,2,11,0,0,41,3,16,0,0,74,1,0,34,3,0,7,28,2,7,13,6,0,13,3,0,23,2,5,0,1,2,2,1,12,0,3,10,4,29,17,2,1,14,0,6,8,0,4,3,0,0,13,19,0,4,0,0,0,4,16,2,0,4,13,43,8,7,1,1,9,16,1,4,20,4,24,0,0,14,4,11,0,0,14,1,0
5,1,6,0,2,9,6,1,6,7,2,2,1,12,4,3,7,3,21,1,0,10,8,11,21,0,4,0,3,8,4,6,3,11,7,6,0,3,5,6,21,1,4,2,2,0,0,1,9,1,18,21,0,4,25,0,6,0,10,22,1,6,5,1,5,2,10,8,6,13,0,4,5,28,9,3,5,1,0,2,30,2,0,22,5,0,0,4,11,18,22,1,1,2,0,4,15,4,5,7,5,5,1,6,2,0,14,5,0,16,0,0,4,2,9,8,5,0,1,14,10,1,28,4,0,2,3,10,0,6,2,7,0,3,2,4,0,19,8,3,0,1,15,2,4,8,7,12,3,12,2,10
0,0,2,0,0,0,0,4,0,6,4,11,23,1,6,4,6,36,0,10,0,4,6,0,1,44,0,0,3,1,0,5,2,0,1,4,57,2,0,3,0,31,0,0,1,4,9,14,4,35,2,0,0,1,4,34,2,28,2,0,22,12,0,0,24,29,7,15,2,0,6,13,4,7,2,45,1,0,59,0,4,0,14,3,2,45,12,1,16,1,0,15,4,23,1,1,1,1,4,2,2,0,1,1,8,34,1,3,3,0,12,7,0,5,0,7,2,7,50,1,1,0,3,16,2,0,3,0,32,4,22,7,43,2,3,0,18,1,0,21,28,8,0,7,10,0,1,0,1,28,1,1
0,0,0,3,0,0,1,6,1,6,7,3,4,3,9,4,2,3,3,2,0,8,10,3,13,4,0,2,0,1,1,5,16,0,1,6,0,1,2,2,2,8,0,0,0,5,6,21,5,8,4,1,4,1,1,0,10,4,0,0,14,14,3,1,12,2,5,11,1,1,14,6,5,0,2,3,5,0,0,3,4,8,30,0,15,0,16,3,7,10,2,3,12,2,3,2,3,16,11,3,0,4,6,0,6,10,5,1,4,1,3,8,2,6,1,16,0,8,7,0,0,0,2,2,3,3,0,4,3,4,6,15,0,12,8,5,3,2,8,8,0,3,16,2,3,17,3,1,1,17,7,1
9,0,12,11,12,6,4,0,7,4,1,0,0,2,0,7,0,1,5,1,2,5,6,11,5,2,5,16,2,14,10,5,1,10,10,0,0,3,9,5,8,0,10,6,4,2,2,2,6,2,16,0,23,3,42,2,1,1,0,2,5,0,5,11,3,4,2,2,5,25,0,8,0,15,1,0,0,25,0,3,18,6,8,0,2,3,1,6,2,18,2,0,6,0,1,14,2,7,2,0,19,4,2,14,1,2,7,1,1,20,0,0,14,0,3,3,0,1,1,5,13,8,2,0,10,0,4,0,0,1,3,2,0,1,4,0,3,4,1,0,0,1,8,34,11,3,2,17,9,14,1,3
0,0,0,0,0,0,0,1,0,0,0,12,27,0,5,0,0,19,2,0,0,1,0,0,1,10,0,0,0,1,0,3,0,1,0,8,14,1,0,0,0,27,0,0,0,1,3,15,0,9,0,2,0,4,0,18,2,8,0,0,29,10,0,1,2,2,10,1,0,1,5,6,9,0,0,29,0,0,17,0,0,0,15,1,1,20,26,4,7,0,0,10,2,4,0,1,0,3,0,0,0,0,0,0,10,21,0,0,4,0,6,7,0,1,11,4,0,4,22,0,0,0,0,4,0,32,3,0,0,1,5,2,11,2,11,0,10,0,0,4,68,14,5,1,4,0,0,1,2,7,0,0
0,6,2,8,1,2,1,2,1,6,1,1,2,7,3,7,13,1,7,7,8,11,5,2,9,2,5,2,11,6,1,2,25,4,3,2,0,17,7,21,1,7,2,7,1,6,10,7,9,13,2,3,5,23,6,5,5,6,25,13,6,19,14,0,11,1,4,8,3,2,4,5,8,9,0,4,11,3,2,9,0,24,4,0,6,0,3,3,14,8,0,1,6,1,2,3,0,8,2,19,13,4,24,1,4,0,18,8,4,7,3,3,6,4,12,17,0,11,2,1,3,0,17,13,6,4,4,1,1,0,5,13,0,3,9,7,6,4,7,12,0,0,3,0,6,3,14,0,7,19,7,5
0,6,0,3,1,3,1,0,1,2,0,9,5,4,23,1,10,9,2,8,3,1,8,0,4,25,0,0,1,3,1,10,14,0,2,10,12,2,4,8,1,17,0,2,2,12,5,15,5,31,2,1,0,8,0,21,2,18,1,0,35,14,6,0,4,15,6,5,3,0,19,2,32,2,1,49,6,0,12,6,1,1,34,1,0,2,5,14,9,2,0,8,5,16,0,4,3,3,6,7,2,5,4,2,27,25,5,0,3,0,14,6,1,5,10,6,2,14,20,0,1,0,1,43,2,22,6,3,5,5,0,6,7,6,4,1,12,3,0,29,3,22,0,3,12,3,15,2,1,23,5,0
2,4,2,3,1,0,1,9,10,10,1,3,4,4,5,3,13,1,14,13,5,7,8,2,21,3,4,3,15,3,10,4,21,1,9,3,1,14,13,13,0,3,1,0,3,14,10,9,16,6,3,2,0,9,1,2,12,2,11,2,7,18,17,2,9,0,1,11,7,2,9,7,19,1,0,0,12,0,1,6,3,11,4,1,12,0,5,0,2,9,1,2,7,1,2,3,2,5,6,54,2,4,14,2,3,4,23,0,8,2,6,1,7,1,10,5,0,14,4,1,3,2,7,8,7,7,15,2,2,13,6,0,0,15,6,9,5,5,9,4,0,5,4,1,8,14,8,4,11,16,6,0
0,0,0,0,0,0,0,0,0,0,0,2,44,0,0,0,0,30,0,0,0,0,0,0,0,61,0,0,0,0,0,0,0,0,0,0,46,0,0,0,0,20,0,0,0,0,0,0,0,7,0,0,0,0,0,31,0,43,0,0,2,0,0,0,0,12,0,0,0,0,0,0,0,0,0,57,0,0,12,0,0,0,9,0,0,54,0,0,0,0,0,29,0,1,0,0,0,0,0,0,0,0,0,0,0,0,0,0,0,0,24,17,0,0,0,0,0,0,32,0,0,0,0,7,0,43,0,0,11,0,7,0,0,0,0,0,0,0,0,0,46,0,0,0,0,0,0,0,0,6,0,0
3,4,6,1,0,1,1,9,2,2,5,1,1,5,6,2,8,2,3,16,8,5,7,2,8,1,4,13,5,12,7,8,12,0,6,7,0,8,7,10,2,4,6,3,12,3,4,1,6,0,19,1,0,2,0,0,8,2,0,2,3,9,7,4,6,0,4,17,3,9,11,2,3,10,2,8,12,2,0,8,1,13,6,4,13,2,7,4,4,9,2,3,8,4,7,9,1,1,4,28,2,8,4,3,3,1,18,10,1,3,5,0,3,5,2,18,4,16,1,5,5,0,7,1,3,2,12,1,2,3,6,15,0,0,8,7,1,18,11,7,0,9,4,6,7,9,4,3,4,15,3,6
7,10,15,18,0,24,3,31,0,11,5,15,2,7,23,5,2,3,10,0,1,37,6,1,24,17,7,6,1,12,4,37,0,0,10,5,1,5,12,4,12,6,3,7,2,11,7,10,8,18,6,1,9,0,2,2,18,4,2,6,5,11,12,8,10,4,26,6,5,12,7,22,13,2,0,3,6,0,2,24,19,2,21,3,13,2,16,17,4,7,7,5,5,3,2,23,1,11,12,10,9,24,3,11,3,19,13,12,0,5,8,7,8,4,6,11,10,11,9,0,11,1,6,1,2,3,8,4,11,9,4,6,0,8,0,1,6,9,0,12,0,9,10,24,5,14,2,23,0,10,7,12
0,5,1,0,0,0,1,0,0,2,0,2,2,1,5,0,9,3,1,5,2,1,7,2,8,2,6,1,4,3,1,2,19,0,0,3,0,3,8,8,1,4,0,0,2,6,6,2,3,0,6,0,0,4,0,0,7,4,4,0,0,3,7,0,7,0,0,12,2,0,10,0,9,1,0,5,10,0,3,6,0,10,0,1,2,1,2,4,12,14,2,4,3,0,3,0,0,4,6,20,2,0,14,0,5,0,8,1,5,0,4,1,3,9,3,7,0,1,1,0,1,0,2,9,4,0,5,0,0,7,1,9,0,7,1,0,0,1,7,4,0,0,0,0,6,8,7,2,5,11,2,0
0,1,1,2,0,0,0,0,0,3,0,12,8,4,19,3,9,18,1,5,0,6,4,0,4,26,0,1,0,2,0,7,0,0,2,9,21,3,3,1,0,20,0,3,0,8,0,12,2,23,0,3,1,3,0,23,1,20,0,0,23,5,0,0,4,36,28,3,1,4,10,4,4,0,0,28,3,1,6,1,2,0,22,0,3,5,28,4,23,3,2,11,2,23,2,16,0,1,0,3,0,4,3,1,28,46,1,0,7,1,11,14,0,2,2,3,0,15,29,0,3,1,0,16,0,18,3,3,10,6,12,5,0,1,6,0,0,2,0,16,0,20,6,3,12,6,1,5,0,18,5,0
4,3,9,5,3,6,25,4,2,14,4,2,0,3,5,3,3,6,11,0,5,7,2,13,10,0,26,3,0,5,3,6,1,6,14,7,2,0,13,8,0,0,5,9,1,21,9,0,6,0,12,1,3,4,3,0,22,0,10,12,1,0,10,13,10,2,0,2,23,2,2,11,3,39,3,4,1,1,0,1,10,2,6,9,15,4,4,9,5,9,5,4,17,1,4,21,1,2,4,4,10,10,1,21,0,2,25,1,1,8,1,1,5,0,10,11,7,3,2,5,3,3,2,1,19,1,2,4,0,4,3,5,0,18,9,1,2,0,15,0,0,2,12,3,2,6,3,2,7,16,3,9
1,3,4,7,0,2,11,2,5,6,3,1,0,4,1,17,10,2,4,3,1,4,4,16,8,0,13,14,2,8,6,0,4,0,10,0,0,5,6,4,0,1,0,6,2,0,7,4,3,1,16,8,5,2,22,1,2,0,9,26,1,3,20,4,3,2,0,8,1,5,2,7,5,7,9,7,2,9,0,4,0,6,1,3,7,2,7,7,2,12,15,1,4,2,0,4,8,2,7,29,3,3,6,5,2,0,21,6,2,0,0,1,1,6,6,14,4,3,0,3,1,2,4,4,8,0,8,1,0,7,0,9,0,11,0,7,0,15,0,3,0,0,0,4,1,12,1,5,16,6,4,10
0,7,2,8,2,1,0,6,2,9,0,27,0,7,32,1,11,13,1,16,2,6,10,0,4,4,1,0,5,3,2,9,24,0,5,3,7,16,4,8,0,18,2,0,0,3,11,13,16,9,1,1,0,11,1,8,1,19,1,0,12,27,6,0,25,10,7,19,2,4,14,13,18,1,0,42,8,1,4,12,1,13,26,0,4,3,10,2,27,17,4,11,4,12,2,5,0,4,6,23,1,3,23,5,20,28,6,3,16,5,6,15,1,7,3,14,0,14,11,0,6,0,0,20,3,21,8,0,4,12,29,4,0,7,12,4,16,0,3,0,0,9,6,0,18,14,17,0,4,27,8,0
0,0,0,0,0,0,0,0,0,0,0,2,47,0,0,0,0,47,0,0,0,0,0,0,0,35,0,0,0,0,0,0,0,0,0,0,36,0,0,0,0,15,0,0,0,0,0,0,0,15,0,0,0,0,0,80,0,22,0,0,0,0,0,0,0,16,0,0,0,0,2,1,0,0,0,72,0,0,8,0,0,0,3,0,0,69,0,0,0,0,0,43,0,5,0,0,0,0,0,0,0,0,0,0,1,2,0,0,0,0,15,42,0,0,0,0,0,0,31,0,0,0,0,4,0,28,0,0,68,0,3,0,46,0,0,0,0,0,0,0,0,0,0,0,0,0,0,0,0,3,0,0
1,2,0,1,1,2,2,5,3,3,0,27,5,10,17,0,1,12,3,1,0,0,6,0,10,13,0,1,3,1,0,41,0,0,1,22,4,3,7,8,1,14,2,6,0,13,5,13,11,18,2,2,1,0,0,17,0,14,4,0,21,9,4,2,32,27,30,3,1,2,15,41,6,1,0,18,3,0,20,2,11,0,22,1,0,7,14,10,7,1,0,12,6,13,0,6,0,1,1,1,0,10,2,0,14,39,0,0,8,4,14,3,5,0,2,7,14,2,26,2,0,0,3,24,1,8,3,1,14,0,22,5,0,9,9,0,20,2,0,9,0,0,12,31,33,3,16,9,1,22,0,0
32,0,11,1,20,10,22,14,1,9,26,2,0,1,2,3,1,2,12,0,0,16,4,4,10,0,0,11,0,20,0,11,0,27,17,0,2,1,1,11,10,6,5,0,15,1,0,7,4,7,12,12,8,0,7,2,5,4,14,8,7,2,1,14,3,0,16,0,20,21,1,6,5,8,15,3,0,4,0,0,4,2,0,15,4,0,15,0,2,1,0,0,1,2,0,0,13,6,1,0,3,2,0,9,2,8,1,0,1,30,1,0,6,0,1,1,26,4,3,10,8,4,0,0,15,0,16,8,5,3,0,4,0,4,10,0,6,12,0,6,0,12,0,20,0,4,0,29,0,9,0,1
28,0,20,9,2,6,3,27,3,10,2,10,0,9,0,0,8,3,25,0,0,7,0,8,20,8,1,25,0,11,0,12,0,8,10,8,0,0,4,5,31,2,19,8,20,9,0,17,10,16,6,2,16,0,0,0,1,1,1,0,7,0,34,16,13,4,14,0,11,6,0,19,5,14,2,1,0,5,1,3,29,9,18,2,0,6,6,13,2,1,0,4,2,6,0,19,1,8,3,0,11,29,1,1,1,27,0,2,0,12,4,1,3,0,3,2,12,2,2,4,2,10,0,0,2,7,2,34,1,0,3,1,0,6,24,0,3,3,4,0,0,31,20,0,7,15,0,20,12,4,1,2
2,10,4,1,0,2,0,0,0,2,2,19,0,1,0,1,6,25,1,7,2,1,5,1,0,20,4,0,2,3,0,14,8,2,1,25,3,8,4,6,0,20,0,1,1,4,2,4,2,11,3,1,2,5,1,26,9,39,2,0,25,25,0,7,29,16,16,4,1,3,3,13,23,0,2,30,3,0,7,1,0,6,40,6,2,0,16,7,12,0,3,25,16,3,1,8,0,4,3,22,1,3,3,0,8,2,5,7,9,0,13,3,2,5,11,5,1,20,29,0,0,2,9,14,4,10,3,11,4,6,12,8,0,7,5,6,12,2,1,18,0,33,0,7,0,7,17,1,7,13,0,1
0,4,2,3,3,2,1,9,2,3,0,6,4,8,1,1,4,3,7,4,3,10,1,2,10,12,6,0,11,5,7,6,10,0,1,8,1,3,5,5,2,10,0,9,3,7,6,17,11,13,3,4,1,9,0,0,4,2,4,0,17,10,9,2,6,7,1,7,1,1,2,13,9,12,0,10,7,0,1,7,0,2,15,2,10,1,6,18,7,15,3,2,5,10,1,4,1,8,5,10,5,16,16,6,8,7,12,3,10,6,2,0,0,1,5,16,0,3,3,2,0,1,1,4,8,0,17,3,0,3,3,14,0,9,14,8,6,6,12,14,0,3,4,15,7,0,4,2,9,26,5,2
0,45,1,3,0,1,4,0,1,1,1,3,1,2,4,3,18,4,1,11,4,8,4,0,5,0,4,4,14,4,2,3,20,0,4,10,0,9,3,11,0,1,0,1,2,1,7,0,11,1,1,0,0,7,0,2,4,7,5,0,1,79,5,0,25,5,2,24,3,3,13,6,30,1,0,13,8,0,0,16,2,3,2,0,2,0,0,4,11,11,1,1,2,4,1,8,2,5,2,36,6,3,17,0,7,4,6,4,7,0,8,2,11,19,1,5,0,3,0,2,1,0,10,11,7,1,3,2,0,14,15,8,0,4,2,7,1,3,1,17,0,16,0,0,17,4,0,1,0,23,17,1
43,0,5,4,15,8,14,10,2,8,7,3,1,0,1,2,1,1,31,0,0,8,4,2,27,0,0,17,6,19,1,39,3,24,10,1,0,0,16,5,16,7,12,22,14,0,2,13,7,1,8,26,40,2,3,0,17,0,1,8,2,1,4,19,2,1,17,2,16,28,6,11,0,13,10,3,6,30,0,1,22,2,9,19,9,0,6,2,6,0,9,2,2,1,2,43,3,1,11,1,13,21,1,0,2,2,8,1,0,19,0,4,9,0,3,0,9,3,5,12,26,11,0,0,12,0,1,17,1,0,2,4,0,3,23,2,5,2,5,0,0,9,29,20,1,2,1,0,2,15,0,11
0,2,19,17,31,1,12,11,7,2,0,2,0,16,0,5,5,0,3,3,0,0,11,6,8,0,4,13,1,7,13,0,1,14,9,0,2,1,13,12,6,3,19,5,2,6,10,1,4,6,5,5,4,4,14,0,13,1,0,20,1,2,32,5,5,0,1,1,5,4,0,0,3,0,8,2,18,2,0,2,1,2,6,1,20,0,7,0,4,7,6,1,4,0,5,11,5,8,8,7,0,1,10,5,1,3,21,11,0,13,0,5,12,3,0,10,11,4,2,4,5,9,3,0,3,1,1,9,2,7,1,11,0,4,0,5,0,7,16,4,0,1,0,12,7,9,0,2,0,13,0,4
1,10,22,2,5,8,2,20,1,10,7,33,3,4,27,4,12,10,6,12,10,19,20,3,9,10,13,3,9,11,11,11,7,9,10,11,8,9,12,13,1,16,0,16,9,9,22,16,13,9,3,5,3,4,8,13,5,11,6,23,24,24,11,5,19,40,6,12,6,15,26,6,37,9,4,36,21,2,13,11,5,11,39,5,5,5,12,13,34,20,5,16,15,11,3,16,16,18,11,17,8,7,9,3,23,17,15,7,1,9,13,19,8,10,19,7,6,19,9,13,3,4,7,14,12,28,17,14,7,19,23,16,6,15,10,11,18,16,6,27,3,22,9,4,13,26,23,15,13,0,11,4
0,25,0,0,0,0,3,3,0,1,1,2,2,8,7,2,5,0,1,5,2,1,1,0,5,7,4,0,5,1,5,0,6,0,1,2,1,0,11,6,0,1,0,0,1,9,2,0,8,0,2,1,0,6,0,3,9,5,3,0,4,15,7,0,5,7,0,19,1,1,7,5,9,2,0,4,1,0,0,5,1,3,0,2,2,2,5,4,14,3,0,2,4,0,1,0,1,1,1,12,1,3,2,2,8,1,4,1,7,2,1,5,2,2,6,7,0,12,4,3,2,0,5,1,2,1,7,1,0,7,5,6,0,3,7,2,5,3,4,8,0,0,0,1,0,5,17,0,0,11,0,1
2,0,4,22,3,0,25,1,16,3,13,1,0,1,4,9,1,1,8,0,0,7,0,5,8,0,8,7,13,13,3,3,0,21,27,0,0,0,5,2,0,0,22,10,7,2,3,4,10,0,5,5,3,1,13,0,4,0,7,2,0,0,13,9,0,1,0,0,9,3,0,9,0,5,3,0,0,4,0,2,9,2,1,13,3,0,0,4,0,1,11,1,11,1,14,7,1,1,9,0,11,1,0,15,0,0,4,6,0,16,0,0,3,0,0,3,12,2,0,32,9,13,1,0,10,1,1,3,0,5,0,0,0,6,12,0,0,9,10,0,0,0,1,2,1,2,1,11,4,4,1,0
