Ant4,Ant57,Ant260,Ant5,Ant52,Ant59,Ant65,Ant244,Ant540,Ant929,Ant2,Ant6,Ant25,Ant26,Ant30,Ant38,Ant74,Ant99,Ant102,Ant148,Ant158,Ant191,Ant196,Ant202,Ant209,Ant245,Ant268,Ant278,Ant308,Ant604,Ant620,Ant646,Ant673,Ant838,Ant12,Ant13,Ant20,Ant27,Ant28,Ant29,Ant32,Ant40,Ant42,Ant43,Ant50,Ant55,Ant62,Ant66,Ant68,Ant70,Ant71,Ant80,Ant81,Ant82,Ant91,Ant97,Ant100,Ant105,Ant111,Ant112,Ant113,Ant114,Ant117,Ant126,Ant135,Ant137,Ant139,Ant142,Ant149,Ant156,Ant159,Ant169,Ant170,Ant173,Ant174,Ant195,Ant198,Ant207,Ant212,Ant217,Ant218,Ant219,Ant226,Ant229,Ant242,Ant243,Ant250,Ant255,Ant256,Ant257,Ant261,Ant263,Ant265,Ant294,Ant299,Ant301,Ant305,Ant318,Ant320,Ant332,Ant334,Ant342,Ant347,Ant353,Ant356,Ant376,Ant387,Ant390,Ant391,Ant394,Ant395,Ant437,Ant475,Ant492,Ant501,Ant527,Ant549,Ant552,Ant556,Ant575,Ant580,Ant592,Ant600,Ant607,Ant610,Ant614,Ant621,Ant632,Ant635,Ant638,Ant650,Ant663,Ant665
0,0,21,6,2,3,16,16,7,2,5,0,12,0,5,0,23,4,1,0,5,4,2,1,15,14,0,5,5,0,0,36,4,0,0,1,2,2,0,0,18,16,1,6,8,0,12,2,8,0,17,2,5,0,0,0,11,0,2,0,0,1,19,6,0,1,6,16,0,0,3,13,2,0,2,0,0,0,9,0,1,0,0,6,6,3,1,4,0,0,3,1,0,6,0,3,3,0,10,1,29,2,0,8,2,10,0,0,0,1,0,3,0,1,0,1,0,2,0,0,3,0,0,19,17,0,0,0,15,0,4,1,1
0,0,2,0,1,1,1,8,1,3,3,59,7,5,4,8,2,18,5,3,9,2,1,56,4,9,4,2,9,19,1,15,9,35,20,4,25,2,0,0,4,3,20,5,5,11,7,0,1,0,0,23,3,40,0,16,24,1,26,17,4,14,15,4,0,7,38,4,0,6,7,3,3,29,1,25,7,12,3,6,4,4,1,3,4,1,2,5,4,33,1,0,12,4,0,20,0,0,15,14,4,10,22,0,11,0,1,15,0,8,0,5,9,11,0,9,8,7,17,0,10,8,16,2,4,20,8,22,3,0,21,3,1
21,2,0,3,3,6,1,22,0,1,9,5,4,8,17,3,3,0,0,6,29,8,19,0,14,4,1,10,10,3,0,24,18,2,2,2,10,2,12,3,10,3,11,7,20,1,0,1,2,0,0,0,6,1,0,0,15,26,0,0,5,6,10,9,0,1,13,2,0,0,6,39,11,2,4,3,1,5,19,0,6,11,4,10,19,0,1,0,3,8,12,1,1,7,0,3,1,0,13,9,0,4,5,0,6,3,4,0,3,0,0,1,2,1,0,6,2,0,2,0,15,2,0,19,3,14,1,2,25,5,9,1,12
6,0,3,0,2,43,17,2,7,0,19,2,0,0,0,0,2,0,0,6,0,23,4,0,11,0,3,14,18,1,0,1,0,1,0,1,2,7,0,7,3,11,1,1,0,0,2,10,12,0,2,0,14,0,39,2,13,21,0,0,0,1,3,2,0,0,0,0,0,0,3,4,3,0,2,3,0,2,23,0,1,0,8,0,10,5,1,9,0,1,8,3,0,0,0,0,16,0,0,1,9,0,0,5,7,6,8,0,1,0,0,1,0,1,0,0,1,1,0,0,15,2,0,15,0,2,0,0,8,8,2,1,10
2,1,3,2,0,1,0,3,0,0,3,1,0,0,2,1,6,6,0,3,3,15,1,4,10,2,3,8,7,3,0,4,2,4,0,19,1,0,1,5,17,3,0,1,8,10,1,9,9,0,4,0,0,0,1,0,5,5,0,0,3,10,12,3,0,1,4,8,0,2,4,1,0,0,6,0,1,0,10,0,2,0,5,6,4,6,0,10,0,4,16,0,0,6,0,0,1,0,1,11,1,1,0,0,4,2,8,0,0,0,0,7,0,3,0,1,5,0,0,2,11,2,0,6,1,0,0,1,8,5,1,8,2
3,1,6,43,1,0,4,14,15,2,18,1,1,0,2,0,4,2,1,7,1,14,1,1,0,5,2,11,8,1,1,0,16,1,0,3,3,8,0,6,10,2,2,0,1,0,8,20,17,0,3,0,11,1,24,3,5,15,0,0,0,6,2,8,0,2,0,4,0,0,4,6,1,0,10,4,0,2,15,0,1,0,8,1,13,17,0,26,0,0,14,7,0,4,0,1,41,0,0,4,10,1,1,0,3,14,9,0,0,0,0,6,0,0,0,1,6,0,0,3,12,0,0,3,2,0,0,1,12,9,1,0,24
16,1,1,17,0,4,0,10,4,1,16,1,16,0,2,0,11,2,0,3,0,8,0,0,0,6,2,10,11,1,0,8,2,0,0,3,2,11,0,9,13,9,6,3,3,0,2,4,12,0,20,0,0,1,29,5,11,1,0,0,0,2,1,32,0,1,1,4,0,0,2,13,1,0,4,0,1,0,0,0,1,0,17,3,11,9,0,1,0,1,4,1,0,7,0,0,11,0,0,2,5,1,0,25,3,0,7,0,7,0,0,0,1,2,0,0,3,0,0,5,4,0,0,4,6,1,0,1,13,3,2,0,7
16,8,22,2,3,14,10,0,2,4,2,7,7,3,8,0,14,0,0,14,13,4,12,1,4,12,2,15,4,3,3,20,9,1,2,6,0,3,0,4,7,21,13,1,10,0,4,11,12,0,2,0,9,0,0,6,7,25,11,0,7,10,14,17,0,3,4,5,0,0,10,24,6,28,1,2,1,0,13,0,3,0,2,5,6,18,1,27,0,18,3,9,4,5,0,5,5,1,7,8,1,4,0,1,2,4,8,0,0,4,0,2,4,0,0,2,7,1,0,0,9,0,2,26,1,6,2,3,33,3,5,20,15
7,1,0,7,0,15,4,2,0,1,21,0,4,0,3,1,2,2,0,1,0,12,0,0,6,0,1,5,0,8,1,0,17,1,0,12,2,11,0,16,0,2,2,0,2,0,8,4,6,0,14,0,0,0,26,0,2,6,0,0,4,0,7,0,0,1,0,7,0,0,28,3,0,0,24,3,0,0,20,0,1,0,8,8,8,7,0,10,0,0,1,0,0,14,0,0,11,0,2,2,17,0,0,11,0,0,5,1,6,0,0,0,0,2,0,0,0,0,0,0,9,0,0,3,0,0,0,2,3,24,1,3,2
2,3,1,0,0,2,1,4,1,0,6,1,6,0,2,11,2,7,9,6,2,1,4,4,5,11,4,1,3,6,9,1,3,2,10,3,6,1,1,0,1,0,8,7,14,0,0,0,0,0,2,0,4,2,0,16,1,0,4,0,0,12,0,0,11,0,6,0,0,1,11,0,20,0,0,18,3,21,0,7,2,0,1,3,10,0,17,0,4,0,4,0,2,6,0,1,0,5,16,17,0,0,1,0,12,0,0,0,0,4,0,9,14,6,0,9,65,1,3,0,3,2,1,1,0,1,11,12,2,0,5,4,0
5,3,9,19,3,18,16,2,21,6,0,12,5,1,3,3,13,7,4,5,2,41,7,2,6,9,4,7,2,2,0,2,12,1,1,10,1,3,0,11,1,6,3,5,6,0,3,4,7,0,2,0,5,1,1,1,10,18,2,0,3,4,7,5,0,7,2,0,0,0,18,11,2,0,19,2,2,1,10,1,8,1,10,8,21,5,1,9,0,7,3,4,1,12,0,3,10,0,6,10,13,7,2,6,2,4,4,2,0,5,0,1,7,6,0,3,8,3,1,5,9,0,0,13,3,3,1,7,19,27,1,5,4
0,59,5,2,1,1,1,7,0,1,12,0,1,9,5,6,3,27,14,2,7,2,5,28,4,0,6,2,3,26,2,3,1,26,4,1,10,7,5,3,2,0,13,2,3,12,7,0,3,13,0,24,0,11,6,15,9,0,30,27,5,8,9,1,4,9,32,5,12,5,0,2,3,28,3,7,8,5,0,29,8,11,2,5,2,0,5,2,3,48,7,3,12,0,7,37,2,6,7,14,0,20,26,1,4,0,1,15,2,25,3,20,46,1,4,14,4,29,14,0,1,7,19,3,4,85,9,3,0,3,17,10,1
12,7,4,0,0,1,16,7,4,6,5,1,0,0,15,7,8,3,0,10,5,0,7,1,9,22,8,15,17,11,3,11,16,1,3,4,2,7,0,2,9,6,12,13,4,0,0,12,1,0,2,0,18,0,0,6,22,2,7,1,2,10,2,6,1,2,10,16,0,1,9,7,16,0,1,9,0,0,8,1,12,0,0,11,9,4,0,4,3,0,4,2,0,6,0,0,0,1,2,7,1,0,1,0,13,8,0,0,0,0,0,2,2,4,0,2,20,0,4,0,0,5,1,8,4,13,4,2,23,2,4,21,6
0,5,8,0,0,0,0,3,0,0,1,9,0,0,3,0,0,20,13,2,24,0,5,3,3,0,2,2,0,33,0,17,0,7,10,1,4,0,3,0,0,0,0,0,12,16,0,0,1,11,0,1,0,12,0,0,1,0,13,15,9,0,1,1,0,28,23,0,10,3,0,0,3,37,0,1,1,0,0,8,6,6,0,0,2,2,0,3,7,21,0,0,17,0,10,18,0,6,3,2,0,3,15,0,2,0,0,28,0,30,28,6,20,1,3,9,0,16,14,7,0,27,4,0,4,0,17,0,0,0,22,4,0
5,4,17,0,2,2,2,8,3,2,3,5,15,3,0,0,6,1,1,8,11,6,2,0,10,6,3,11,19,3,0,10,3,5,0,5,0,9,3,3,13,11,4,15,8,2,5,1,11,0,0,0,11,0,0,1,6,17,2,0,1,6,11,1,1,2,3,2,0,0,1,14,8,0,5,8,0,0,20,0,15,0,2,4,27,3,1,3,0,11,7,8,0,8,0,0,0,0,9,8,0,3,1,0,3,8,5,1,0,1,0,0,2,5,0,4,4,4,0,0,25,3,0,8,5,15,2,2,13,8,7,3,3
0,8,3,0,1,0,0,0,1,11,3,6,7,0,0,0,1,4,19,2,0,0,4,6,0,6,7,5,5,10,14,1,1,0,4,1,2,0,3,0,0,1,3,8,1,4,0,0,0,0,0,0,1,1,0,6,1,3,1,2,0,4,0,1,64,2,14,0,0,1,5,0,11,0,0,12,1,38,0,11,2,0,0,3,3,1,25,0,6,0,0,0,5,1,0,2,0,0,12,10,0,0,4,0,12,0,0,1,0,0,0,4,2,1,0,9,45,1,3,1,6,6,0,1,0,10,18,10,0,1,7,7,2
23,2,3,2,6,4,11,14,2,2,13,3,8,0,6,1,0,8,1,1,11,9,14,0,3,16,1,4,6,7,1,32,9,1,1,18,1,0,0,18,12,6,1,9,3,5,14,0,4,0,5,0,14,0,4,5,2,5,0,0,2,2,11,4,2,2,4,2,0,0,8,2,10,0,1,6,0,0,5,0,24,1,3,10,15,1,2,14,0,6,4,0,0,2,0,1,13,0,1,2,1,8,0,5,8,3,7,1,6,1,0,3,1,3,0,1,21,1,4,0,1,1,1,5,14,8,0,1,8,0,9,3,12
4,18,0,0,6,2,2,0,2,7,7,27,3,20,1,4,8,0,7,3,23,1,1,41,2,1,6,1,3,14,8,25,0,40,10,2,21,0,4,0,1,0,4,3,25,41,3,2,1,10,0,16,0,21,0,18,7,3,52,38,22,8,15,2,34,9,38,0,30,5,0,5,3,33,1,4,15,17,0,11,3,6,4,4,4,0,20,1,12,48,4,0,15,5,25,90,0,10,27,21,0,9,22,0,13,0,2,30,0,44,25,27,30,0,23,43,14,23,42,0,1,16,40,5,0,61,13,13,0,4,13,2,3
1,5,0,0,0,1,0,0,0,9,4,14,0,13,1,19,1,7,0,1,5,0,2,2,3,1,0,1,1,18,9,2,0,5,11,0,5,0,4,0,3,0,6,3,4,16,1,0,0,11,0,2,0,11,0,5,1,0,12,26,9,7,0,0,8,10,22,0,18,3,3,2,5,5,0,2,5,12,1,10,0,3,0,0,1,1,2,0,5,4,0,0,10,0,13,20,0,2,6,4,1,3,11,0,4,0,0,26,0,12,15,4,7,1,1,19,9,9,10,0,0,21,9,1,2,4,15,4,1,0,10,0,1
0,3,6,6,3,7,3,14,1,6,5,2,10,2,8,2,1,3,1,0,0,4,7,1,2,29,34,17,7,2,5,1,15,2,0,19,1,11,0,0,7,23,0,3,11,1,0,4,11,0,5,0,0,5,0,10,16,8,5,0,4,9,1,5,1,5,0,2,0,0,16,7,47,0,6,4,0,3,6,0,48,0,2,11,37,17,7,9,0,3,9,7,7,21,0,4,4,0,1,6,0,1,3,0,49,6,1,2,0,0,0,1,1,33,0,1,13,2,0,98,20,0,0,5,3,5,8,7,11,6,5,1,9
5,9,29,0,3,1,0,13,0,2,2,7,5,24,11,0,11,23,5,0,0,5,4,12,10,4,2,4,0,18,0,45,4,6,6,0,8,1,2,1,8,7,18,25,14,20,14,0,0,3,0,1,1,13,0,12,9,3,11,14,12,2,4,5,0,3,29,0,10,1,1,8,6,20,0,12,13,0,15,10,12,16,0,6,3,1,5,3,5,4,6,4,16,2,14,25,7,6,19,2,0,59,15,0,11,1,0,24,12,11,13,15,12,16,3,8,4,3,9,0,2,12,17,9,9,21,10,3,6,0,49,9,7
4,2,8,23,15,14,8,4,12,1,41,2,0,0,6,0,9,1,0,4,5,0,5,0,9,3,6,26,10,2,0,2,16,2,1,16,0,13,1,25,15,6,2,6,3,1,3,11,26,0,2,0,7,1,16,2,9,20,2,1,0,0,9,0,0,1,1,2,0,1,12,4,5,0,21,2,1,0,6,0,20,0,30,9,28,13,1,9,3,2,41,11,0,2,0,1,41,0,1,1,58,5,2,5,5,7,3,0,4,0,0,1,3,16,0,0,5,0,0,8,6,1,3,12,7,10,0,7,22,3,11,2,6
2,1,19,4,1,1,0,12,0,4,7,5,7,5,2,4,14,1,2,7,4,5,0,4,1,8,8,8,5,0,6,1,13,1,4,7,4,2,0,0,11,8,9,1,12,1,3,0,3,0,3,1,5,0,0,7,14,5,8,1,0,4,2,2,0,1,9,4,0,0,8,10,3,0,0,24,0,3,4,0,16,3,0,7,8,3,5,14,0,0,19,1,2,11,0,0,3,0,3,22,1,2,2,0,14,6,14,0,0,4,0,2,1,7,0,4,26,0,5,0,8,4,2,25,3,6,4,4,14,2,5,8,10
1,56,0,0,4,1,0,1,0,4,2,28,1,3,0,6,0,41,2,1,12,0,4,0,0,0,3,0,4,18,3,8,1,23,11,0,4,1,1,2,0,4,3,0,4,37,0,1,0,3,2,9,1,9,0,13,1,1,24,15,0,0,3,0,6,1,70,0,1,1,8,1,2,32,0,9,0,5,2,11,8,8,0,2,1,4,4,0,5,25,1,0,3,1,10,3,0,0,13,4,0,6,32,0,10,1,0,37,0,25,1,8,8,1,2,11,8,16,8,0,0,5,17,2,1,52,1,3,3,1,12,3,0
15,4,14,11,10,0,0,4,6,5,6,4,9,3,10,0,3,2,3,2,10,9,1,0,0,18,1,15,13,1,0,34,17,0,6,10,3,1,0,7,11,13,4,4,1,6,9,7,31,0,14,0,2,1,2,5,12,30,1,0,2,10,14,11,0,1,1,4,0,0,3,8,6,2,4,4,0,0,9,0,4,0,0,6,25,2,10,8,0,0,0,1,3,6,0,6,5,0,2,1,4,9,0,3,8,19,0,2,16,1,0,1,1,10,0,0,2,0,1,0,14,0,0,0,15,4,0,2,3,9,1,0,6
14,9,4,0,2,5,6,12,0,11,9,0,22,0,6,6,16,1,1,29,4,3,8,0,18,0,7,12,25,6,5,25,23,3,0,7,5,4,0,0,11,10,6,8,15,0,4,1,1,0,11,0,4,0,2,8,17,4,10,2,1,9,11,20,2,0,2,8,0,0,0,6,9,10,2,10,2,6,9,4,3,1,0,10,10,10,8,2,1,0,14,3,1,13,0,3,0,4,1,13,4,5,0,1,12,5,0,1,5,0,0,4,4,15,0,6,27,1,3,4,8,1,0,13,14,5,2,7,4,4,2,5,8
0,4,1,3,3,2,2,2,1,4,4,6,8,2,3,7,1,6,0,34,2,6,8,3,1,7,0,11,6,3,5,4,3,3,2,24,31,0,0,0,4,7,13,8,7,3,1,3,7,1,2,0,8,1,1,9,7,2,6,3,4,21,3,2,5,1,8,3,3,3,18,8,13,1,0,20,0,2,2,4,10,1,3,6,19,4,14,6,7,1,4,8,5,16,0,2,0,3,9,21,0,2,4,0,19,0,0,7,0,4,5,5,4,12,0,10,28,0,4,10,24,6,2,0,0,14,3,4,4,2,8,9,3
5,2,10,14,8,11,10,15,5,1,7,2,15,2,11,5,4,1,1,17,4,26,8,0,15,12,11,0,13,3,3,4,34,2,1,17,2,5,1,3,30,15,8,13,10,2,5,14,8,0,3,0,10,1,2,8,14,25,4,0,0,11,6,11,2,7,1,5,0,1,21,3,17,0,7,11,1,6,11,0,19,1,4,9,21,16,8,20,1,0,12,4,3,15,0,0,3,0,5,11,14,10,1,3,7,3,6,0,1,3,0,0,4,14,0,0,33,2,1,9,30,2,0,12,4,2,2,4,8,5,3,3,14
5,9,10,18,7,8,11,4,0,3,2,3,17,0,19,5,6,3,1,7,0,10,5,4,13,25,6,13,0,2,2,18,10,0,8,4,2,4,0,1,13,9,18,24,9,0,0,4,7,0,0,0,3,0,0,1,22,2,1,0,2,5,0,18,0,1,3,2,0,0,6,16,5,0,5,10,0,9,0,0,4,0,0,10,10,6,3,9,0,0,17,2,0,5,0,0,0,0,0,7,2,0,1,0,8,1,2,1,0,2,0,2,0,7,0,4,25,0,2,0,10,1,0,5,1,0,1,6,17,4,3,5,6
0,19,3,1,3,1,1,3,8,6,2,26,11,33,3,10,7,14,18,2,18,2,0,18,1,6,3,3,2,0,5,4,7,47,6,4,7,1,12,13,1,3,28,15,4,15,4,1,1,17,2,42,1,34,0,13,2,6,14,41,37,6,12,2,13,11,62,0,15,7,1,4,6,29,1,7,23,24,10,3,5,10,5,6,3,5,8,5,11,33,1,0,29,1,50,29,4,10,12,5,0,25,28,6,7,0,0,58,0,23,25,12,20,4,1,14,20,15,14,0,8,7,19,1,8,20,29,10,1,0,25,2,2
0,1,0,0,0,1,0,3,1,9,0,2,3,0,0,14,1,8,9,5,0,0,6,3,0,5,5,3,2,5,0,2,0,1,13,2,0,0,3,0,0,0,2,15,9,0,0,0,1,0,0,2,0,0,0,7,0,1,1,2,3,10,0,0,21,2,2,0,0,6,2,0,5,0,0,3,1,21,0,3,1,0,0,2,4,1,10,0,5,0,1,0,14,6,0,3,0,14,9,13,1,0,2,0,3,0,0,0,0,0,0,2,6,1,0,5,39,4,10,0,1,3,0,0,0,1,4,11,0,3,3,9,0
36,15,24,1,4,0,8,20,0,1,2,3,11,17,10,1,32,25,2,1,45,2,1,8,34,25,4,4,18,4,2,0,0,3,0,4,2,0,2,0,7,11,19,11,10,13,27,0,9,0,2,3,1,2,0,8,27,1,17,1,2,2,16,9,1,7,7,2,0,0,1,20,11,3,2,2,0,2,4,0,14,1,0,1,13,11,0,3,3,18,6,2,3,9,0,3,3,1,36,24,8,45,4,0,11,7,1,0,7,10,0,15,0,2,0,3,2,0,2,0,10,7,3,38,9,22,3,11,5,0,6,9,0
4,9,18,0,2,16,2,9,17,3,12,1,16,0,3,1,9,0,0,15,4,16,13,1,17,23,3,34,10,7,0,0,0,3,4,22,8,1,0,7,15,22,8,10,16,1,3,8,26,0,6,0,7,0,13,2,13,59,1,0,0,12,1,13,0,0,0,3,0,0,12,16,5,0,13,10,0,0,8,0,19,0,3,10,16,5,3,21,2,2,11,1,2,18,0,1,14,0,9,9,0,16,3,1,20,3,1,1,0,0,0,2,0,13,0,2,11,1,1,3,15,2,0,2,5,3,1,9,7,7,3,1,11
0,35,2,1,4,1,0,1,1,2,1,26,1,7,5,0,1,40,5,2,6,2,1,23,0,3,3,2,0,47,1,3,3,0,2,2,10,3,2,0,0,4,9,6,8,21,1,0,3,9,0,19,4,9,0,8,7,0,21,20,37,11,18,0,1,8,38,1,19,1,0,2,1,31,2,6,15,0,3,13,1,13,3,7,1,4,7,1,3,18,6,0,6,4,14,13,0,6,10,9,1,21,20,0,7,0,0,31,0,15,11,11,15,3,6,9,7,10,11,0,2,21,18,0,0,38,1,4,1,0,11,7,1
0,20,2,0,0,0,0,2,0,10,1,4,3,10,0,4,1,10,11,0,6,1,4,11,6,0,2,1,8,6,13,0,4,2,0,1,6,0,1,0,0,2,14,5,1,5,1,0,0,5,0,6,2,4,0,7,11,1,12,6,4,11,1,0,7,10,12,0,5,0,5,1,1,10,0,15,20,3,5,3,3,5,1,3,5,1,11,0,8,4,4,0,9,7,1,6,0,2,9,10,0,2,10,0,5,0,0,20,0,11,14,1,4,9,5,27,11,2,12,0,6,14,11,2,0,6,16,8,2,0,13,1,2
1,4,2,1,19,3,3,6,12,3,10,1,4,1,5,1,18,2,0,19,0,16,7,0,10,7,24,17,4,4,2,4,22,2,1,0,4,0,4,0,10,3,15,4,1,1,0,1,2,0,0,1,8,0,0,9,19,17,5,0,1,8,0,18,3,3,1,2,0,0,19,6,5,0,2,17,1,2,3,1,6,0,4,8,19,1,7,5,2,2,9,2,0,32,0,8,2,0,4,9,8,6,3,0,7,4,1,0,0,0,0,4,3,2,0,4,18,0,1,5,23,6,0,4,3,6,1,7,8,0,2,0,3
2,25,10,2,1,3,2,0,2,6,1,10,2,4,0,2,1,21,5,1,8,0,4,4,3,5,31,2,2,7,0,2,8,10,6,4,0,2,3,1,4,15,10,7,24,8,3,3,2,7,0,5,4,14,1,3,3,0,10,16,5,0,0,2,4,17,8,3,9,0,9,6,6,45,4,5,23,5,3,7,7,12,0,3,5,2,3,3,15,1,6,3,4,0,7,11,4,0,2,5,0,3,12,0,17,3,1,14,0,14,15,13,8,2,0,15,4,2,11,0,2,4,7,0,0,7,8,6,1,1,25,1,1
2,2,2,7,0,8,11,3,11,1,3,7,7,0,9,0,0,0,0,11,1,13,2,1,1,4,0,5,4,1,0,0,1,3,0,0,2,0,0,8,8,2,4,0,13,1,9,20,0,0,16,0,0,0,66,5,0,1,0,0,1,0,6,6,2,0,2,0,0,0,4,2,0,0,12,7,0,1,6,0,3,0,12,3,3,4,0,4,0,0,3,3,0,11,0,13,4,0,1,2,22,1,0,6,3,1,4,1,18,0,0,0,0,2,0,1,1,1,0,0,13,5,0,1,6,3,0,1,1,10,2,0,4
0,0,12,0,1,0,0,0,0,1,0,5,0,3,3,3,0,4,4,0,2,1,0,1,0,0,0,1,0,12,3,2,0,2,1,4,3,0,0,0,9,1,0,0,0,9,0,0,0,3,0,4,0,11,0,0,2,0,3,16,1,1,0,0,0,4,10,0,15,1,0,0,0,3,0,0,9,0,0,8,4,8,0,0,0,2,1,1,4,13,0,0,9,1,6,12,0,0,0,2,0,2,22,0,0,0,0,13,0,12,1,1,0,0,5,1,0,0,7,0,0,13,1,0,1,8,0,1,0,0,2,0,0
0,0,3,7,5,6,9,4,16,0,11,3,2,0,3,0,18,0,0,0,1,25,0,2,7,0,0,3,1,13,0,0,7,0,0,0,1,8,0,0,0,12,1,1,6,0,15,11,10,0,1,0,3,0,14,2,2,1,0,0,3,0,8,1,0,0,1,0,0,0,1,1,1,0,11,7,0,0,9,0,9,0,13,1,6,2,0,18,0,0,14,15,0,1,0,0,9,0,1,4,1,7,0,1,0,14,10,0,7,0,0,0,1,1,0,0,0,0,0,0,3,0,2,1,7,1,0,0,0,5,0,1,24
18,4,10,3,17,10,13,7,0,1,1,2,9,0,13,0,12,1,3,7,8,15,11,0,11,11,4,30,13,1,0,7,15,0,0,10,4,8,9,0,0,16,0,17,14,2,12,3,0,0,4,1,23,1,2,0,8,14,2,0,0,12,2,16,0,0,2,9,0,0,1,9,1,0,1,2,1,1,7,2,10,0,3,3,12,13,2,13,1,0,17,5,0,20,0,1,12,0,3,2,7,5,0,0,5,4,3,0,6,0,0,3,1,2,0,0,0,1,1,3,9,0,0,5,6,5,1,0,9,9,2,9,11
16,3,3,11,3,2,9,21,2,0,6,0,6,0,11,1,6,0,0,23,7,6,8,4,13,10,7,15,9,3,0,11,22,4,2,3,15,2,1,12,16,0,2,16,19,1,11,6,6,0,6,0,6,0,13,5,12,25,3,0,1,2,7,22,1,0,3,20,0,0,8,8,6,0,10,8,0,1,21,0,20,1,2,2,15,17,3,19,0,2,8,15,0,10,0,3,16,1,8,8,3,12,2,2,15,6,7,1,3,4,0,0,0,23,0,2,3,1,2,4,22,3,0,1,7,3,1,3,2,1,2,0,14
1,20,11,1,0,2,6,13,2,8,3,13,12,0,4,3,1,4,6,0,18,2,9,3,4,6,13,8,18,28,2,19,8,9,14,15,10,4,0,1,0,2,0,14,6,0,1,0,1,0,8,0,2,1,0,9,9,6,8,1,3,18,1,10,3,2,8,1,0,0,10,6,4,5,5,10,8,2,8,0,4,1,3,14,5,4,14,4,1,0,9,3,4,9,0,6,0,5,19,18,0,37,6,0,30,1,0,2,1,3,0,6,15,7,0,0,15,7,0,4,8,2,1,7,10,24,2,1,15,3,10,14,3
6,5,7,1,1,0,3,1,0,7,5,2,13,0,15,8,9,3,3,3,25,6,1,0,4,8,8,13,24,15,15,11,10,6,5,4,7,0,0,1,17,16,14,0,9,2,15,3,1,0,0,0,4,3,0,17,7,5,3,0,2,18,6,1,4,0,15,0,0,0,5,4,5,1,5,7,21,7,3,0,4,0,0,6,9,14,1,4,1,0,1,2,2,8,0,9,1,0,10,13,1,18,2,0,13,1,0,0,0,3,0,1,3,17,0,4,19,1,2,0,5,3,0,9,5,2,2,1,5,8,13,23,2
8,5,20,0,8,1,3,10,2,14,6,3,4,12,8,1,3,25,4,11,14,3,12,4,1,15,7,10,9,4,9,10,16,8,1,1,24,13,0,6,14,19,6,9,0,13,3,4,3,7,3,1,10,10,4,3,17,14,10,11,2,10,11,15,1,7,13,4,6,1,23,4,8,14,1,9,5,4,18,5,9,3,0,8,2,10,15,8,10,7,9,1,10,14,0,6,0,3,6,17,8,1,6,1,8,2,1,9,1,12,1,11,3,10,0,11,7,9,10,4,12,16,6,2,17,12,8,9,2,10,10,5,2
0,11,1,0,10,0,0,0,0,0,0,12,0,16,2,4,5,41,16,1,20,1,1,37,6,0,3,2,0,15,0,13,1,21,5,1,8,1,9,0,2,1,0,2,13,0,0,0,1,9,1,3,0,21,0,1,1,4,13,21,8,1,3,0,1,11,58,0,44,2,0,0,3,71,0,3,3,1,3,17,1,28,0,6,2,1,3,1,12,15,0,1,9,1,60,51,0,12,5,4,0,14,38,0,4,0,0,98,0,39,14,14,5,2,6,9,7,15,16,0,0,11,20,0,2,11,16,1,0,0,3,1,2
12,7,0,2,1,8,2,4,8,0,3,7,0,0,5,0,14,3,1,0,14,3,3,0,9,4,1,5,0,4,0,27,3,1,1,0,3,9,0,15,12,11,1,15,3,0,0,8,6,0,11,0,2,1,39,0,2,0,2,1,0,0,32,0,0,0,4,0,0,0,0,5,1,1,11,3,3,0,6,0,10,0,14,5,10,1,0,8,0,0,14,13,0,8,0,5,7,0,4,4,16,21,4,13,3,15,29,1,45,0,0,0,3,2,0,0,0,0,0,0,4,4,0,19,42,0,0,0,4,25,6,0,2
2,0,1,10,9,20,4,11,4,0,4,0,12,0,1,0,0,2,0,4,0,11,0,1,7,1,3,14,4,1,0,0,8,0,0,1,3,20,0,11,3,6,0,3,4,0,8,0,6,0,0,0,5,2,21,0,11,2,1,1,0,2,1,8,0,0,0,1,0,0,0,3,0,0,15,2,0,2,19,0,2,0,0,2,5,13,0,6,0,0,16,5,0,5,0,0,13,0,0,6,1,2,0,3,4,2,7,1,4,0,0,4,0,1,0,1,3,0,0,0,11,0,0,2,1,0,0,0,5,9,2,0,6
8,1,2,12,9,17,12,12,6,0,7,3,1,1,11,0,4,1,0,11,0,26,3,0,31,1,7,8,7,1,1,9,26,3,0,2,2,0,0,10,0,6,1,1,3,1,6,6,0,0,13,0,10,0,2,1,2,15,0,0,0,0,2,5,1,3,0,3,0,0,10,1,9,0,0,5,0,1,15,0,4,0,6,10,18,2,4,18,0,1,1,0,0,13,0,0,1,0,0,3,12,3,0,4,3,7,25,0,4,0,0,0,0,10,0,0,5,2,1,5,14,3,0,4,0,1,0,9,7,6,2,0,28
0,0,0,0,0,0,0,0,0,0,0,13,0,11,0,0,0,10,11,0,3,0,0,3,0,0,1,0,0,17,0,0,0,9,5,0,7,0,3,0,0,0,0,0,7,9,0,0,0,0,0,8,0,25,0,0,0,0,4,17,2,0,0,0,0,1,20,0,11,2,0,0,0,10,0,0,17,0,0,3,0,11,0,0,0,0,0,0,8,15,0,0,8,0,9,14,0,1,1,0,0,0,14,0,0,0,0,21,0,16,15,5,10,0,1,7,0,8,18,0,0,6,8,0,0,0,4,0,0,0,3,0,0
17,0,0,2,4,3,20,2,14,2,2,0,2,0,0,0,5,0,0,5,0,2,3,2,14,11,2,3,0,2,0,2,6,0,0,0,0,16,0,1,4,6,8,0,3,1,11,0,13,0,0,0,1,0,35,0,1,0,1,0,1,0,1,4,0,0,0,11,0,0,2,0,1,0,5,1,0,0,4,0,2,1,3,3,8,26,0,6,0,0,2,0,0,0,0,0,0,0,2,4,34,0,0,9,5,0,1,1,6,3,0,1,0,5,0,1,1,1,1,0,0,2,0,0,3,4,0,1,0,0,0,0,3
2,23,0,0,0,0,0,0,0,0,0,24,0,1,0,0,0,16,2,0,1,0,1,9,0,0,0,0,0,42,2,3,0,19,6,1,5,0,4,0,1,0,0,0,1,3,0,0,0,8,0,0,0,4,0,1,0,0,13,19,7,0,6,0,1,12,17,0,10,2,0,0,0,11,1,0,2,2,0,2,4,34,0,1,0,0,2,0,15,11,1,0,6,0,16,6,0,1,0,0,0,2,9,0,0,0,0,15,0,18,8,3,8,1,15,3,6,3,5,0,2,3,9,0,0,24,4,0,0,0,11,0,0
5,3,6,14,0,11,0,9,0,4,5,0,18,0,11,1,14,0,0,0,1,7,5,1,2,4,8,10,3,1,0,1,7,4,2,8,4,0,0,3,23,6,2,4,10,0,2,5,10,0,1,0,0,2,0,2,27,13,6,1,1,3,2,17,0,0,3,11,0,0,1,4,1,1,7,12,0,4,8,0,8,0,16,7,15,9,1,6,0,0,11,11,0,6,0,3,9,0,12,9,10,3,3,0,3,11,11,0,0,2,0,0,2,3,0,6,0,0,0,0,12,0,2,12,5,10,3,1,15,5,3,11,15
0,40,1,0,0,1,1,0,0,2,1,11,0,12,0,1,0,21,11,5,13,1,0,9,1,0,1,1,0,34,0,2,0,9,4,0,14,0,11,0,1,0,1,3,10,21,1,2,0,25,0,4,2,0,0,1,1,1,39,45,5,5,2,1,3,18,25,0,16,2,0,2,5,26,0,5,23,2,1,14,0,9,0,2,0,4,0,0,7,15,0,0,21,0,13,24,0,13,10,4,0,16,25,0,3,1,0,54,0,20,3,17,13,1,11,18,1,6,24,0,0,11,20,0,0,7,9,0,3,0,33,2,0
0,0,0,39,1,24,29,0,26,0,1,6,0,0,0,0,4,0,0,0,0,16,0,0,2,2,1,2,0,0,0,0,13,0,0,0,1,66,0,14,2,13,0,0,4,0,39,21,2,0,35,0,0,0,0,0,0,0,0,0,0,0,0,0,0,0,0,0,0,0,3,0,0,0,55,0,0,0,0,0,0,0,52,0,19,12,0,45,0,0,2,21,0,1,0,1,10,0,0,2,62,0,0,100,0,11,55,0,37,0,0,0,1,0,0,0,0,0,0,0,1,0,0,0,7,0,0,0,0,31,1,0,10
0,16,0,2,0,3,5,6,0,16,1,15,6,0,1,6,5,18,5,10,12,2,7,13,5,8,9,8,1,13,7,8,2,8,7,9,3,5,0,2,0,5,9,17,3,1,0,0,1,0,0,1,2,1,0,0,10,2,25,8,2,18,1,2,7,4,17,1,0,8,4,2,12,0,3,14,11,11,1,3,12,0,3,9,8,8,2,4,7,3,7,2,15,9,0,8,0,11,7,24,0,12,3,0,7,1,0,11,0,6,0,4,17,7,0,3,29,2,12,0,3,9,5,3,0,7,6,87,2,0,7,16,6
11,24,15,13,5,5,11,7,2,1,10,9,22,1,6,1,2,7,1,16,9,9,14,1,12,17,7,14,22,2,0,27,13,7,11,19,3,0,2,2,8,12,9,7,17,1,2,11,2,0,1,0,27,1,0,10,0,4,1,3,5,15,4,19,0,3,6,17,0,0,6,19,10,2,3,2,1,1,18,0,3,7,0,10,15,4,1,5,1,0,21,8,3,30,0,6,16,3,10,6,5,10,3,0,17,16,1,2,0,2,0,3,1,10,0,6,8,3,3,0,22,6,2,11,7,29,4,10,21,8,10,10,17
0,1,26,21,5,15,1,25,6,0,18,0,2,0,17,3,5,3,0,8,3,20,5,1,30,4,2,25,2,6,1,1,59,0,1,17,0,1,0,1,14,25,6,5,14,4,0,2,15,0,0,0,13,1,0,2,4,0,3,0,1,3,5,0,0,0,5,0,0,0,9,20,5,0,7,5,1,0,11,0,9,0,12,9,17,5,0,25,0,1,19,11,0,6,0,1,8,0,6,7,0,3,0,0,9,14,14,2,0,0,0,0,2,9,0,2,7,4,0,0,22,6,0,5,2,0,0,3,14,16,1,15,13
2,26,0,0,0,0,0,11,0,4,2,30,7,13,2,1,0,52,12,5,11,2,8,24,1,10,6,4,1,14,1,17,1,21,12,5,10,0,3,0,2,3,8,3,10,13,2,1,0,4,1,13,6,39,0,25,1,3,0,26,0,6,6,1,11,4,37,2,3,6,5,5,2,19,0,21,9,7,0,28,16,7,0,14,1,2,3,1,9,42,8,0,27,13,0,19,7,9,22,20,0,8,21,0,2,1,0,23,0,32,14,16,16,10,2,10,17,12,17,0,4,6,19,7,3,28,6,7,2,0,28,3,1
0,17,0,0,0,0,0,0,0,0,0,27,1,15,0,2,0,38,26,0,14,1,1,15,0,2,3,0,0,41,2,1,0,20,6,0,16,0,16,0,0,0,1,0,11,21,1,1,0,17,0,19,1,45,0,8,3,0,26,0,14,2,0,0,0,29,39,0,21,2,0,0,0,41,0,9,29,0,5,38,1,13,0,0,0,1,20,0,12,8,0,0,17,0,11,19,0,5,5,5,0,6,42,0,6,0,0,71,0,36,8,5,20,2,5,15,0,22,15,0,3,19,33,0,0,45,11,3,2,4,30,0,3
0,4,5,0,3,0,0,7,4,0,3,5,2,9,1,0,2,22,9,4,12,0,0,0,2,1,4,0,2,37,3,2,0,37,4,1,5,1,1,3,0,1,3,2,2,8,0,0,0,2,1,7,1,5,0,2,5,1,0,14,0,2,19,0,0,11,10,0,9,1,0,4,1,4,25,3,1,5,10,0,3,1,1,19,2,0,0,13,4,12,2,4,2,1,8,25,5,0,27,1,1,9,6,0,12,0,1,20,0,0,5,2,7,3,2,3,1,8,4,0,2,3,3,13,7,15,4,1,16,1,9,7,5
1,14,6,1,10,6,2,10,0,12,4,8,10,0,6,4,2,8,7,9,2,0,4,0,10,9,21,11,5,6,10,2,12,11,11,8,0,0,1,0,12,2,18,18,10,1,0,2,0,0,0,0,3,5,0,18,15,3,6,2,2,0,0,11,5,2,10,4,0,0,7,6,3,0,1,12,1,2,1,1,20,0,2,10,5,2,24,8,7,0,2,1,4,9,0,7,2,8,10,10,3,3,2,0,12,3,0,0,0,3,0,3,5,5,0,6,16,0,1,1,9,3,0,6,2,5,3,46,14,7,9,11,7
19,15,10,3,12,2,1,14,7,0,7,9,2,1,11,0,11,15,0,1,4,9,2,3,14,11,3,6,0,12,0,16,1,18,1,0,0,6,0,8,2,7,1,6,11,3,32,1,2,0,1,6,2,2,0,1,4,5,6,0,19,0,0,0,0,1,25,2,0,0,7,4,0,12,2,5,0,0,25,0,9,1,0,18,2,0,0,11,1,10,6,0,1,1,0,6,1,0,17,3,1,31,5,0,1,3,4,2,1,1,0,7,5,1,0,2,0,7,0,0,2,2,3,9,15,22,0,0,10,3,3,8,2
6,4,9,2,3,8,32,17,0,0,5,1,6,1,1,1,4,2,0,5,5,0,2,0,11,20,2,11,18,2,0,9,13,0,0,18,2,6,0,1,16,22,10,1,15,0,0,8,5,0,4,0,17,1,0,2,19,0,1,0,0,11,0,0,0,1,3,12,0,0,4,25,3,1,0,6,0,0,10,1,2,0,2,5,14,15,4,12,0,0,3,8,0,14,0,6,3,0,8,7,2,2,2,1,5,2,5,0,12,0,0,6,0,4,0,4,8,0,1,1,11,1,0,14,9,0,2,7,2,6,0,0,12
0,0,0,0,0,0,0,0,0,11,0,4,1,0,1,64,2,34,8,1,0,0,0,6,0,2,5,2,0,13,21,1,0,1,7,3,4,2,0,0,0,1,3,4,1,1,0,0,1,0,0,1,0,3,0,7,0,0,11,0,0,5,0,0,0,0,6,0,0,1,1,0,8,0,0,7,3,48,0,9,0,0,0,0,3,0,23,0,10,0,0,0,16,1,0,0,0,0,28,8,0,0,7,0,2,0,0,1,0,1,0,2,3,0,0,3,82,0,4,0,0,2,0,0,0,8,3,8,0,0,4,0,2
1,7,1,0,1,2,1,3,1,0,7,9,2,28,2,2,2,9,10,5,3,1,1,1,1,0,1,7,1,11,2,7,0,8,10,3,17,0,4,0,0,0,2,0,7,11,0,0,3,1,0,12,0,18,0,4,3,0,4,29,11,2,1,1,0,0,25,4,28,0,0,2,2,27,0,1,6,1,0,3,2,5,0,1,0,0,2,5,5,25,0,0,9,1,13,15,0,6,0,6,1,9,23,0,2,0,0,14,0,9,30,19,1,2,0,1,1,1,10,0,3,1,6,4,3,2,6,0,4,0,16,3,0
6,38,13,0,4,0,1,4,0,6,2,32,10,23,3,14,4,38,22,0,29,1,9,70,1,2,8,1,3,62,2,7,0,38,12,1,8,2,10,1,2,3,8,15,13,58,4,0,0,20,0,17,3,25,0,17,6,5,37,39,10,10,25,3,6,25,0,0,24,6,0,10,5,91,0,9,35,14,6,43,2,55,2,4,7,1,2,1,16,45,8,0,22,2,82,97,0,14,4,4,0,22,42,1,3,1,3,83,0,39,22,14,12,11,15,16,8,11,38,0,1,19,27,2,6,59,22,5,0,4,35,3,0
16,4,2,0,8,4,4,5,7,0,0,5,16,0,2,0,2,0,0,2,0,2,4,0,4,8,3,5,2,0,0,2,3,1,0,2,3,0,0,0,9,20,1,0,4,0,0,1,3,0,11,0,11,0,0,1,17,0,2,0,0,4,2,12,0,4,0,0,0,0,0,12,3,0,23,0,0,0,1,0,1,1,0,0,10,5,0,1,2,0,7,2,0,18,0,9,0,1,5,2,0,0,0,0,8,0,1,0,0,0,0,2,0,0,0,0,0,0,0,0,4,0,0,2,0,4,1,0,6,1,1,0,10
0,0,0,0,0,0,0,0,0,0,0,12,0,10,0,0,0,30,18,0,10,0,0,1,0,0,3,0,0,15,0,0,0,19,5,0,9,0,15,0,0,0,0,0,6,44,0,0,0,11,0,10,0,16,0,0,0,0,3,21,9,0,0,0,0,28,24,0,0,1,0,0,0,24,0,0,11,0,0,1,0,6,0,0,0,0,0,0,10,8,0,0,20,0,18,24,0,9,8,1,0,0,28,0,2,0,0,38,0,12,30,10,8,0,8,24,0,13,10,0,0,12,6,0,0,0,11,0,0,0,4,0,0
0,6,0,0,2,0,0,0,0,1,0,5,1,3,0,1,0,5,3,0,1,1,0,1,0,0,3,1,0,7,6,0,0,1,0,0,0,0,1,0,0,0,0,0,1,2,0,0,0,2,0,2,0,2,0,8,0,0,6,2,1,0,0,0,1,0,6,0,1,0,0,1,0,5,0,1,3,3,1,4,0,0,0,0,2,0,1,0,0,2,1,0,0,4,1,0,0,0,1,3,0,2,1,0,1,0,0,5,0,1,0,2,2,0,0,1,8,0,1,0,2,3,1,0,0,7,0,0,0,0,4,0,1
3,7,6,3,4,4,2,10,28,11,18,0,9,0,1,5,8,0,3,16,1,12,8,8,3,0,18,21,6,1,2,1,12,0,5,19,9,4,0,1,1,8,10,5,23,0,0,0,10,0,2,0,1,0,3,4,6,9,5,0,0,7,7,4,1,0,0,0,0,0,0,5,7,0,3,11,3,2,7,1,21,1,4,7,4,1,5,0,0,2,12,2,3,25,0,0,0,1,10,10,0,5,2,1,20,1,1,0,0,1,0,1,1,9,0,4,27,0,3,9,13,4,0,3,13,0,4,9,1,4,4,2,0
13,3,39,4,1,6,13,24,3,0,11,2,7,0,14,0,2,5,2,7,8,4,10,1,8,6,8,3,16,4,0,20,16,2,1,6,6,2,0,1,9,8,6,4,4,0,5,3,1,0,0,0,4,2,0,2,19,20,5,0,4,6,4,25,0,2,10,12,0,1,5,0,2,0,9,7,3,0,16,0,2,0,0,11,24,3,0,10,2,17,9,7,0,12,0,10,6,0,12,4,1,7,3,0,6,2,0,4,0,7,0,2,0,2,0,2,1,0,0,0,6,0,0,6,2,3,1,0,23,3,14,4,5
2,3,11,3,0,1,1,6,0,20,2,3,16,3,8,11,10,3,5,47,6,5,3,2,6,9,13,17,5,6,5,11,5,1,1,5,6,0,0,1,1,6,4,5,8,3,1,0,9,0,1,0,1,5,0,12,10,5,2,0,1,3,0,3,8,2,5,3,0,0,7,2,0,0,0,6,0,9,2,1,8,0,0,12,13,6,8,1,1,0,2,2,3,17,0,1,2,0,3,6,3,11,2,0,24,2,3,1,0,6,0,8,8,8,0,2,25,1,3,21,15,1,1,5,4,7,0,5,7,0,5,7,3
0,29,2,0,0,0,0,28,0,0,0,28,0,37,0,0,0,33,5,0,20,0,0,32,2,10,1,0,0,29,0,3,0,31,10,0,45,0,3,0,0,0,5,1,14,71,1,0,0,10,0,11,1,26,0,0,2,0,19,41,4,0,12,1,0,27,91,0,24,5,0,0,0,0,0,0,23,0,1,24,0,16,0,0,0,0,0,0,22,34,0,0,30,0,64,15,0,9,2,9,0,3,38,0,3,0,0,140,0,26,37,10,20,5,8,18,0,18,50,0,0,25,21,0,7,0,20,0,1,0,41,0,0
2,1,4,2,6,10,4,1,24,0,19,3,1,0,5,0,1,1,0,6,0,21,0,0,4,2,0,7,5,1,0,2,13,2,0,2,4,12,0,11,1,10,5,5,1,0,11,15,0,0,5,1,7,0,55,3,3,7,0,0,25,1,2,0,0,0,0,23,0,0,3,9,0,0,0,1,0,0,18,0,0,0,14,7,11,3,0,12,0,0,8,5,0,2,0,1,5,0,1,0,7,4,0,3,4,20,0,1,11,0,0,0,0,0,0,0,0,6,0,0,6,0,0,0,14,5,0,1,17,12,3,0,20
0,25,3,3,0,4,0,2,3,18,2,7,9,1,8,12,6,4,2,4,12,2,24,9,4,10,20,11,10,7,3,2,10,6,15,17,5,7,0,7,2,8,10,7,9,3,3,2,5,0,1,0,12,5,0,14,2,5,21,9,3,12,5,6,7,1,9,0,0,1,11,7,6,0,1,0,3,11,5,4,9,3,1,15,11,12,6,3,3,1,30,5,3,11,0,0,1,1,17,13,0,7,4,0,8,2,2,4,0,7,0,7,7,19,0,7,62,1,4,1,26,4,0,12,1,16,2,6,2,4,8,7,4
0,7,1,0,1,0,1,1,0,3,2,8,0,1,0,1,0,15,5,0,13,1,0,0,0,2,0,1,0,23,1,0,0,15,20,1,23,0,9,0,1,0,8,21,5,3,3,0,0,17,0,2,0,23,0,11,1,1,9,29,1,1,0,0,3,6,35,0,11,3,3,3,0,23,0,3,0,7,1,8,0,6,0,0,0,0,1,1,7,19,4,0,19,0,10,9,1,2,6,4,0,1,18,0,0,0,0,19,0,20,10,4,16,1,21,6,4,17,13,0,3,7,7,0,0,4,4,3,2,3,5,3,0
0,12,5,2,0,2,0,0,0,21,1,5,0,0,0,38,0,17,12,3,0,0,3,5,0,6,2,6,9,24,21,2,0,0,3,2,5,1,0,0,1,1,2,7,4,1,0,2,1,0,0,2,4,2,0,11,1,0,7,0,5,2,0,0,48,1,14,0,0,3,2,0,9,0,0,11,7,0,0,22,3,0,0,1,5,3,33,1,3,0,0,0,6,2,0,2,0,6,19,26,0,0,2,0,14,0,0,0,0,0,0,6,3,5,0,10,87,0,1,0,1,8,0,1,0,6,11,17,0,0,9,4,1
9,3,19,23,10,15,0,13,20,0,10,0,8,0,20,0,5,0,1,6,15,6,4,2,9,9,2,11,0,10,0,4,8,3,5,3,3,6,0,9,7,21,8,3,18,3,6,19,15,0,4,0,8,1,0,1,18,11,0,5,10,1,25,10,0,0,6,1,0,1,7,16,2,1,18,5,1,0,0,0,7,1,13,13,8,3,0,7,0,1,16,8,0,4,0,3,24,1,11,3,5,15,0,0,6,18,5,0,20,0,0,0,1,3,0,3,0,4,0,0,12,1,1,16,8,3,0,0,1,6,5,2,1
0,6,0,0,0,0,0,0,0,7,1,29,1,8,0,11,0,11,10,0,10,0,0,11,0,4,4,0,0,3,3,0,0,13,3,1,7,0,8,0,2,0,0,0,5,17,0,0,0,3,0,2,0,14,0,3,0,0,28,38,0,1,0,1,9,3,43,0,1,4,1,0,1,24,0,4,8,22,0,0,1,21,0,0,0,0,12,0,5,6,0,0,7,0,21,39,0,4,7,10,0,1,9,0,2,0,0,18,0,17,2,3,8,1,4,0,7,2,12,0,1,8,11,0,0,36,4,4,0,0,4,0,0
1,4,6,1,2,1,1,3,1,2,8,8,12,6,15,2,24,3,0,48,12,20,16,8,4,3,10,19,4,5,1,14,19,1,3,6,7,3,4,9,10,20,4,4,9,1,10,2,4,0,2,4,8,0,0,12,3,9,16,1,3,20,9,2,0,2,2,1,0,0,21,2,8,0,0,9,0,3,7,1,0,1,3,13,19,18,9,8,0,3,15,2,2,17,0,0,6,0,12,17,2,25,6,0,18,1,2,5,0,5,0,1,4,19,0,2,13,1,2,4,34,4,6,9,13,5,4,8,4,5,7,7,22
0,4,11,0,0,0,0,0,0,0,1,11,0,6,0,0,1,6,3,0,16,0,3,8,0,1,1,1,0,10,0,1,0,13,5,0,12,0,8,0,0,1,1,0,3,28,0,0,0,11,1,34,0,9,0,0,7,0,7,13,1,0,1,0,0,5,55,1,6,0,1,0,0,16,0,3,6,0,1,21,1,0,0,1,0,0,0,0,8,6,1,0,7,0,9,34,0,5,5,1,0,5,19,0,2,0,0,33,0,15,5,2,8,0,5,6,0,6,9,0,0,4,21,0,0,5,16,4,0,0,9,1,0
0,1,4,8,5,8,17,2,8,1,10,2,0,0,2,0,3,4,0,2,0,30,0,0,0,0,3,4,0,5,0,0,3,3,1,4,0,12,0,13,3,2,3,0,0,0,14,0,6,0,3,0,16,0,52,3,0,12,0,0,1,2,0,2,0,0,2,0,0,0,4,0,0,0,14,1,0,0,13,0,3,0,0,1,9,6,4,12,0,0,23,0,0,4,0,0,5,0,2,3,10,1,0,12,4,8,7,1,25,0,0,0,0,0,0,0,0,0,0,0,10,0,0,2,1,4,0,1,1,3,5,3,3
6,3,10,0,6,1,3,5,8,3,8,5,11,0,4,3,10,4,0,11,6,9,7,2,6,10,6,9,10,6,2,1,10,7,3,8,3,3,0,1,3,2,14,6,8,6,5,2,10,0,3,1,7,2,0,9,10,9,14,0,19,10,18,5,0,1,4,0,0,0,7,11,12,0,7,15,0,1,13,0,13,1,1,0,5,1,1,2,3,4,3,3,2,23,0,8,1,0,11,14,2,13,1,0,20,1,2,1,0,2,0,3,5,7,0,5,24,2,1,0,8,2,2,10,8,29,0,7,13,2,2,7,2
6,4,19,10,4,13,11,6,8,10,21,2,9,2,27,3,15,4,1,37,3,28,8,1,25,10,19,21,10,3,4,13,16,1,5,19,5,3,0,6,12,15,5,9,2,2,10,5,18,0,8,0,15,0,19,8,15,17,1,0,2,5,2,14,3,0,7,10,0,2,4,24,13,0,11,11,0,5,8,0,19,0,9,5,0,6,8,4,1,0,11,4,1,17,0,2,10,0,4,9,6,5,0,2,24,21,5,0,0,1,0,5,1,14,0,2,6,0,1,18,14,4,0,15,1,5,0,1,18,14,5,1,28
3,1,0,5,6,17,9,18,7,0,5,0,4,2,3,1,1,0,1,17,1,13,3,4,2,10,4,16,6,5,1,11,5,4,1,1,2,4,2,2,13,17,4,14,10,1,1,13,2,0,26,0,9,4,12,8,4,5,2,1,0,2,0,15,0,0,1,5,0,0,1,3,6,0,3,12,0,3,3,0,18,0,6,1,6,0,5,17,0,0,11,0,1,3,0,4,6,0,2,5,0,5,3,1,5,14,5,0,0,2,0,0,3,4,0,0,1,2,0,3,3,1,0,4,17,1,1,1,1,5,1,1,11
1,2,1,1,0,0,0,1,0,17,1,5,0,0,1,25,2,20,2,7,5,1,5,4,10,8,14,8,3,8,10,0,3,7,11,7,3,0,1,0,2,3,14,1,15,3,0,0,4,0,0,2,1,0,0,2,1,0,3,20,0,24,0,4,23,2,2,0,0,1,5,0,8,0,0,6,1,33,0,12,9,0,4,1,8,5,0,3,5,0,0,0,7,7,0,5,0,0,8,13,0,8,7,0,6,0,0,2,0,0,0,3,4,15,0,4,43,0,4,8,0,11,0,7,0,6,2,17,4,1,15,4,3
4,5,0,9,10,26,1,27,10,0,9,2,4,3,3,0,14,1,0,9,3,9,14,0,8,2,6,20,9,5,0,3,21,1,0,5,3,4,1,18,13,19,4,4,8,1,8,6,18,0,6,0,6,0,45,4,5,25,1,0,13,8,11,12,0,5,1,1,0,0,0,10,1,0,12,3,1,1,7,0,8,0,12,2,4,17,3,0,0,3,9,8,0,4,0,2,10,0,2,3,8,3,0,2,6,10,2,0,2,1,0,1,4,8,0,0,0,0,0,3,12,1,0,11,16,3,0,1,11,14,3,5,13
0,4,3,0,0,0,0,0,0,4,0,3,3,7,0,6,0,12,5,0,5,3,0,5,0,1,7,1,0,11,5,3,2,3,8,2,15,0,4,0,1,0,1,1,10,12,0,0,0,8,0,15,0,7,0,7,1,0,9,12,4,7,1,0,10,5,16,2,10,0,0,2,1,22,0,3,7,3,0,5,0,8,0,3,1,0,5,0,0,7,0,0,12,1,12,3,0,4,7,3,0,1,9,0,5,0,0,12,0,14,13,13,2,0,1,18,10,1,17,0,1,11,6,0,0,8,8,3,1,0,8,2,0
0,33,8,1,4,0,1,18,0,0,7,48,0,21,11,0,6,48,4,3,4,2,0,25,0,0,1,0,0,33,0,18,2,18,4,2,1,0,13,0,0,2,0,0,7,15,0,0,1,15,0,11,0,15,0,3,0,1,42,8,12,0,10,0,0,25,45,0,8,2,2,17,0,34,0,1,19,0,1,6,3,6,0,4,0,0,0,3,7,0,1,0,13,0,3,12,0,3,11,9,0,10,17,0,2,0,8,15,0,19,8,9,11,0,6,12,0,20,23,0,0,8,13,2,0,100,17,0,4,0,10,3,1
3,1,12,8,16,14,4,3,1,4,3,7,4,0,7,0,4,4,0,9,6,41,19,1,0,14,4,12,17,1,1,6,11,6,4,9,6,3,0,14,17,8,9,1,9,0,14,16,1,0,2,1,11,0,2,7,21,19,8,0,2,2,6,3,0,0,8,7,0,1,12,9,2,0,8,30,4,0,16,0,15,1,23,3,11,11,0,9,0,1,0,6,0,11,0,0,29,0,0,11,1,1,0,1,14,6,10,1,13,1,0,2,0,2,0,5,2,0,0,0,13,0,3,9,17,1,0,5,9,15,8,3,14
1,0,1,3,0,7,1,9,0,0,4,3,2,0,8,0,0,0,0,7,4,11,1,0,1,3,8,4,2,0,0,2,1,0,0,2,3,3,0,15,5,15,3,2,1,1,13,5,0,0,0,0,11,0,21,2,8,11,0,0,4,1,0,8,0,0,0,2,0,0,2,7,2,0,5,5,0,0,8,0,2,0,0,3,4,0,0,8,0,0,6,0,0,5,0,0,8,0,2,8,3,1,0,1,0,4,2,0,12,2,0,0,0,1,0,1,5,0,0,0,7,0,0,5,0,0,0,1,4,11,0,1,4
0,12,1,0,0,0,0,4,0,2,1,12,0,17,0,5,0,15,10,7,16,0,2,3,3,1,5,3,0,29,14,3,2,6,9,0,4,0,9,0,0,0,4,2,10,9,0,0,0,8,0,6,0,21,0,15,3,0,27,17,2,4,1,0,16,9,22,0,20,0,3,0,3,30,0,3,19,6,0,7,2,7,0,2,1,1,7,0,12,13,0,0,0,0,2,15,0,1,15,7,0,0,11,0,3,0,0,11,0,12,10,4,3,2,2,10,11,3,10,2,1,4,14,0,0,0,18,9,0,0,9,0,2
6,4,7,0,6,4,7,5,14,6,12,0,6,0,8,1,2,5,0,21,2,2,11,1,6,13,16,15,5,1,6,9,18,4,7,32,0,11,1,1,20,10,9,8,14,1,8,5,13,0,0,0,6,0,1,9,30,6,13,0,1,9,1,14,1,1,2,18,0,4,25,12,17,0,2,11,0,2,4,0,17,0,4,23,17,3,7,4,1,0,11,5,0,0,0,4,2,3,2,11,4,7,0,1,12,0,1,0,0,1,0,1,3,11,0,8,23,0,2,0,33,1,0,5,8,6,4,7,1,3,1,3,10
0,0,0,0,0,0,0,0,0,0,0,7,0,10,0,0,0,25,13,0,14,0,0,10,0,0,0,0,0,50,0,0,0,14,1,0,7,0,6,0,0,0,0,0,0,60,0,0,0,9,0,16,0,13,0,0,0,0,0,11,8,0,0,0,0,13,82,0,18,1,0,0,0,64,0,0,10,0,0,21,0,9,0,0,0,0,0,0,12,3,0,0,2,0,0,18,0,11,0,0,0,0,73,0,0,0,0,106,0,10,2,0,8,0,8,2,0,4,6,0,0,10,11,0,0,0,4,0,0,0,3,0,0
3,20,3,0,0,1,0,5,0,1,3,37,0,18,0,2,1,90,20,4,25,1,0,3,6,3,2,0,0,29,3,3,1,13,6,8,11,13,12,0,1,3,6,9,6,51,5,0,0,14,0,6,3,24,1,8,6,1,19,19,25,7,6,6,0,15,97,9,24,0,0,10,1,15,1,0,9,2,3,39,0,34,0,8,2,4,5,2,3,12,0,0,15,4,18,0,3,4,10,9,0,6,19,1,12,0,0,97,2,12,21,3,21,13,19,10,7,6,12,0,4,11,16,7,5,4,19,8,9,3,26,10,0
3,0,1,16,1,41,11,5,11,0,10,2,0,0,0,0,13,0,0,4,7,41,3,0,5,0,0,3,0,4,0,3,14,0,0,2,4,4,0,9,12,16,0,1,0,0,7,13,1,0,0,0,9,0,10,0,16,8,7,0,5,2,1,3,0,0,0,0,0,0,0,6,2,0,5,1,1,0,24,0,6,0,5,1,10,6,0,10,0,0,29,8,0,2,0,3,0,0,0,1,1,0,0,3,4,9,1,0,8,0,0,0,0,2,0,1,0,0,0,0,10,0,0,4,3,0,0,1,14,1,2,0,14
0,0,0,0,0,0,0,1,0,5,0,6,1,6,0,0,0,10,2,0,6,0,0,0,0,4,3,0,0,10,14,1,0,6,2,0,0,0,0,0,0,1,5,0,3,12,0,0,0,1,0,1,0,13,0,11,3,0,9,5,0,8,0,0,0,6,14,1,9,0,1,0,0,9,0,1,2,6,1,4,0,5,0,0,0,0,0,0,4,3,0,0,1,3,11,4,0,0,1,14,0,0,7,0,1,0,0,15,0,5,1,1,2,0,0,6,7,0,8,0,0,6,3,1,0,0,1,1,0,0,6,0,0
10,15,13,0,1,0,0,7,2,16,6,7,2,3,9,12,1,27,6,1,19,1,3,13,2,1,9,5,0,12,9,36,9,10,9,4,2,1,0,1,3,8,19,10,6,5,4,0,0,1,2,0,12,10,0,7,10,6,22,5,27,10,17,8,28,0,4,5,8,1,10,12,3,2,1,17,6,19,11,7,12,5,2,11,4,2,8,2,7,11,0,2,15,2,0,10,0,1,0,13,1,26,12,0,16,1,1,17,8,9,0,1,17,11,1,10,16,14,2,0,5,13,5,15,5,30,1,16,6,1,16,6,0
1,14,9,1,11,4,2,8,2,17,10,14,7,2,8,10,2,21,4,6,2,1,22,4,1,13,21,11,7,5,13,24,9,9,10,9,5,2,2,4,2,8,18,13,17,4,4,6,3,0,4,0,9,4,2,24,6,7,20,5,1,10,3,7,8,6,4,2,1,3,10,4,6,9,0,13,4,26,3,10,17,1,3,14,9,5,13,3,3,9,11,8,7,11,0,9,1,14,13,0,2,7,5,0,5,0,0,5,1,1,2,8,8,4,0,5,48,7,5,1,9,2,1,4,1,31,4,13,4,3,8,7,4
29,4,0,9,1,10,5,1,17,0,13,0,1,0,0,0,1,0,1,0,0,58,1,0,4,4,0,14,2,0,1,8,0,1,0,8,0,22,0,1,7,3,0,1,8,0,16,1,12,0,34,0,10,0,62,0,5,0,0,0,1,3,1,2,0,1,0,0,0,0,0,1,3,0,7,0,0,0,5,0,2,0,10,2,6,0,0,8,0,0,1,3,0,4,0,0,1,0,1,2,0,0,0,9,1,1,0,0,6,0,0,1,0,0,0,0,0,0,0,0,15,1,0,1,0,0,0,0,5,9,2,0,4
2,10,4,0,1,1,1,4,0,0,7,20,0,3,3,0,8,9,3,1,59,5,2,6,9,5,2,10,0,25,0,45,16,21,2,6,3,1,2,7,5,12,37,18,1,14,21,2,3,0,0,2,3,16,0,12,10,3,8,6,9,3,31,2,0,9,22,0,0,2,5,7,11,3,4,7,1,0,15,1,25,5,1,13,5,5,8,3,1,10,1,1,0,7,0,6,0,0,26,7,0,0,18,0,8,8,1,6,3,7,0,5,15,14,0,5,2,12,0,0,0,8,11,21,22,30,1,0,1,0,25,1,1
0,22,5,0,0,1,0,0,0,1,2,26,1,15,1,4,0,22,11,3,15,2,2,32,0,0,4,1,1,28,2,4,3,20,10,3,12,0,22,0,0,2,6,2,6,38,4,0,0,14,0,9,3,25,0,3,3,0,21,42,6,2,5,2,7,23,42,0,28,1,2,3,2,38,0,4,18,2,0,9,6,19,0,1,0,3,7,0,9,17,0,0,11,0,73,19,0,7,12,5,0,18,0,0,0,0,0,71,2,30,29,9,8,3,2,16,8,6,11,1,5,16,34,3,1,27,12,3,6,2,21,3,1
8,0,0,5,0,0,25,1,11,0,6,1,0,0,0,0,5,0,0,0,0,5,0,0,3,1,0,3,0,6,0,0,1,0,0,0,0,6,0,1,0,2,0,0,1,0,13,3,4,0,9,0,0,0,100,0,0,0,0,0,0,0,0,1,0,0,1,0,0,0,1,0,0,0,3,0,0,0,0,0,0,0,12,0,2,1,0,2,0,0,1,1,0,1,0,1,3,0,0,0,9,0,0,0,2,6,4,0,11,0,0,0,0,0,0,0,0,0,0,0,0,0,0,0,4,0,0,0,0,1,0,0,23
2,11,6,7,4,3,3,2,0,12,2,4,13,2,3,12,8,13,4,49,11,5,14,10,8,12,19,7,8,7,3,11,20,7,5,7,17,3,0,0,5,15,30,13,8,4,3,4,3,0,5,0,3,3,0,7,17,9,2,6,12,12,1,5,2,2,3,8,2,1,20,6,24,3,4,8,0,14,6,2,18,2,4,20,24,5,6,6,5,2,14,0,3,12,0,12,4,1,16,5,1,8,0,2,0,13,0,5,3,4,1,9,3,13,0,4,11,3,8,14,20,2,2,13,1,20,1,8,15,5,3,0,7
10,0,3,6,2,14,0,4,0,0,4,0,8,0,8,0,3,0,0,6,1,7,6,1,19,5,0,3,1,0,0,7,3,0,0,4,3,1,0,14,4,6,1,1,2,0,15,2,7,0,0,0,11,1,11,1,16,14,1,0,0,3,3,2,0,0,1,0,0,0,1,2,2,0,20,2,0,0,18,0,1,0,8,1,21,14,0,10,0,0,6,4,0,0,0,0,9,0,1,0,1,8,0,6,13,0,1,0,15,0,0,0,0,1,0,1,0,2,0,1,2,1,0,1,8,2,0,0,4,0,0,3,21
0,1,4,8,8,9,7,8,5,0,4,1,0,0,5,0,7,2,0,1,0,3,14,0,0,0,0,6,2,0,0,1,1,0,0,1,1,4,0,10,3,7,0,0,1,0,29,7,25,0,1,0,11,0,55,0,1,14,0,0,1,0,4,5,0,0,3,1,0,0,1,0,3,0,0,2,0,0,5,0,2,0,7,2,5,5,0,2,0,8,10,2,0,1,0,0,1,0,1,0,0,1,0,4,0,1,0,0,12,2,0,0,0,0,0,0,1,0,0,0,0,0,0,5,6,1,0,0,0,12,2,5,4
0,15,0,0,0,0,0,0,1,0,2,15,0,28,1,1,1,30,26,2,24,0,0,37,2,1,7,0,1,58,0,0,1,31,20,0,14,1,13,0,0,1,2,0,9,98,1,1,0,21,1,15,0,54,0,11,2,2,23,71,20,0,2,0,1,14,83,0,38,5,0,4,1,140,1,4,19,0,0,18,5,33,1,1,0,0,2,0,12,15,1,0,11,0,106,97,0,15,17,5,0,6,71,0,5,0,0,0,0,30,22,17,38,0,7,24,2,6,30,0,0,21,25,1,0,33,17,2,1,0,22,0,5
0,0,3,1,0,0,7,0,6,0,0,2,0,0,0,0,6,0,0,0,12,4,0,0,16,5,0,1,0,0,0,7,0,0,0,0,0,18,0,7,6,3,1,0,1,0,45,4,4,0,6,0,0,0,37,0,0,0,0,0,0,0,1,12,0,0,0,0,0,0,0,0,0,0,11,0,0,0,20,0,0,0,25,0,0,0,0,2,0,0,13,12,0,0,0,2,8,0,8,1,6,3,2,11,3,15,12,0,0,2,0,0,0,0,0,0,0,0,0,0,7,0,0,0,12,0,0,0,0,2,3,0,0
1,8,0,0,0,0,0,4,0,4,5,25,0,30,1,0,1,44,12,0,11,0,4,25,1,0,4,3,2,23,0,10,0,15,11,0,14,0,12,0,0,4,3,3,12,39,0,0,0,16,3,18,2,20,0,6,2,0,32,36,0,3,1,0,1,9,39,0,12,1,1,7,6,26,0,7,20,0,0,17,5,15,0,2,1,2,0,1,14,19,1,2,12,1,10,12,0,5,9,1,0,7,30,0,4,0,2,30,2,0,17,12,15,3,3,12,3,19,19,0,2,12,27,2,5,60,15,0,3,0,29,2,1
0,0,0,0,0,0,0,0,0,0,0,3,0,28,0,0,0,25,15,0,13,0,0,1,0,0,5,0,0,25,0,0,0,11,14,0,15,0,1,0,0,0,0,0,1,14,0,0,0,15,0,8,0,3,0,0,0,0,14,8,5,0,0,0,0,30,22,0,30,0,0,0,0,37,0,0,10,0,0,2,0,5,0,0,0,0,0,0,13,8,0,0,10,0,2,21,0,1,0,2,0,0,29,0,1,0,0,22,0,17,0,9,9,0,5,4,0,2,7,0,0,17,19,0,0,0,8,0,0,0,7,0,0
3,5,1,1,7,6,0,2,0,9,1,20,2,6,0,4,3,27,4,1,15,1,2,8,1,4,5,0,2,12,2,15,2,11,1,4,13,0,1,0,3,0,6,1,11,14,0,4,0,5,1,3,0,17,0,4,3,0,16,5,2,3,7,6,2,19,14,2,10,2,1,2,8,10,0,7,4,6,0,3,1,2,0,3,5,0,3,1,13,9,2,0,4,1,0,3,0,1,1,8,1,5,9,0,9,0,0,17,0,12,9,0,12,14,0,7,0,3,14,0,2,9,1,0,0,17,1,4,2,0,7,6,0
0,9,2,0,0,0,1,4,0,14,7,46,2,20,2,2,1,30,7,1,12,3,1,8,1,4,4,4,0,20,6,0,0,15,4,3,8,0,0,1,1,0,15,3,3,5,3,0,0,10,0,8,2,13,1,17,1,2,16,20,7,5,5,0,3,1,12,0,8,2,1,0,8,20,0,7,16,3,1,8,4,8,0,5,1,3,4,4,2,11,0,0,3,3,8,21,0,2,17,8,0,15,8,0,3,0,0,38,0,15,9,12,0,1,2,20,16,7,5,0,1,13,6,2,0,50,12,4,3,0,16,3,1
1,11,1,1,3,0,2,0,2,6,6,1,4,1,5,1,3,0,1,33,16,16,7,1,10,15,12,14,7,4,1,2,13,3,9,2,2,2,0,1,2,23,7,17,10,2,2,1,10,0,5,1,3,1,0,7,10,9,10,2,3,5,1,4,0,2,11,0,0,0,9,2,8,5,0,19,1,5,3,1,19,0,0,7,14,4,15,8,0,0,2,1,2,11,0,13,2,0,11,4,0,14,3,0,13,1,0,0,0,3,0,14,1,0,0,1,12,1,2,3,21,4,0,2,0,2,0,5,4,4,5,1,9
0,0,0,0,0,0,0,0,0,0,0,4,0,3,0,0,0,23,1,0,3,0,0,2,0,0,0,0,0,1,0,0,0,6,5,0,0,0,5,0,0,0,0,0,0,6,0,0,0,1,0,15,0,11,0,0,0,0,2,5,2,0,0,0,0,0,15,0,8,0,0,0,0,8,0,0,21,0,0,4,0,5,0,0,0,0,0,0,1,6,0,0,2,0,8,19,0,0,1,0,0,0,2,0,0,0,0,7,0,3,5,0,2,0,0,3,0,4,7,0,0,5,4,0,0,0,1,0,0,0,2,0,0
1,9,6,0,1,1,0,2,0,9,3,14,2,9,4,9,1,43,19,1,8,0,4,11,0,6,10,0,4,14,5,3,2,9,27,4,15,1,1,0,0,2,0,4,11,9,0,1,0,7,1,3,6,18,0,3,6,2,10,15,3,6,2,4,3,1,16,0,24,1,4,2,2,18,0,7,6,10,3,0,2,6,0,5,2,0,4,0,18,12,5,1,10,8,2,10,1,6,10,5,0,5,16,0,4,1,0,24,0,12,4,7,20,1,3,0,21,9,13,0,3,25,2,8,1,7,9,6,2,4,34,4,2
0,8,2,1,5,6,3,7,0,65,8,4,20,0,4,45,21,14,9,13,4,5,26,8,2,27,28,33,25,20,39,2,11,7,11,18,4,1,0,0,0,3,15,19,7,7,0,3,5,0,1,6,0,1,0,29,8,7,17,0,1,16,0,8,82,1,8,0,0,8,27,1,25,0,0,62,4,87,0,7,13,0,0,24,6,1,43,0,10,0,2,5,11,23,0,7,0,7,16,48,0,2,8,0,11,0,1,2,0,3,0,0,16,12,0,21,0,5,8,4,14,7,0,4,0,21,8,20,3,3,3,27,4
2,7,0,1,0,0,0,1,0,1,3,29,0,16,4,1,1,23,9,2,3,0,0,16,0,1,0,2,0,15,4,0,1,10,2,0,2,1,0,0,1,1,7,1,9,15,0,0,2,8,1,3,0,6,0,2,3,4,12,22,8,0,7,0,0,1,11,0,13,0,0,0,1,18,6,1,17,0,4,2,1,6,0,2,0,2,0,0,1,20,0,0,3,0,4,6,0,0,14,7,0,12,6,0,3,2,0,6,0,19,2,3,7,1,4,9,5,0,12,0,0,5,1,5,2,18,7,0,3,3,12,0,0
0,17,2,0,0,0,0,0,0,3,1,14,4,14,0,3,4,42,10,0,9,0,5,8,1,3,4,1,2,14,10,2,1,11,12,1,11,0,7,0,1,2,0,2,10,16,0,0,1,18,1,5,0,24,0,12,3,0,17,15,4,1,0,1,4,10,38,0,10,1,3,0,3,50,0,4,13,1,0,12,2,9,0,1,1,0,4,0,17,23,0,0,10,2,6,12,0,8,2,5,0,0,11,0,8,0,0,30,0,19,7,14,5,2,7,13,8,12,0,0,2,12,24,1,0,8,14,1,0,0,27,3,3
0,0,0,0,2,3,5,0,0,0,5,0,0,7,0,1,0,0,0,98,0,8,0,0,0,4,10,9,0,0,0,0,3,0,0,5,0,0,0,0,3,4,4,0,4,0,0,0,5,0,0,0,0,0,0,0,0,0,0,0,0,1,0,1,0,0,0,0,0,0,9,0,21,0,0,1,0,0,0,0,4,0,0,0,18,3,8,3,0,0,0,0,2,0,0,0,0,0,0,1,0,0,1,0,14,1,0,0,0,0,0,0,0,3,0,0,4,0,0,0,2,0,0,0,0,1,1,0,2,6,0,5,0
3,10,15,15,11,12,4,9,9,3,9,1,0,0,25,6,1,1,0,20,2,6,8,0,14,8,24,30,10,8,1,10,15,2,6,23,2,13,0,3,9,22,8,5,12,0,4,11,14,0,0,2,12,0,1,3,22,22,4,3,2,9,2,11,0,3,1,4,0,2,13,6,15,0,6,26,3,1,12,1,34,0,10,8,14,3,0,12,1,0,13,7,1,33,0,4,10,0,5,9,15,0,5,0,20,2,0,0,7,2,0,2,1,21,0,3,14,0,2,2,0,6,0,11,3,1,2,8,19,9,0,2,5
0,8,2,2,2,0,0,0,0,2,0,7,5,27,3,6,1,16,21,0,12,1,4,5,0,1,6,2,1,7,3,7,2,21,14,6,4,5,13,0,0,3,2,3,16,11,4,0,3,6,2,3,0,11,0,9,6,6,6,19,3,3,2,1,2,1,19,0,12,3,4,0,1,25,0,4,7,8,1,8,4,4,0,2,4,1,11,1,11,8,0,0,4,1,10,11,0,6,13,2,1,8,16,0,2,1,0,21,0,12,17,9,13,4,5,25,7,5,12,0,6,0,7,2,1,21,10,6,2,0,21,0,0
0,16,0,0,0,0,0,2,0,1,0,19,1,4,0,0,1,40,9,0,17,3,2,17,0,0,2,0,0,19,0,3,0,18,11,0,7,0,1,2,0,0,1,0,6,20,0,0,0,8,0,9,2,20,0,5,2,0,19,33,3,0,3,0,0,6,27,0,6,1,0,0,1,21,0,0,7,0,1,11,6,21,0,2,0,0,0,0,6,13,3,0,14,0,11,16,0,3,5,1,0,11,34,0,2,0,0,25,0,27,19,1,6,0,4,2,0,1,24,0,0,7,0,1,3,6,11,3,0,0,13,19,2
19,2,19,15,6,3,4,26,3,1,13,3,8,0,8,1,5,5,1,5,9,12,25,2,0,13,0,12,5,1,0,38,2,0,2,4,0,1,0,1,5,1,7,9,2,0,19,2,4,0,0,0,12,0,0,3,11,5,7,0,13,6,9,14,0,4,2,2,0,0,3,6,5,0,0,12,0,1,16,0,9,0,2,10,15,4,7,11,0,2,9,5,0,5,0,7,4,1,15,4,1,21,3,0,13,1,5,1,0,2,0,0,2,2,0,8,4,5,1,0,11,2,1,0,16,7,0,6,12,5,9,4,11
17,4,3,0,1,2,6,1,0,0,3,4,4,4,5,0,14,0,2,3,9,7,3,1,15,14,0,4,1,8,0,9,5,0,0,3,0,6,1,7,6,7,10,5,17,2,42,1,0,0,3,0,5,0,7,0,7,2,3,0,7,2,15,9,0,3,6,0,0,0,13,2,4,7,14,1,0,0,8,0,13,0,1,8,1,17,0,16,0,0,17,0,0,8,0,5,3,0,5,1,0,22,1,4,1,8,6,0,12,5,0,0,0,0,0,1,0,2,0,0,3,1,3,16,0,3,1,1,12,8,4,4,5
0,20,14,2,0,0,1,6,0,1,3,85,13,0,15,10,8,61,4,5,21,10,6,52,4,5,14,2,0,20,1,22,3,38,6,6,7,3,8,1,5,3,24,2,12,11,0,0,1,0,4,24,10,7,0,7,29,0,28,45,15,5,22,0,8,2,59,4,0,7,0,3,7,0,5,16,4,6,3,36,5,5,4,29,5,1,6,3,8,100,1,0,0,6,0,4,0,0,30,31,0,30,27,0,20,2,1,33,0,60,0,17,50,2,0,7,21,18,8,1,1,21,6,7,3,0,3,4,14,1,38,8,1
0,8,1,0,0,0,0,2,0,11,1,9,4,17,2,18,0,13,15,8,10,0,4,1,0,2,3,2,1,29,4,3,1,1,16,1,8,0,0,0,1,1,2,2,8,16,0,0,0,4,0,4,3,9,0,6,4,0,6,11,4,3,0,2,3,6,22,1,11,0,4,1,0,20,0,2,4,11,0,4,4,16,0,0,0,1,2,0,8,17,0,0,18,4,4,19,0,1,1,4,0,1,12,0,1,0,0,17,0,15,8,1,12,0,1,9,8,7,14,1,2,10,11,0,1,3,0,8,1,0,15,4,2
0,22,2,0,1,1,1,3,2,12,7,3,2,0,2,10,1,13,4,7,3,7,4,3,2,7,4,4,6,10,11,11,9,4,8,7,6,1,1,0,0,3,1,1,9,1,0,0,9,0,1,0,1,0,0,87,10,3,7,3,1,46,0,7,8,0,5,0,0,0,9,0,5,0,1,6,3,17,0,4,8,4,1,7,1,1,17,1,3,0,5,1,9,7,0,8,1,1,16,13,0,0,3,0,8,0,0,2,0,0,0,4,4,5,0,6,20,0,1,0,8,6,3,6,1,4,8,0,0,5,4,0,2
15,3,25,8,8,12,13,33,3,2,19,0,23,0,13,0,8,0,1,11,6,22,14,3,3,4,4,8,17,1,0,5,7,1,2,8,1,1,0,0,9,2,15,5,2,0,4,5,7,0,0,0,15,3,0,2,21,14,2,2,16,14,10,2,0,4,0,6,0,0,1,23,7,1,17,2,2,0,1,0,4,0,1,13,18,1,4,11,1,4,9,4,0,1,0,9,14,0,6,4,5,1,6,0,15,4,0,1,0,3,0,2,3,4,0,2,3,3,0,2,19,2,0,12,12,14,1,0,0,2,6,6,0
0,0,5,8,5,9,3,3,24,0,27,3,2,0,8,1,0,4,0,6,0,3,2,1,9,4,2,5,4,0,3,0,7,0,0,0,1,10,0,5,9,1,3,8,10,0,25,9,6,0,0,0,5,0,31,0,8,16,0,4,1,7,3,6,0,0,4,1,0,0,4,3,0,0,12,4,3,0,6,0,5,0,3,2,14,5,1,14,0,0,15,11,0,3,0,3,1,0,1,3,9,0,2,1,5,0,12,0,2,0,0,0,0,4,0,4,3,3,0,6,9,0,0,5,8,1,0,5,2,0,3,3,17
4,21,9,2,1,1,2,5,1,5,1,17,4,22,7,7,9,13,10,5,49,11,5,12,1,2,8,3,3,25,3,6,3,11,13,2,25,2,2,0,2,2,10,13,10,3,6,2,2,3,0,11,3,33,1,7,10,1,28,30,9,9,3,0,4,16,35,1,4,4,4,14,5,41,3,8,5,9,5,4,7,9,5,2,5,1,15,3,8,10,8,0,9,1,3,26,2,6,16,8,2,25,21,0,3,0,2,22,3,29,7,7,16,5,2,34,3,12,27,0,0,21,13,9,4,38,15,4,6,3,0,3,2
1,3,1,1,8,0,0,20,3,4,5,10,21,4,3,7,3,2,0,1,9,2,8,3,0,5,9,3,5,2,9,9,1,7,1,0,1,0,0,1,9,0,14,23,5,1,0,0,0,0,0,0,11,2,0,16,10,15,3,0,7,11,8,0,0,3,3,0,0,0,2,4,7,0,0,7,3,4,2,0,7,1,3,7,1,1,4,5,2,3,3,1,0,3,0,10,0,0,6,7,0,1,3,0,0,3,5,0,0,2,0,6,3,1,0,4,27,0,3,5,2,0,19,4,4,8,4,0,6,3,3,0,1
1,1,12,10,2,24,7,15,2,0,4,1,6,0,3,2,12,3,1,9,7,6,10,0,6,8,3,14,6,2,0,0,11,1,2,3,1,4,0,24,11,14,3,2,2,2,2,6,28,0,3,0,15,0,10,6,17,13,1,3,5,7,2,12,2,0,0,10,0,1,0,5,3,0,20,4,0,1,1,0,22,0,3,2,28,11,3,13,0,1,14,4,2,10,0,0,14,0,0,4,4,1,1,23,7,21,4,5,0,1,0,0,1,9,0,2,4,0,3,0,5,0,2,11,5,1,2,2,0,17,2,1,0
