Ant57,Ant260,Ant52,Ant397,Ant929,Ant2,Ant6,Ant7,Ant9,Ant14,Ant19,Ant24,Ant26,Ant30,Ant38,Ant60,Ant64,Ant72,Ant74,Ant102,Ant158,Ant161,Ant196,Ant202,Ant209,Ant227,Ant245,Ant252,Ant268,Ant308,Ant311,Ant534,Ant604,Ant620,Ant646,Ant673,Ant740,Ant838,Ant954,Ant0,Ant1,Ant12,Ant13,Ant20,Ant23,Ant27,Ant29,Ant42,Ant43,Ant48,Ant49,Ant51,Ant54,Ant55,Ant62,Ant63,Ant66,Ant68,Ant70,Ant80,Ant91,Ant96,Ant97,Ant98,Ant109,Ant113,Ant118,Ant120,Ant124,Ant126,Ant127,Ant131,Ant135,Ant137,Ant140,Ant144,Ant147,Ant149,Ant156,Ant159,Ant169,Ant170,Ant172,Ant174,Ant175,Ant176,Ant190,Ant195,Ant206,Ant207,Ant210,Ant212,Ant215,Ant229,Ant232,Ant242,Ant250,Ant257,Ant261,Ant262,Ant263,Ant264,Ant289,Ant296,Ant299,Ant301,Ant313,Ant324,Ant326,Ant331,Ant332,Ant334,Ant353,Ant356,Ant376,Ant380,Ant387,Ant391,Ant395,Ant433,Ant437,Ant458,Ant462,Ant482,Ant492,Ant501,Ant507,Ant509,Ant530,Ant549,Ant560,Ant576,Ant592,Ant593,Ant607,Ant610,Ant614,Ant621,Ant635,Ant638,Ant647,Ant650,Ant665
0,4,18,3,14,7,2,1,8,3,8,0,16,0,0,0,12,9,17,25,13,18,1,0,0,5,7,24,8,0,2,3,7,15,0,24,1,22,5,8,1,1,3,1,3,3,3,8,0,2,1,6,22,0,19,9,0,0,3,19,5,8,3,20,14,1,0,0,5,3,2,4,2,13,5,6,0,2,10,2,0,13,0,8,1,6,9,0,15,5,1,0,13,24,12,3,1,0,3,19,5,4,1,0,6,2,6,0,2,2,1,1,4,21,3,0,0,6,45,12,1,3,1,2,0,0,2,8,4,0,0,20,0,30,0,3,1,1,10,27,1,11,13
4,0,0,11,9,16,21,11,3,4,2,4,1,22,14,16,2,0,2,1,4,2,49,22,3,15,4,1,0,12,1,0,2,2,12,0,8,4,6,0,66,1,0,1,25,7,6,21,25,19,21,0,0,34,0,13,11,0,3,0,8,3,9,0,0,7,24,0,25,0,11,5,16,13,0,7,61,22,0,33,8,5,5,3,4,2,1,11,17,15,1,4,2,0,1,0,1,23,1,2,1,4,4,12,0,19,6,2,11,13,6,4,22,0,10,0,1,3,0,8,16,0,12,22,7,11,0,11,0,34,4,1,13,0,13,2,45,68,7,2,9,7,2
18,0,0,0,4,1,0,0,17,0,6,7,4,0,0,0,5,0,29,28,4,18,0,0,27,0,30,7,0,1,16,0,2,11,1,13,0,1,1,0,0,16,4,0,1,2,18,1,0,1,0,3,16,0,39,1,1,4,0,29,11,4,13,25,6,0,0,13,1,4,0,4,0,4,17,1,0,0,0,1,0,3,0,3,0,1,0,0,3,0,10,0,29,4,7,7,6,0,9,3,11,5,0,2,3,3,4,0,0,0,3,0,0,3,0,0,0,0,10,8,0,0,1,0,0,0,0,4,6,0,0,4,0,2,1,0,2,0,10,11,0,1,4
3,11,0,0,7,14,13,3,0,4,0,1,0,46,10,10,1,1,0,2,1,0,6,40,1,1,1,0,4,1,2,4,0,0,14,0,12,5,23,0,35,1,1,3,11,5,8,5,24,13,8,1,0,7,0,23,7,2,9,0,2,4,0,0,0,11,9,0,10,0,2,1,19,0,0,15,7,18,2,9,24,0,2,0,34,0,9,3,10,3,4,10,0,3,5,0,0,19,0,0,3,4,3,3,0,18,21,3,11,12,14,1,8,4,8,0,4,3,3,5,15,0,6,18,6,1,0,0,0,7,8,1,17,6,18,10,21,3,14,4,10,9,0
14,9,4,7,0,22,1,1,1,0,8,1,0,0,1,0,14,16,17,6,13,19,1,0,0,8,4,9,4,1,10,28,22,8,4,24,4,6,3,5,4,2,9,0,5,18,7,7,0,1,0,7,13,0,6,2,2,2,2,6,3,28,14,24,3,0,1,7,6,0,5,5,2,26,2,1,3,0,8,3,0,10,1,9,2,6,12,0,14,2,3,0,4,3,12,16,4,2,5,10,2,18,2,1,1,0,2,0,0,4,0,0,1,5,1,0,2,4,7,10,0,2,4,0,0,0,0,26,6,2,0,28,3,1,1,2,4,0,4,34,0,5,5
7,16,1,14,22,0,13,6,1,15,3,2,8,0,7,2,5,3,4,10,4,8,13,0,0,16,3,0,1,16,7,5,0,8,1,5,12,6,3,0,17,3,3,12,4,4,10,4,4,5,3,0,0,0,0,7,6,1,16,1,29,1,0,1,0,17,1,1,16,2,10,4,5,9,1,6,3,3,3,12,3,6,0,8,6,0,4,2,1,10,2,2,1,2,14,0,2,7,1,3,1,18,8,10,6,5,10,0,1,4,1,3,7,0,8,0,1,5,0,4,0,3,2,9,7,1,3,14,2,1,0,2,11,5,0,1,17,15,8,7,7,18,3
2,21,0,13,1,13,0,6,1,5,2,15,2,1,8,9,2,11,1,0,9,2,21,7,0,21,0,1,6,11,0,4,2,3,18,0,6,2,19,0,40,4,0,3,10,2,15,30,3,5,6,1,0,0,0,8,4,3,10,5,8,6,2,0,2,26,6,0,9,1,12,4,8,0,1,9,2,9,3,13,6,3,1,7,2,0,1,9,20,14,1,6,0,0,7,0,0,14,5,0,1,8,20,2,0,7,32,0,11,9,5,2,6,0,16,0,7,12,0,24,12,4,8,2,11,0,1,17,1,12,0,1,5,3,5,7,13,15,8,0,2,20,7
1,11,0,3,1,6,6,0,0,2,0,5,0,4,18,11,0,0,0,0,1,1,41,10,0,5,1,0,0,0,0,1,0,1,10,0,6,0,15,0,48,0,0,0,17,1,0,25,15,8,16,0,0,37,0,1,5,0,1,0,5,1,0,0,2,8,34,0,5,0,14,0,3,1,0,2,42,28,0,3,10,1,4,0,6,0,0,30,0,5,0,8,0,1,1,0,0,5,0,0,0,0,0,13,0,3,7,5,26,12,2,0,14,0,6,0,0,4,0,2,21,0,2,2,7,12,0,2,0,33,27,6,9,0,4,6,6,6,0,0,17,4,1
8,3,17,0,1,1,1,0,0,0,2,0,32,0,0,0,28,0,4,36,11,27,2,0,6,2,4,2,3,0,15,2,25,16,0,15,0,0,2,16,2,5,12,3,1,27,1,0,0,3,0,6,37,0,7,5,0,12,3,8,11,18,2,10,15,1,1,6,22,2,0,19,1,6,28,0,0,0,30,1,0,3,0,12,0,8,32,0,6,0,12,0,46,6,12,3,38,0,21,22,13,0,21,6,7,0,0,1,0,2,2,4,3,21,1,0,6,5,8,2,0,2,0,1,0,0,0,9,31,1,0,0,0,6,0,0,1,1,12,3,0,6,13
3,4,0,4,0,15,5,2,0,0,0,0,1,1,0,0,3,4,6,2,1,1,3,22,3,14,4,0,6,13,1,2,1,0,9,1,7,2,9,0,4,5,0,3,2,9,19,11,4,16,1,0,2,0,0,19,2,4,6,1,20,2,4,1,2,7,5,0,0,8,3,6,6,5,0,7,2,2,3,3,6,3,1,2,3,0,0,1,7,14,2,2,0,2,4,0,0,5,23,1,0,13,1,9,1,1,4,0,0,4,3,6,4,0,0,0,2,3,0,6,2,3,0,5,3,0,0,5,2,7,0,0,5,0,1,3,8,8,5,1,4,12,7
8,2,6,0,8,3,2,0,2,0,0,2,8,0,0,0,0,2,17,1,2,6,3,2,0,6,22,2,2,4,7,10,13,5,0,12,0,3,0,13,4,17,20,0,2,14,1,30,1,0,0,9,5,0,6,2,2,4,0,20,4,13,24,18,6,0,0,5,2,2,2,26,0,23,26,0,0,1,2,9,1,9,1,24,0,9,9,0,6,2,0,0,1,0,4,3,0,4,5,0,1,1,6,1,2,1,4,0,0,0,1,0,12,1,0,0,0,2,0,11,0,1,3,9,1,0,1,25,3,0,0,19,0,4,0,7,5,3,1,4,0,5,21
0,4,7,1,1,2,15,5,0,0,2,0,0,0,7,1,1,0,1,0,0,0,7,6,0,4,0,0,5,3,1,0,0,1,2,0,2,1,14,0,24,0,2,0,2,5,2,10,3,6,3,1,0,0,0,14,21,0,10,0,6,2,0,0,0,2,4,0,6,4,6,0,4,0,0,5,9,7,0,7,3,0,3,0,9,0,1,6,1,0,0,3,1,1,2,0,0,5,0,1,1,1,1,2,0,5,11,0,1,15,8,2,4,0,7,0,3,9,0,4,5,5,8,2,18,0,0,2,3,2,0,0,11,3,9,5,6,2,0,2,1,0,2
16,1,4,0,0,8,2,0,32,1,8,0,0,0,0,2,12,4,0,16,6,51,1,0,4,1,10,6,3,7,3,4,6,18,0,6,0,3,0,1,5,8,4,0,0,5,12,10,0,0,0,6,51,0,1,2,0,5,7,3,7,16,21,1,20,2,0,3,7,0,0,1,1,3,1,1,1,0,1,4,1,10,0,8,0,1,1,0,2,0,2,0,6,5,23,0,4,0,6,7,4,9,3,2,0,0,7,0,0,0,0,1,2,7,1,0,0,1,19,0,0,1,0,0,0,0,0,0,11,4,0,3,0,10,2,2,1,0,15,2,0,4,5
0,22,0,46,0,0,1,4,0,1,0,0,0,0,2,9,0,0,0,0,0,0,4,3,2,1,0,1,0,1,0,0,0,0,11,0,0,0,5,0,25,0,0,0,6,0,0,3,13,3,8,0,0,12,0,0,1,0,0,0,1,1,0,0,0,7,16,0,3,0,1,0,11,0,0,1,11,17,0,0,0,0,8,0,5,0,0,4,0,4,0,7,0,0,0,0,0,2,0,0,0,0,0,3,0,24,0,0,10,1,3,1,1,0,1,0,0,0,0,1,6,0,0,0,1,12,0,0,0,20,9,4,1,0,1,1,0,3,0,0,12,1,0
0,14,0,10,1,7,8,18,0,0,0,7,0,2,0,9,0,0,0,1,2,0,34,14,0,9,0,0,1,3,2,1,0,0,31,0,5,3,26,0,40,0,0,1,7,4,6,11,3,7,8,0,0,6,0,32,2,2,8,0,10,0,2,0,1,5,11,0,3,0,6,0,3,3,0,11,11,8,1,2,27,0,7,1,16,0,0,7,2,0,1,5,0,1,0,0,0,6,0,0,1,1,2,3,0,31,5,0,2,15,4,5,6,0,11,0,4,3,0,13,4,0,4,0,5,2,1,0,1,22,1,0,9,1,7,1,19,12,3,1,6,2,0
0,16,0,10,0,2,9,11,0,0,0,1,2,9,9,0,0,0,0,0,0,0,29,18,0,3,0,0,3,0,0,0,0,0,16,0,2,0,7,0,152,0,0,0,1,4,6,7,39,15,13,0,0,60,0,1,3,0,0,0,0,1,9,0,0,10,36,0,6,0,7,0,8,1,0,2,5,14,0,11,4,1,0,1,17,0,0,28,0,2,0,14,0,0,0,0,0,12,1,0,2,1,0,11,0,8,17,1,10,3,7,2,14,0,12,0,0,0,0,2,10,0,1,1,3,2,0,1,0,31,9,1,5,0,9,6,9,12,0,0,20,7,0
12,2,5,1,14,5,2,0,28,3,0,1,12,0,0,0,0,16,0,4,20,3,0,0,8,0,10,20,2,0,11,0,46,5,0,2,2,2,2,0,0,13,4,1,0,10,1,0,0,0,0,4,30,0,9,9,0,7,3,7,9,20,5,11,25,0,0,4,1,6,0,2,1,1,2,0,0,0,20,4,4,7,0,0,0,0,5,0,8,1,0,1,14,4,9,4,12,1,6,1,23,6,14,5,3,5,0,0,0,6,1,2,4,8,2,0,1,2,5,7,2,0,0,12,0,0,5,18,8,0,0,7,1,5,0,1,1,0,4,10,0,3,3
9,0,0,1,16,3,11,0,0,4,2,0,4,0,0,0,16,0,4,13,5,5,1,0,9,1,6,0,0,2,4,5,3,11,0,0,4,1,5,0,0,7,0,0,0,4,9,1,0,1,4,2,3,0,0,7,0,2,2,2,13,12,0,6,2,4,0,0,4,1,6,3,0,6,2,3,0,0,15,2,0,21,0,4,0,0,3,0,14,1,3,0,0,1,10,0,7,1,15,0,8,2,1,3,1,1,3,0,0,0,1,2,0,5,2,0,6,4,1,1,0,2,0,5,0,0,0,3,10,0,0,23,0,4,0,2,4,1,18,8,1,6,5
17,2,29,0,17,4,1,0,4,6,17,1,0,0,0,0,0,4,0,36,17,22,2,0,18,0,16,2,0,2,1,2,6,5,1,6,0,2,0,6,1,6,17,2,0,1,4,0,0,0,0,44,5,0,0,1,2,1,3,3,4,9,11,3,3,0,0,49,6,0,0,1,1,22,0,0,0,0,6,0,0,1,0,10,0,22,1,0,6,2,29,1,2,3,5,14,0,0,17,0,8,0,13,4,26,0,6,0,0,0,0,3,0,9,8,0,1,1,51,3,0,2,0,1,0,0,1,27,29,2,0,1,1,0,0,0,8,2,11,7,2,7,31
25,1,28,2,6,10,0,0,36,2,1,0,16,0,1,0,4,13,36,0,4,6,0,1,16,1,12,13,2,0,13,21,15,19,0,2,0,12,1,0,3,9,22,0,0,19,5,0,0,0,0,11,6,0,8,6,0,35,2,6,4,8,6,23,16,0,0,1,9,0,0,11,1,2,5,0,1,0,18,2,0,2,1,9,0,9,4,0,10,0,4,1,13,4,11,15,6,0,28,29,10,9,5,1,18,1,4,0,0,0,1,0,2,33,0,0,6,4,49,0,0,13,0,1,0,0,1,0,27,3,0,1,1,1,0,0,1,1,9,15,0,5,9
13,4,4,1,13,4,9,1,11,1,2,0,6,0,2,0,20,5,17,4,0,40,4,0,1,0,6,1,1,1,1,0,9,5,0,15,17,4,3,3,1,8,7,2,1,5,7,8,1,2,0,12,14,0,14,7,2,16,0,4,5,19,4,7,8,0,0,13,10,12,0,8,0,11,19,0,1,0,5,2,0,7,0,6,5,7,0,0,18,1,3,1,0,4,7,5,10,0,2,13,2,4,2,2,0,0,3,1,1,0,0,0,5,3,1,0,9,15,13,4,1,0,9,1,2,0,11,21,3,0,0,12,0,2,0,2,9,5,6,0,1,23,7
18,2,18,0,19,8,2,1,27,1,6,0,51,0,0,0,3,5,22,6,40,0,0,0,9,1,15,0,5,0,15,3,11,4,5,13,2,1,1,4,1,5,11,0,4,12,17,24,0,0,0,8,24,0,21,0,0,8,2,12,19,34,17,8,2,2,0,8,1,4,0,38,4,8,1,4,2,0,30,4,0,7,0,16,0,0,13,0,1,5,8,0,2,5,11,3,8,0,9,4,12,5,1,5,0,3,8,0,0,0,0,0,0,13,12,0,22,9,13,0,1,10,3,0,0,0,8,40,2,0,0,14,0,6,1,1,7,0,14,7,0,3,10
1,49,0,6,1,13,21,41,2,3,3,7,1,4,34,29,0,1,2,0,4,0,0,14,4,14,2,7,3,13,4,5,0,4,17,1,13,2,39,0,122,0,0,5,21,4,5,59,61,15,51,0,3,54,0,12,8,1,9,2,2,1,15,0,1,43,6,0,5,0,27,1,6,16,1,11,91,59,1,24,10,3,1,7,3,0,4,33,5,6,1,25,0,0,2,4,3,9,0,0,0,2,7,26,0,14,23,6,22,11,20,7,25,2,22,1,9,4,0,6,25,1,19,6,8,9,1,18,1,71,26,3,8,4,0,22,25,57,1,9,27,6,0
0,22,0,40,0,0,7,10,0,22,2,6,0,3,14,18,0,0,0,1,0,0,14,0,1,5,0,0,2,2,0,0,0,0,10,0,5,1,4,0,37,0,0,3,15,6,2,2,12,31,4,1,0,23,0,3,7,0,9,0,4,1,0,0,0,12,27,0,1,0,0,1,7,0,0,5,36,9,1,5,16,0,2,4,12,0,1,3,4,2,0,6,0,0,0,0,1,12,1,0,0,0,3,4,0,15,12,4,3,9,9,1,8,0,7,0,6,1,0,2,10,3,3,0,13,2,0,0,0,16,5,1,14,0,13,6,9,13,2,0,1,3,1
0,3,27,1,0,0,0,0,6,3,0,0,4,2,0,0,8,9,18,16,1,9,4,1,0,3,5,3,0,0,13,10,3,13,0,0,1,3,0,0,3,0,2,8,0,4,2,2,0,3,0,5,4,0,4,6,1,12,4,12,5,12,6,16,1,0,0,19,0,0,0,18,0,0,0,10,0,1,16,1,0,14,0,12,0,2,0,0,1,5,0,0,8,10,13,0,13,0,5,4,1,0,1,0,3,0,3,0,0,0,12,0,1,14,0,0,9,8,2,1,0,4,1,0,0,0,0,6,7,0,0,1,2,3,0,3,0,0,4,0,0,4,4
5,15,0,1,8,16,21,5,2,14,6,4,1,1,9,3,0,1,0,1,0,1,14,5,3,0,9,2,17,33,6,9,2,4,5,2,8,4,19,0,14,1,2,8,5,1,22,17,6,6,12,1,1,0,0,20,3,0,18,4,18,4,17,2,1,15,7,0,12,0,12,1,28,3,0,15,3,7,11,11,0,5,0,1,11,6,8,14,7,18,4,6,1,8,9,0,0,13,0,1,3,10,2,9,0,9,13,1,0,12,4,21,5,1,11,0,2,16,10,5,1,0,5,4,7,0,0,8,1,0,0,9,7,18,9,5,15,8,4,4,4,15,4
7,4,30,1,4,3,0,1,4,4,22,0,10,0,0,0,10,6,16,12,6,15,2,0,5,9,0,15,5,21,9,2,4,17,0,11,2,4,2,1,1,28,19,5,2,6,11,4,2,4,2,17,24,0,4,4,2,8,7,9,20,31,30,24,3,3,2,9,4,10,0,21,0,13,15,2,0,0,7,5,0,7,0,13,3,4,4,0,5,5,2,0,15,4,8,11,1,2,5,22,8,13,18,3,10,2,6,0,0,0,1,2,6,1,2,0,12,1,5,6,1,6,4,14,0,0,1,58,18,2,0,32,0,6,0,10,1,3,16,56,2,9,4
24,1,7,0,9,0,1,0,2,0,2,0,6,1,0,0,20,0,2,13,1,0,7,0,3,2,15,0,7,0,10,9,11,19,0,15,0,2,0,1,0,1,2,0,0,15,5,0,0,0,0,30,14,0,3,1,0,6,0,15,0,20,6,27,28,0,2,1,7,0,1,14,0,6,4,0,0,0,20,0,0,0,0,1,3,4,5,0,24,3,3,0,16,4,20,25,32,3,11,4,7,7,0,8,9,0,6,2,0,0,0,0,0,12,0,0,1,15,6,8,0,8,3,0,0,0,3,2,25,0,0,30,0,5,0,1,2,0,3,17,0,8,2
8,0,0,4,4,1,6,0,3,6,2,5,3,0,1,3,2,0,0,2,1,5,3,2,0,17,5,7,0,7,4,3,1,2,1,3,4,13,1,1,2,0,0,15,4,3,2,7,1,6,2,0,1,0,0,9,5,5,8,4,6,7,0,4,0,4,1,0,8,2,5,5,0,3,3,8,0,3,2,18,3,4,0,1,6,0,9,0,9,3,1,1,2,1,3,0,2,0,1,4,6,1,10,6,0,6,7,5,0,5,3,5,9,14,0,0,0,5,0,6,4,0,1,1,0,0,1,2,0,0,0,0,1,15,3,17,13,5,7,2,2,5,2
0,12,1,1,1,16,11,0,0,13,4,3,7,1,3,0,0,2,2,0,1,0,13,2,0,33,21,0,7,0,6,1,2,3,1,0,7,4,18,0,17,1,1,2,4,1,3,9,7,7,1,2,0,0,1,6,5,0,9,1,4,8,10,1,2,13,3,0,11,0,1,5,3,6,0,7,7,3,0,13,2,7,1,1,8,2,1,3,6,24,17,4,1,0,1,0,1,19,0,4,0,4,5,5,0,4,9,1,0,2,6,1,7,0,11,0,3,7,0,3,0,3,4,0,8,0,1,2,0,9,0,6,5,1,3,13,1,14,3,3,5,47,6
2,1,16,2,10,7,0,0,15,1,7,1,3,0,2,0,11,4,1,13,1,15,4,0,13,6,9,10,4,6,0,5,15,28,0,17,1,4,0,0,2,22,6,8,1,4,5,2,0,3,0,8,13,0,0,8,1,0,0,8,7,11,41,2,4,1,0,0,7,6,0,0,0,5,11,0,0,0,2,11,1,32,0,3,0,1,0,0,5,1,10,1,7,0,15,1,8,3,7,13,4,5,2,1,3,2,12,0,0,2,3,3,0,1,0,0,10,1,9,6,0,5,5,17,2,0,0,9,2,0,0,44,8,6,0,7,0,4,1,21,2,12,1
3,0,0,4,28,5,4,1,2,2,10,0,4,0,1,0,0,5,2,21,0,3,5,0,10,9,2,9,3,1,5,0,10,6,0,8,3,10,2,0,2,6,6,2,1,3,5,0,0,5,0,2,15,0,5,10,0,12,2,7,16,10,23,4,8,3,0,0,3,1,3,1,0,1,0,1,0,1,8,5,7,5,0,14,2,5,2,0,3,5,6,0,7,3,7,3,2,7,5,15,1,13,2,0,8,1,3,0,0,1,0,3,0,4,0,0,8,10,5,1,0,2,2,9,2,0,0,22,3,0,0,9,1,7,5,6,1,3,11,26,0,4,5
7,2,2,0,22,0,2,0,25,1,13,0,6,0,0,0,46,3,6,15,9,11,0,0,3,2,4,11,1,2,15,10,0,19,0,15,0,4,0,35,6,16,21,1,1,3,7,1,0,0,0,8,13,0,31,8,0,6,1,1,20,34,15,6,18,0,0,7,1,3,0,3,0,5,14,0,0,0,19,6,0,3,0,3,0,7,8,0,13,6,15,0,32,5,4,1,5,0,18,16,11,8,0,0,0,0,2,0,0,1,0,0,0,4,0,0,5,4,9,39,0,5,0,3,0,0,25,23,15,0,0,20,3,1,0,0,0,0,7,33,0,7,20
15,2,11,0,8,8,3,1,16,0,5,1,18,0,0,0,5,11,5,19,5,4,4,0,13,4,17,19,2,3,28,6,19,0,0,8,0,2,0,0,2,16,25,0,0,14,0,3,0,2,0,6,15,0,2,11,0,1,0,17,13,16,6,9,0,0,1,2,9,0,1,1,1,2,10,0,2,0,25,3,0,25,0,3,2,6,10,0,12,4,15,0,15,10,6,11,11,4,5,5,1,16,6,1,12,0,0,0,0,1,0,3,7,12,1,0,1,4,1,3,0,11,3,0,1,0,0,17,19,1,0,18,0,8,1,1,1,4,23,9,0,7,7
0,12,1,14,4,1,18,10,0,9,0,2,0,11,31,16,0,0,1,0,0,5,17,10,0,5,0,0,1,1,0,0,0,0,0,1,5,0,5,0,48,1,2,2,32,0,5,1,30,53,5,0,0,27,0,14,9,2,1,3,1,2,0,0,3,7,14,1,1,1,7,0,8,0,0,5,41,25,0,11,10,0,6,3,14,0,3,4,22,7,0,21,0,0,3,0,0,11,0,1,0,1,0,13,0,10,13,2,9,7,2,1,4,0,9,2,2,2,0,5,16,0,4,0,14,1,0,3,1,25,10,0,9,0,12,0,1,17,4,1,18,6,1
24,0,13,0,24,5,0,0,15,1,12,0,6,0,0,0,2,0,6,2,15,13,1,0,0,2,11,15,3,0,17,8,15,8,1,0,2,3,0,5,1,13,13,0,4,0,2,0,0,1,0,10,20,0,36,0,0,3,0,17,8,10,13,22,23,1,0,12,9,1,1,6,2,20,28,0,3,0,6,10,0,10,0,24,0,1,10,0,6,2,15,0,2,4,9,6,6,0,5,11,0,4,8,2,12,0,0,0,0,1,0,0,1,3,1,0,2,2,40,0,0,0,0,0,0,0,7,42,7,0,0,5,0,9,0,2,2,0,2,8,0,3,16
1,8,0,12,4,12,6,6,0,7,0,2,0,0,5,2,2,4,0,0,17,2,13,5,1,8,2,0,4,7,1,3,0,0,5,2,0,0,12,6,7,0,2,4,3,2,12,10,0,7,3,1,0,0,0,14,23,0,10,0,3,1,2,0,3,6,3,0,12,1,3,2,1,2,0,11,1,3,1,18,6,1,4,4,19,0,1,1,1,4,3,7,0,0,3,0,0,0,0,1,0,0,3,16,0,6,9,0,1,2,7,6,2,1,6,0,3,5,0,5,0,3,12,8,8,0,0,10,0,5,0,1,9,2,7,12,13,19,6,0,7,9,3
22,4,1,5,6,6,2,0,0,2,3,1,3,0,3,0,2,1,2,12,4,1,2,1,3,4,4,2,13,4,4,10,4,2,0,3,0,0,5,1,1,8,14,5,0,10,9,2,4,0,5,8,7,0,1,4,4,3,8,7,10,1,2,1,6,3,0,1,5,5,0,1,5,1,5,4,0,8,4,8,4,26,0,11,0,2,9,0,9,0,2,1,17,7,6,2,1,0,3,6,8,7,2,5,2,1,4,0,0,3,2,7,0,2,0,0,5,16,1,11,3,7,3,9,1,0,3,1,13,2,0,12,5,14,1,15,0,8,4,7,3,2,1
5,6,1,23,3,3,19,15,2,9,0,14,0,5,26,7,2,5,0,1,3,1,39,4,0,19,2,0,1,18,0,2,0,0,5,0,12,5,0,0,4,0,1,7,7,0,5,18,21,8,5,1,2,0,3,21,17,5,12,0,6,1,4,2,3,18,1,0,16,0,4,1,9,5,0,15,7,26,6,35,3,4,0,5,8,0,4,3,4,16,4,18,1,1,2,1,2,4,0,4,1,2,12,27,1,40,21,3,4,12,15,13,10,0,8,0,13,13,0,9,27,1,12,1,4,0,2,11,2,15,0,1,15,5,1,6,13,29,4,3,5,9,2
8,0,0,0,5,0,0,0,16,0,13,0,1,0,0,0,0,0,6,0,3,4,0,0,0,0,1,1,1,0,0,0,35,0,0,5,6,1,0,0,0,2,5,0,1,0,0,0,0,0,0,3,22,0,15,0,0,0,0,8,2,8,1,4,2,0,0,2,5,3,0,2,0,13,4,0,0,0,2,1,0,6,0,6,0,2,0,0,2,2,1,0,0,0,1,1,1,3,2,6,0,0,0,0,0,0,2,0,0,0,0,0,7,8,1,0,0,4,0,0,0,0,0,1,0,0,0,25,5,0,0,0,1,2,0,0,0,0,0,1,0,13,1
1,66,0,35,4,17,40,48,2,4,4,24,5,25,40,152,0,0,1,3,1,1,122,37,3,14,1,0,2,17,2,2,6,2,48,1,7,1,4,0,0,3,3,12,26,5,2,67,92,57,60,0,0,175,0,15,42,1,9,2,0,7,13,1,2,71,53,0,28,1,18,2,41,5,0,2,79,49,3,21,30,5,4,0,19,2,1,104,1,10,3,45,1,1,4,1,2,22,0,0,0,4,1,28,2,36,14,4,52,18,42,9,36,0,44,0,4,3,0,27,44,1,21,9,22,18,1,5,1,157,19,1,16,3,28,31,77,110,2,0,54,22,4
1,1,16,1,2,3,4,0,5,5,17,0,8,0,0,0,13,7,6,9,8,5,0,0,0,1,28,1,0,1,22,6,16,16,1,13,0,8,0,2,3,0,25,4,3,11,5,0,0,0,0,0,4,0,24,2,25,5,1,2,11,2,19,8,3,1,0,2,12,12,0,1,1,9,3,0,2,0,17,1,2,9,0,13,4,1,15,0,15,5,8,0,3,7,12,5,9,2,3,5,9,6,5,1,13,0,1,0,0,0,1,0,1,9,1,0,8,0,1,11,0,15,4,8,0,0,3,19,12,1,0,8,0,7,0,2,4,4,23,11,0,9,6
3,0,4,1,9,3,0,0,12,0,20,2,4,0,0,0,4,0,17,22,7,11,0,0,2,2,19,2,0,1,6,6,21,25,2,13,2,14,1,5,3,25,0,0,2,2,0,1,0,3,0,27,9,0,6,0,0,3,1,6,1,6,5,13,9,8,0,3,12,0,0,6,1,13,10,5,1,1,6,3,1,7,0,12,1,1,1,0,6,0,11,0,10,4,6,2,21,1,5,6,42,1,4,1,6,1,1,0,0,2,0,0,0,6,3,0,0,1,2,14,0,5,5,4,0,0,1,15,3,0,0,7,1,3,0,4,0,3,6,17,0,7,6
1,1,0,3,0,12,3,0,3,3,0,0,0,0,1,0,1,0,2,0,2,0,5,3,8,8,5,0,15,2,8,2,1,0,2,0,4,5,7,0,12,4,0,0,1,13,14,1,1,2,0,4,2,0,0,16,6,2,14,2,2,1,0,0,0,5,1,0,4,0,1,2,2,0,0,10,0,1,1,4,0,6,0,3,2,0,1,1,1,0,4,7,0,2,13,0,2,1,9,1,0,4,5,6,0,2,9,0,3,0,2,4,1,3,3,0,11,7,1,16,3,1,2,2,6,0,2,9,0,4,0,0,10,10,3,3,3,5,6,1,0,4,2
3,25,1,11,5,4,10,17,1,2,2,2,0,6,7,1,0,0,0,0,1,4,21,15,0,5,2,0,4,4,1,1,1,0,32,4,3,0,7,1,26,3,2,1,0,0,5,7,15,18,4,0,1,15,0,15,9,2,6,0,6,3,0,0,0,13,16,0,6,1,12,3,5,7,1,3,48,44,1,2,6,1,6,2,6,0,2,4,12,16,1,5,0,0,1,0,0,10,1,0,0,4,4,3,0,13,4,3,4,10,1,3,6,0,4,0,3,1,0,6,34,0,1,2,17,8,0,4,0,17,13,9,5,0,14,6,6,14,3,0,3,4,1
3,7,2,5,18,4,2,1,27,9,14,5,5,0,4,4,10,4,1,19,5,12,4,6,4,1,6,15,3,1,4,3,3,14,0,0,2,10,0,0,5,11,2,13,0,0,1,1,1,4,3,8,10,0,5,18,0,8,1,3,5,17,13,4,23,1,1,0,2,0,0,6,1,6,11,2,4,2,10,9,2,8,0,10,3,1,6,1,11,3,5,5,38,9,13,0,11,3,50,2,11,14,9,4,6,1,18,0,1,2,5,10,3,8,5,0,10,10,1,8,1,10,3,1,4,0,3,30,13,3,0,7,6,7,3,8,4,7,18,3,0,11,2
3,6,18,8,7,10,15,0,1,19,1,2,12,0,6,6,1,9,4,5,7,17,5,2,2,22,11,5,2,3,5,5,7,0,5,2,12,9,5,0,2,5,0,14,5,1,0,6,1,4,10,3,0,0,2,25,11,8,6,5,15,24,4,4,3,4,1,1,7,15,5,4,19,4,2,6,0,1,10,25,2,5,0,9,7,2,3,1,26,4,16,10,2,3,18,4,6,1,11,6,4,22,4,4,3,4,18,1,3,2,2,7,13,4,1,0,1,23,9,13,0,19,4,17,2,0,0,3,6,2,0,3,11,4,0,1,3,2,23,7,2,13,3
8,21,1,5,7,4,30,25,0,11,30,10,10,3,11,7,0,1,0,0,8,24,59,2,2,17,4,0,7,9,2,0,1,3,1,0,10,2,18,0,67,0,1,1,7,1,6,0,29,15,16,0,1,9,0,2,6,3,13,0,5,5,20,0,7,39,31,0,14,2,22,10,4,4,1,10,35,10,1,21,25,4,0,9,5,0,1,11,6,7,4,8,0,3,1,0,0,13,1,0,0,1,6,35,0,13,19,4,5,12,18,8,30,1,17,0,4,10,1,6,16,0,28,3,4,0,4,7,8,25,16,5,13,7,8,38,10,34,1,1,19,22,9
0,25,0,24,0,4,3,15,0,4,1,3,0,13,3,39,0,0,0,0,1,0,61,12,0,6,2,0,1,7,0,0,0,0,30,0,0,4,21,0,92,0,0,1,15,1,1,29,0,33,10,0,0,83,1,1,4,0,3,0,1,2,2,4,0,12,36,0,6,1,18,0,13,2,1,2,61,24,0,8,16,0,7,4,21,0,1,27,1,1,2,6,0,0,0,0,0,10,0,0,0,1,1,12,0,13,12,3,30,13,5,0,18,0,14,0,2,3,0,1,36,1,0,2,12,10,0,2,0,96,15,1,4,5,13,10,28,33,0,1,7,6,0
2,19,1,13,1,5,5,8,3,16,0,6,0,3,7,15,0,1,0,0,2,0,15,31,3,6,4,0,6,7,3,5,0,2,53,1,7,0,8,0,57,0,3,2,18,4,4,15,33,0,22,0,0,36,2,5,2,0,7,0,3,0,0,0,1,31,15,1,7,0,7,0,15,8,1,9,56,24,0,15,11,0,9,2,12,0,2,18,3,2,3,20,0,1,1,0,0,20,0,2,2,2,2,15,2,16,18,9,21,18,5,3,12,1,14,0,3,3,0,1,17,2,14,2,40,4,0,5,0,27,29,4,4,0,24,10,2,22,1,2,28,3,5
1,21,0,8,0,3,6,16,0,1,0,3,0,8,8,13,0,4,0,0,0,0,51,4,0,12,2,0,2,1,0,0,0,0,5,0,3,5,5,0,60,0,0,0,4,3,10,16,10,22,0,3,0,12,0,12,2,0,8,1,2,1,3,0,0,18,17,0,0,0,15,0,5,4,0,4,30,10,1,12,4,3,2,0,1,0,0,23,2,9,0,12,0,2,0,0,1,3,0,0,0,4,3,6,0,5,22,5,17,13,1,3,9,1,3,0,6,2,0,2,9,0,3,0,3,5,0,0,4,15,12,1,4,1,11,15,6,4,0,1,16,5,11
6,0,3,1,7,0,1,0,6,0,9,1,6,0,0,0,4,2,44,11,12,8,0,1,5,1,17,30,0,2,8,2,8,6,0,10,1,8,1,3,0,0,27,4,0,8,3,0,0,0,3,0,24,0,1,5,0,5,2,11,3,11,8,43,2,1,0,35,7,0,2,1,0,2,3,1,0,0,16,2,0,6,0,18,0,3,6,0,4,0,3,0,26,3,3,8,6,0,6,10,1,0,5,3,3,0,2,0,0,0,2,1,1,33,3,0,11,3,3,1,1,11,4,0,0,0,10,19,9,0,0,13,2,1,1,2,3,1,0,27,0,1,1
22,0,16,0,13,0,0,0,37,2,5,0,51,0,0,0,30,3,5,6,14,24,3,0,4,1,24,14,1,0,13,15,13,15,0,20,0,7,2,22,0,4,9,2,1,10,0,1,0,0,0,24,0,0,4,1,0,2,3,16,14,23,48,8,11,0,0,14,10,1,2,6,1,3,3,0,0,0,10,2,0,6,0,20,0,3,10,0,11,1,3,0,18,18,11,11,10,0,11,29,6,4,4,1,6,0,1,0,0,0,1,0,0,5,0,0,9,2,7,0,0,3,1,0,0,0,7,65,14,2,0,23,0,3,0,1,3,3,2,19,0,3,24
0,34,0,7,0,0,0,37,0,0,0,0,0,12,6,60,0,0,0,0,0,0,54,23,0,0,0,0,0,0,0,0,0,0,27,0,0,0,0,0,175,0,0,0,15,0,0,9,83,36,12,0,0,0,0,0,0,0,0,0,0,0,0,0,0,19,28,0,2,0,5,0,3,0,0,0,77,47,0,0,6,0,5,0,4,0,0,18,0,0,0,10,0,0,0,0,0,11,0,0,0,0,0,9,0,6,12,5,20,12,0,0,6,0,0,0,0,0,0,0,31,0,0,0,16,4,0,0,0,38,15,0,0,0,17,1,3,0,0,0,8,1,0
19,0,39,0,6,0,0,0,7,0,6,0,1,0,0,0,9,0,0,8,14,21,0,0,4,0,4,3,0,1,0,5,31,2,0,36,0,1,3,15,0,24,6,0,0,5,2,0,1,2,0,1,4,0,0,0,0,0,0,6,7,9,11,36,10,1,0,9,7,2,0,3,0,23,6,0,1,0,14,0,0,3,0,5,0,18,2,0,2,1,9,0,7,13,5,3,3,7,6,17,1,6,0,0,0,0,5,0,0,2,0,3,2,9,0,0,3,0,46,7,0,0,3,3,0,0,2,23,4,0,0,0,0,1,0,3,3,0,7,3,0,4,7
9,13,1,23,2,7,8,1,5,19,2,14,2,0,32,1,9,7,1,6,7,0,12,3,6,20,4,1,9,6,8,10,8,11,14,0,14,4,21,0,15,2,0,16,15,18,25,2,1,5,12,5,1,0,0,0,12,10,16,0,29,6,1,0,6,8,0,0,4,6,3,1,9,4,3,18,3,4,4,37,26,6,1,16,8,0,1,2,5,11,5,3,3,9,10,0,1,1,11,3,6,20,3,11,0,9,14,0,2,16,19,14,0,0,13,0,14,8,1,24,4,13,2,24,12,0,0,3,4,5,0,1,36,14,5,10,6,12,8,4,4,8,5
0,11,1,7,2,6,4,5,0,2,2,21,0,1,2,3,0,0,2,0,2,0,8,7,1,3,2,0,5,5,1,0,0,0,9,0,23,4,17,0,42,25,0,6,9,0,11,6,4,2,2,0,0,0,0,12,0,0,12,0,3,3,0,0,2,7,7,0,4,0,4,0,4,0,0,10,4,21,1,10,0,2,1,0,6,0,1,2,16,5,1,10,2,2,3,0,2,4,0,0,0,11,8,8,0,6,12,0,7,5,15,20,1,2,16,0,0,3,1,12,6,1,2,5,0,0,1,1,1,3,0,0,146,5,8,7,4,3,16,1,1,5,4
0,0,4,2,2,1,3,0,12,4,4,0,5,0,2,0,7,2,1,35,16,8,1,0,12,0,8,6,5,0,0,12,6,1,2,3,0,3,5,0,1,5,3,2,2,8,8,3,0,0,0,5,2,0,0,10,0,0,1,2,9,22,0,10,2,2,0,0,3,4,3,4,0,2,1,2,0,0,3,4,0,6,0,3,0,2,2,0,27,2,1,2,3,2,11,1,1,0,13,7,6,7,1,1,1,0,4,0,0,1,4,3,0,1,2,0,3,5,2,4,1,7,1,1,1,0,0,2,16,2,0,1,4,4,0,0,0,0,18,2,0,9,5
3,3,0,9,2,16,10,1,3,6,0,10,7,0,8,0,3,2,3,2,0,2,9,9,4,18,7,0,8,9,0,2,1,0,1,0,10,8,12,0,9,1,1,14,6,1,6,13,3,7,8,2,3,0,0,16,12,1,0,2,5,0,1,0,4,5,2,0,13,0,2,0,6,4,2,11,1,5,7,8,6,7,1,4,6,0,11,1,5,5,5,4,1,6,1,0,1,1,4,0,2,12,2,6,1,4,21,0,2,8,16,8,6,2,6,0,7,11,0,11,3,4,8,10,14,0,0,2,9,2,0,1,7,6,6,15,6,7,7,1,5,2,5
19,0,29,0,6,1,5,0,8,1,20,0,3,0,0,0,7,2,3,6,4,12,2,0,12,4,9,15,4,1,8,7,1,17,3,17,0,7,0,8,2,2,6,2,0,3,5,0,0,0,1,11,16,0,6,0,0,2,2,0,3,19,9,19,4,2,0,12,7,1,6,7,0,9,8,1,0,0,2,2,0,23,0,5,0,4,2,0,4,11,8,0,15,0,10,4,1,1,8,10,7,20,5,0,15,0,3,0,0,4,0,0,4,11,1,0,3,16,0,4,0,5,1,5,1,0,1,14,3,0,0,0,0,2,0,0,0,7,14,35,0,9,15
5,8,11,2,3,29,8,5,11,20,4,6,7,1,10,0,9,13,4,4,5,19,2,4,5,18,20,0,6,4,7,16,20,13,1,8,3,10,6,2,0,11,1,2,6,5,15,5,1,3,2,3,14,0,7,29,3,9,5,3,0,10,6,7,7,0,2,2,9,7,3,2,4,12,4,9,3,0,1,14,3,11,0,14,2,1,2,4,9,7,3,1,4,17,20,4,6,3,2,8,2,15,17,12,1,15,9,1,0,8,5,3,6,1,2,0,16,20,2,4,0,3,2,13,10,0,4,13,12,3,0,8,7,18,6,3,10,7,18,11,6,4,7
8,3,4,4,28,1,6,1,18,2,13,2,16,1,0,1,20,12,9,8,19,34,1,1,12,4,31,20,7,8,11,10,34,16,2,10,1,1,1,8,7,2,6,1,3,17,24,5,2,0,1,11,23,0,9,6,3,22,0,19,10,0,15,16,16,5,2,20,7,1,0,11,1,5,0,1,0,3,7,11,1,15,0,5,2,8,9,1,24,2,4,1,2,19,22,8,13,0,20,25,11,11,4,7,3,3,3,0,2,1,7,0,6,15,1,0,9,14,14,8,0,9,4,14,0,0,2,25,5,1,0,11,0,19,1,10,3,4,9,12,0,26,36
3,9,13,0,14,0,2,0,2,4,24,0,21,0,2,9,5,0,11,6,4,17,15,0,6,17,30,6,0,10,41,23,15,6,0,13,2,2,4,1,13,19,5,0,0,13,4,20,2,0,3,8,48,0,11,1,0,0,1,9,6,15,0,18,1,0,0,18,8,0,2,11,0,7,4,0,3,0,4,27,2,12,0,13,0,2,6,0,5,21,7,0,2,3,2,6,7,8,8,33,2,2,9,3,0,4,17,0,0,0,0,0,14,1,0,0,0,6,6,8,1,2,42,0,5,0,9,33,0,0,0,8,0,2,0,17,18,9,4,44,0,14,11
20,0,25,0,24,1,0,0,10,1,18,0,1,0,0,0,11,6,3,23,7,8,0,0,16,2,24,27,4,1,2,4,6,9,0,22,0,1,2,4,1,8,13,0,0,4,4,0,4,0,0,43,8,0,36,0,0,10,0,19,7,16,18,0,7,0,0,13,9,1,2,3,0,9,11,0,0,0,13,0,0,1,0,12,0,10,4,0,12,2,7,0,16,2,1,6,1,1,12,21,1,7,2,0,8,0,0,0,0,2,2,3,1,8,0,0,1,4,24,0,0,4,0,1,0,0,16,6,40,0,0,0,0,7,0,0,3,1,6,31,0,0,8
14,0,6,0,3,0,2,2,15,2,6,0,20,0,1,0,25,2,3,16,8,2,1,0,1,1,3,28,0,2,4,8,18,0,3,23,3,6,3,2,2,3,9,0,0,23,3,7,0,1,0,2,11,0,10,6,2,2,4,4,7,16,1,7,0,0,0,12,6,1,2,26,0,1,1,1,0,0,13,3,1,43,0,4,0,2,2,2,11,4,2,0,19,8,11,10,7,7,6,10,7,20,0,3,9,0,7,1,0,0,2,2,1,1,1,0,4,2,5,3,0,13,3,2,1,0,2,5,4,0,0,0,1,7,0,5,2,4,1,6,0,0,11
1,7,0,11,0,17,26,8,1,7,0,2,2,7,5,10,0,4,0,0,0,2,43,12,0,15,3,0,4,13,1,3,0,0,7,1,6,3,18,0,71,1,8,5,13,1,4,39,12,31,18,1,0,19,1,8,7,2,5,2,0,5,0,0,0,0,3,0,7,0,12,1,11,0,0,4,25,38,3,15,20,5,3,6,5,0,2,16,10,5,5,2,1,1,1,0,0,6,5,3,0,0,4,15,0,24,21,2,4,8,3,3,15,2,14,0,3,2,0,5,8,1,11,2,6,5,1,7,5,10,6,3,15,2,3,22,13,41,8,8,10,15,3
0,24,0,9,1,1,6,34,1,5,0,4,0,16,11,36,0,0,0,0,0,0,6,27,0,7,2,2,1,3,0,0,0,1,14,0,3,0,1,0,53,0,0,1,16,1,1,31,36,15,17,0,0,28,0,0,7,0,2,0,2,2,0,0,0,3,0,0,8,0,19,2,3,11,0,4,59,12,0,11,35,0,4,0,9,0,0,7,0,2,1,23,0,0,0,0,0,8,0,0,0,0,0,10,0,13,26,0,29,24,27,3,11,0,9,1,2,1,0,8,12,1,22,11,0,16,0,2,1,24,29,0,9,0,9,4,13,31,0,0,20,1,0
0,0,13,0,7,1,0,0,6,0,5,0,3,0,0,0,4,0,49,1,13,8,0,0,19,0,9,1,0,0,0,0,7,2,1,12,0,1,0,2,0,2,3,0,0,0,1,0,0,1,0,35,14,0,9,0,0,0,0,12,2,20,18,13,12,0,0,0,1,0,0,8,0,5,1,0,0,0,2,0,0,6,0,13,0,24,1,0,4,0,1,0,10,5,0,5,3,0,2,6,6,1,0,0,1,1,0,0,0,0,0,4,0,5,2,0,0,2,11,3,0,0,0,0,0,0,15,16,11,0,0,1,0,2,0,0,0,0,0,7,0,0,20
5,25,1,10,6,16,9,5,22,0,2,6,7,3,3,6,1,4,6,9,10,1,5,1,0,12,4,7,8,11,7,3,1,9,1,9,12,5,16,5,28,12,12,4,6,2,7,14,6,7,0,7,10,2,7,4,4,3,13,7,9,7,8,9,6,7,8,1,0,6,6,0,10,8,3,7,20,10,5,33,13,4,0,11,7,2,11,4,7,11,7,3,13,4,3,1,3,18,5,3,7,4,1,25,1,6,25,10,1,8,14,4,26,4,3,0,3,6,1,6,4,3,24,8,4,0,0,4,4,2,0,10,6,12,4,18,65,17,4,9,3,15,5
3,0,4,0,0,2,1,0,2,8,2,4,0,0,0,0,6,1,0,0,12,4,0,0,0,0,10,0,2,0,6,1,3,0,1,1,1,5,0,3,1,12,0,0,1,0,15,2,1,0,0,0,1,0,2,6,0,4,0,1,7,1,0,1,1,0,0,0,6,0,0,1,2,0,0,1,0,0,2,1,0,0,0,5,3,0,5,0,4,2,13,0,2,8,3,0,0,3,0,1,0,6,0,4,0,6,1,0,0,0,0,0,7,0,3,0,1,1,0,1,0,1,2,4,1,0,3,8,0,1,0,3,0,0,0,0,5,0,1,1,1,11,1
2,11,0,2,5,10,12,14,0,3,2,6,0,1,6,7,0,6,0,0,0,0,27,0,0,12,0,1,5,1,0,3,0,1,7,1,3,0,4,0,18,0,0,1,12,0,5,22,18,7,15,2,2,5,0,3,4,3,2,6,3,0,2,2,2,12,19,0,6,0,0,0,14,3,0,17,21,25,0,9,6,2,0,0,2,0,8,24,2,9,0,6,0,0,1,0,0,6,0,7,0,3,0,7,0,1,14,5,12,28,8,7,8,0,6,0,7,8,0,2,21,0,3,0,4,1,0,9,3,23,12,0,2,0,6,3,6,8,0,1,26,2,1
4,5,4,1,5,4,4,0,19,6,26,0,1,0,0,0,2,3,1,11,8,38,1,1,18,1,21,14,5,5,0,1,3,1,0,6,2,1,1,2,2,1,6,2,3,6,4,10,0,0,0,1,6,0,3,1,0,4,0,7,2,11,11,3,26,1,2,8,0,1,0,0,2,24,1,0,6,0,19,3,0,2,0,22,2,2,5,0,12,0,6,0,10,0,69,8,9,0,2,10,48,1,0,2,2,1,4,0,0,0,1,0,7,21,6,0,1,2,0,1,0,1,4,2,0,0,5,12,7,1,0,14,0,0,0,5,3,4,0,13,0,2,16
2,16,0,19,2,5,8,3,1,6,0,4,1,11,3,8,1,0,1,1,0,4,6,7,0,28,0,0,0,3,0,0,0,1,8,2,1,5,9,0,41,1,1,2,5,1,19,4,13,15,5,0,1,3,0,9,4,0,6,0,4,1,0,0,0,11,3,0,10,2,14,2,0,8,0,3,34,15,2,15,6,0,2,0,13,0,0,4,4,4,0,2,0,0,0,0,0,9,0,6,1,4,0,10,1,4,11,0,6,10,5,4,10,0,9,1,7,2,3,6,7,0,3,0,7,1,0,2,0,15,14,3,5,6,10,6,14,17,2,2,0,16,0
13,13,4,0,26,9,0,1,6,5,23,0,3,0,3,1,1,6,22,2,11,8,16,0,0,3,13,6,3,6,5,1,5,2,0,20,2,1,5,13,5,9,13,0,7,6,4,4,2,8,4,2,3,0,23,4,0,2,4,9,12,5,7,9,1,0,11,5,8,0,3,24,8,0,9,0,8,1,12,26,0,9,4,14,0,3,5,0,13,5,8,0,4,2,6,0,2,18,0,6,2,0,2,5,0,5,10,2,0,1,5,5,17,0,4,0,5,11,6,6,0,2,15,9,2,0,1,34,4,2,0,13,10,10,0,7,4,14,3,7,1,11,16
5,0,17,0,2,1,1,0,28,0,26,0,1,0,0,0,2,2,0,5,19,1,1,0,0,0,15,4,3,0,11,0,14,10,0,28,0,5,0,4,0,3,10,0,1,11,2,1,1,1,0,3,3,0,6,3,0,1,2,8,4,0,4,11,1,0,0,1,3,0,0,1,0,9,0,0,1,0,1,2,0,18,2,15,0,2,0,0,1,0,0,0,5,5,6,1,22,0,0,4,4,0,4,2,5,0,7,0,1,0,2,3,9,15,17,0,1,0,0,5,0,4,0,0,0,0,8,0,2,0,0,7,0,24,1,0,2,0,10,13,0,1,1
6,7,1,15,1,6,9,2,0,7,0,5,1,1,11,2,0,3,0,0,0,4,11,5,10,15,2,0,8,7,0,1,0,0,5,0,11,4,15,0,2,0,5,10,3,2,6,10,2,9,4,1,0,0,0,18,10,2,11,1,9,1,0,0,1,4,4,0,7,1,17,0,3,0,0,0,3,8,1,10,7,4,0,6,5,0,5,3,3,1,0,3,0,2,1,0,0,6,0,1,1,9,3,8,0,22,12,0,2,11,5,9,12,0,2,0,7,6,0,10,6,2,11,1,12,0,0,3,1,6,0,2,9,9,3,7,14,6,5,2,7,3,3
0,61,0,7,3,3,2,42,0,2,0,9,1,11,11,5,0,0,0,1,1,2,91,36,0,3,0,0,0,7,0,0,0,2,41,3,1,0,7,0,79,2,1,0,48,4,0,35,61,56,30,0,0,77,1,3,4,0,1,0,3,0,3,0,0,25,59,0,20,0,21,6,34,8,1,3,0,46,0,38,26,2,3,2,18,0,0,25,2,6,2,14,0,1,0,0,0,10,0,0,0,0,0,27,0,14,3,10,41,28,14,3,38,0,14,0,0,0,0,6,34,0,18,0,21,7,2,8,0,65,39,1,2,1,15,12,45,99,1,0,11,6,1
2,22,0,18,0,3,9,28,0,2,1,7,0,17,8,14,0,0,0,0,0,0,59,9,1,7,0,0,3,3,0,1,0,0,25,0,3,8,26,0,49,0,1,1,44,2,1,10,24,24,10,0,0,47,0,4,21,0,5,0,0,3,0,0,0,38,12,0,10,0,25,0,15,1,0,8,46,0,0,6,6,0,10,1,15,0,4,8,0,0,0,9,0,0,0,0,0,3,0,0,0,6,0,8,0,8,14,1,28,19,10,4,9,0,10,2,2,3,0,4,21,0,9,0,15,1,0,2,0,11,14,1,8,1,8,4,2,13,1,1,13,5,0
10,0,0,2,8,3,3,0,30,3,2,0,1,0,1,0,20,15,6,18,5,30,1,1,16,11,7,20,2,0,2,8,19,25,0,6,1,4,6,2,3,17,6,1,1,10,10,1,0,0,1,16,10,0,14,4,1,3,7,2,1,7,4,13,13,3,0,2,5,2,0,19,2,12,1,1,0,0,0,1,0,5,1,3,3,4,8,2,9,0,5,0,15,20,23,6,9,4,15,16,10,3,1,5,1,2,6,0,0,0,0,7,1,16,2,0,28,14,39,1,0,3,1,9,0,0,11,2,26,0,0,14,0,2,0,1,4,0,6,9,0,3,2
2,33,1,9,3,12,13,3,1,3,9,7,4,0,2,11,4,2,0,2,2,4,24,5,1,11,5,0,18,13,11,5,6,3,11,10,18,8,35,1,21,1,3,4,2,9,25,21,8,15,12,2,2,0,0,37,10,4,8,2,14,11,27,0,3,15,11,0,33,1,9,3,15,26,2,10,38,6,1,0,10,13,1,0,2,1,1,3,7,23,13,1,1,3,5,0,2,39,7,1,0,2,4,8,0,15,45,11,2,3,19,19,37,2,13,0,22,13,1,9,2,5,40,1,14,0,6,32,3,10,0,3,5,25,3,30,43,25,2,0,5,26,3
0,8,0,24,0,3,6,10,0,6,1,3,1,0,27,4,4,0,0,0,0,0,10,16,0,0,0,0,3,2,1,7,0,0,10,0,6,4,3,0,30,2,1,0,6,2,2,25,16,11,4,0,0,6,0,26,0,0,6,0,3,1,2,0,1,20,35,0,13,0,6,0,6,0,0,7,26,6,0,10,0,1,1,0,4,0,0,11,17,6,0,5,0,0,0,0,0,11,2,0,0,0,3,4,0,25,12,3,9,12,5,0,9,0,9,0,4,4,0,6,10,0,11,4,10,6,1,0,0,39,9,0,17,5,4,3,10,19,2,1,13,5,0
13,5,3,0,10,6,3,1,3,3,9,0,10,0,0,1,7,21,1,2,7,7,3,0,14,5,7,0,4,7,32,5,3,25,0,10,1,26,4,6,5,9,7,6,1,8,5,4,0,0,3,6,6,0,3,6,2,6,7,23,11,15,12,1,43,5,0,6,4,0,2,2,0,9,18,4,2,0,5,13,1,0,0,12,3,5,4,5,4,4,0,1,9,17,13,0,3,3,9,11,2,23,5,8,0,2,5,0,0,3,2,1,1,4,0,0,22,13,3,5,0,14,14,1,2,0,8,18,5,2,0,7,3,4,0,0,10,14,7,14,1,7,10
0,5,0,2,1,0,1,4,0,1,1,3,0,8,7,0,0,0,0,1,0,0,1,2,0,0,0,0,0,1,0,0,0,0,6,0,4,0,0,0,4,0,0,0,6,0,0,0,7,9,2,0,0,5,0,1,1,0,1,0,0,0,0,0,0,3,4,0,0,0,0,0,2,4,2,0,3,10,1,1,1,0,0,0,6,0,0,0,2,0,0,3,0,0,0,0,0,5,0,0,0,1,2,2,0,2,3,0,0,1,1,0,1,0,1,0,0,0,0,2,3,0,0,0,2,0,0,3,0,5,0,4,2,0,1,3,1,3,0,0,6,0,0
8,3,3,0,9,8,7,0,12,2,24,0,8,0,1,1,0,4,10,9,6,16,7,4,12,1,13,1,1,1,3,14,3,3,3,24,4,11,5,6,0,13,12,3,2,10,9,9,4,2,0,18,20,0,5,16,0,3,4,5,14,5,13,12,4,6,0,13,11,5,0,22,0,14,15,6,2,1,3,0,0,12,0,0,0,3,0,0,8,3,2,0,8,0,4,25,15,10,13,4,0,6,4,12,2,2,8,0,0,0,7,3,2,5,0,0,5,7,7,7,0,1,1,6,0,0,8,5,6,2,0,4,1,6,0,4,10,0,2,9,2,14,12
1,4,0,34,2,6,2,6,0,3,0,9,0,5,16,17,0,0,0,0,5,0,3,12,0,11,3,3,6,8,0,2,0,2,14,0,19,0,8,0,19,4,1,2,6,3,7,5,21,12,1,0,0,4,0,8,6,0,6,0,2,2,0,0,0,5,9,0,7,3,2,2,13,0,0,5,18,15,3,2,4,3,6,0,0,0,2,1,15,11,2,11,0,0,0,0,1,11,1,0,0,1,2,5,0,8,9,9,1,23,3,4,1,1,4,0,0,0,0,4,18,0,6,26,9,0,0,0,0,11,13,1,12,3,7,1,5,3,3,2,6,3,0
6,2,1,0,6,0,0,0,8,0,9,0,1,0,0,0,0,0,22,9,7,0,0,0,2,6,4,4,0,2,1,5,7,6,0,1,0,2,0,2,2,1,1,0,0,1,2,0,0,0,0,3,3,0,18,0,0,2,0,4,1,8,2,10,2,0,0,24,2,0,0,2,0,3,2,0,0,0,4,1,0,5,0,3,0,0,0,0,3,0,2,0,3,0,4,14,2,0,5,10,2,7,1,2,14,0,1,0,0,0,0,0,5,6,2,0,0,8,4,0,0,0,1,0,0,0,0,26,14,0,0,1,0,0,0,1,1,0,2,11,0,0,6
9,1,0,9,12,4,1,0,32,0,9,1,1,0,0,0,5,3,1,4,0,13,4,1,0,8,4,5,9,1,0,2,8,10,3,10,1,9,4,0,1,15,1,1,2,6,3,1,1,2,0,6,10,0,2,1,1,2,11,2,2,9,6,4,2,2,0,1,11,5,8,5,0,5,0,5,0,4,8,1,0,4,0,0,2,0,0,0,8,2,2,0,15,9,8,2,3,2,5,3,3,8,0,0,1,0,4,0,0,2,6,1,2,1,2,0,3,4,0,3,0,6,5,1,0,0,2,19,1,0,0,28,0,16,0,11,2,0,5,10,0,9,0
0,11,0,3,0,2,9,30,0,1,0,6,0,4,7,28,0,0,0,0,0,0,33,3,0,14,0,0,0,3,0,0,0,0,4,0,1,0,3,0,104,0,0,1,4,1,1,11,27,18,23,0,0,18,0,2,2,0,1,0,4,1,0,0,2,16,7,0,4,0,24,0,4,0,0,3,25,8,2,3,11,5,0,0,1,0,0,0,1,1,0,4,0,0,0,0,0,6,0,0,0,0,0,8,0,6,28,2,14,12,2,3,6,0,13,0,1,3,0,4,9,0,11,0,14,4,0,0,4,17,7,0,13,0,5,2,17,3,3,0,9,2,3
15,17,3,10,14,1,20,0,6,7,6,1,2,0,2,0,8,14,6,10,18,1,5,4,1,7,5,24,9,6,5,3,13,12,22,6,1,9,4,2,1,15,6,1,12,11,26,6,1,3,2,4,11,0,2,5,16,27,5,4,9,24,5,12,11,10,0,4,7,4,2,12,4,13,1,3,2,0,9,7,17,4,2,8,15,3,8,1,0,18,11,3,13,8,4,12,5,4,8,17,2,8,10,5,0,1,8,3,0,5,2,3,15,0,2,0,3,23,0,2,3,11,4,17,15,0,1,11,7,1,0,21,13,6,0,15,0,3,30,7,1,10,12
5,15,0,3,2,10,14,5,0,14,2,0,0,4,0,2,1,1,2,0,1,5,6,2,5,18,5,3,3,24,1,5,6,4,7,2,4,0,16,2,10,5,0,0,16,3,4,7,1,2,9,0,1,0,1,11,5,2,5,11,7,2,21,2,4,5,2,0,11,2,9,0,4,5,0,1,6,0,0,23,6,4,0,3,11,0,2,1,18,0,0,4,0,0,1,1,1,16,0,0,0,11,4,9,0,14,2,1,1,1,0,6,9,0,16,0,10,5,0,3,5,4,4,3,5,0,0,4,0,0,1,9,6,0,2,21,15,14,4,12,1,17,2
1,1,10,4,3,2,1,0,12,2,0,0,2,0,1,0,0,3,29,4,3,8,1,0,0,4,2,3,1,17,10,6,15,15,0,15,3,2,4,1,3,8,11,4,1,5,16,4,2,3,0,3,3,0,9,5,1,1,5,8,3,4,7,7,2,5,1,1,7,13,0,6,0,8,0,0,2,0,5,13,0,0,0,2,2,2,2,0,11,0,0,0,19,4,8,1,5,7,4,14,0,6,2,3,6,1,15,1,0,1,0,1,21,0,7,0,2,4,4,2,0,0,7,1,3,0,4,27,3,0,0,30,5,2,0,2,9,7,1,1,1,28,9
0,4,0,10,0,2,6,8,0,2,0,3,0,7,5,14,1,0,1,1,1,0,25,6,0,6,0,0,1,4,1,0,0,0,21,0,7,1,18,0,45,0,0,7,5,5,10,8,6,20,12,0,0,10,0,3,10,2,4,0,1,1,0,0,0,2,23,0,3,0,6,0,2,0,0,3,14,9,0,1,5,1,3,0,11,0,0,4,3,4,0,0,0,0,0,0,0,8,1,0,2,2,0,12,2,3,4,1,18,10,9,7,5,0,13,0,5,2,0,4,5,1,2,4,6,1,0,0,0,19,23,0,28,1,4,0,3,4,4,0,2,3,2
13,2,29,0,4,1,0,0,46,0,1,1,6,0,0,0,14,0,2,13,0,2,0,0,8,1,15,16,2,1,7,7,32,15,0,2,0,17,1,0,1,3,10,0,0,38,2,0,0,0,0,26,18,0,7,3,2,3,1,15,4,2,2,16,19,1,0,10,13,2,0,10,0,4,5,0,0,0,15,1,0,9,0,8,0,3,15,0,13,0,19,0,0,11,1,9,5,0,19,6,17,15,11,2,5,0,1,0,0,0,2,1,0,7,0,0,0,0,5,1,0,2,1,0,0,1,0,15,16,1,0,9,0,6,0,0,0,0,20,8,0,6,5
24,0,4,3,3,2,0,1,6,2,0,1,5,0,1,0,4,1,3,4,4,5,0,0,10,8,4,4,1,0,0,3,5,10,0,4,0,7,1,0,1,7,4,2,0,9,3,3,0,1,2,3,18,0,13,9,2,2,6,0,17,19,3,2,8,1,0,5,4,8,0,0,0,2,5,2,1,0,20,3,0,17,0,0,0,0,9,0,8,0,4,0,11,0,10,3,11,7,22,9,3,1,1,4,1,3,1,0,0,0,0,1,9,4,0,0,5,14,1,1,0,3,4,7,0,0,6,9,16,3,0,4,1,6,0,4,8,3,11,14,1,1,3
12,1,7,5,12,14,7,1,12,4,4,2,23,0,0,0,9,10,5,11,7,11,2,0,13,9,8,20,3,1,15,7,4,6,3,9,3,6,2,1,4,12,6,13,1,13,18,1,0,1,0,3,11,0,5,10,3,11,1,10,20,22,2,1,11,1,0,0,3,3,1,69,0,6,6,1,0,0,23,5,0,13,0,4,0,4,8,0,4,1,8,0,1,10,0,2,7,2,6,6,12,2,9,11,6,1,1,9,1,1,0,9,5,1,4,0,15,11,0,1,0,7,3,4,0,0,4,2,4,1,0,22,1,20,1,0,6,5,9,12,2,15,4
3,0,7,0,16,0,0,0,3,0,3,0,0,0,0,0,4,0,14,15,5,3,4,0,0,0,11,25,0,0,1,3,1,11,0,6,0,2,1,1,1,5,2,0,0,0,4,0,0,0,0,8,11,0,3,0,0,1,0,4,4,8,6,6,10,0,0,5,1,0,0,8,0,0,1,0,0,0,6,0,0,0,0,25,0,14,2,0,12,1,1,0,9,3,2,0,4,0,5,12,4,7,0,0,6,0,0,0,0,0,0,0,0,3,0,0,0,0,17,7,0,1,0,0,0,0,3,8,7,0,0,3,0,0,0,5,0,2,5,7,0,1,4
1,1,6,0,4,2,0,0,38,0,0,0,4,0,0,0,12,7,0,6,10,8,3,1,13,0,1,32,2,1,8,2,5,11,0,6,0,1,2,1,2,9,21,2,0,11,6,0,0,0,1,6,10,0,3,1,2,1,1,1,6,13,7,1,7,0,0,3,3,0,0,9,0,2,22,0,0,0,9,2,0,3,0,15,1,2,3,0,5,1,5,0,5,11,7,4,0,0,4,5,15,8,4,0,17,0,0,0,0,1,0,5,1,2,0,0,1,3,2,2,0,5,1,2,0,0,0,1,2,0,0,4,0,2,0,0,4,1,3,7,0,0,3
0,23,0,19,2,7,14,5,0,5,4,5,0,2,6,12,1,1,0,0,0,0,9,12,0,13,2,3,0,19,3,7,0,4,11,0,0,0,4,3,22,2,1,1,10,3,1,13,10,20,3,0,0,11,7,1,4,0,1,1,3,0,8,1,7,6,8,0,18,3,6,0,9,18,0,6,10,3,4,39,11,3,5,10,11,0,2,6,4,16,7,8,0,7,2,0,0,0,1,0,0,1,13,14,0,16,13,1,9,0,2,7,23,0,2,1,11,0,0,6,17,1,8,3,21,4,1,13,0,17,5,1,9,0,3,8,29,29,10,5,5,9,1
3,1,9,0,5,1,5,0,21,23,5,0,6,0,0,1,6,15,17,28,2,9,0,1,5,0,5,11,1,0,7,5,18,5,0,5,0,3,0,2,0,3,5,9,1,50,11,1,0,0,0,6,11,0,6,11,0,13,4,8,2,20,8,12,6,5,0,2,5,0,0,2,0,0,0,0,0,0,15,7,2,9,0,13,1,5,5,0,8,0,4,1,19,22,6,5,4,1,0,9,9,9,3,5,2,1,3,1,0,18,0,1,3,11,0,0,2,9,8,5,0,9,0,8,0,0,4,11,22,3,0,3,0,19,0,1,0,0,19,30,1,11,7
19,2,3,0,10,3,0,0,22,1,0,1,7,0,0,0,1,0,0,29,13,4,0,0,4,1,22,4,4,4,13,15,16,5,1,11,1,6,4,6,0,5,6,1,0,2,6,0,0,2,0,10,29,0,17,3,0,7,0,10,8,25,33,21,10,3,0,6,3,1,7,10,6,6,4,1,0,0,16,1,0,11,0,4,0,10,3,0,17,0,14,0,6,9,6,12,5,0,9,0,4,18,6,1,12,0,3,0,0,0,0,1,1,4,0,0,13,2,5,5,1,3,0,3,0,0,10,15,4,0,0,5,3,7,0,5,3,2,3,22,1,14,6
5,1,11,3,2,1,1,0,13,0,1,1,4,0,1,2,23,8,8,10,2,12,0,0,1,3,8,7,6,0,4,1,11,1,0,0,0,8,1,0,0,9,42,0,0,11,4,0,0,2,0,1,6,0,1,6,0,6,2,7,2,11,2,1,7,0,0,6,7,0,0,48,1,2,4,1,0,0,10,0,0,2,0,0,0,2,3,0,2,0,0,2,17,3,12,4,15,0,9,4,0,3,13,0,5,0,2,0,0,0,0,0,0,4,0,0,17,1,2,3,0,18,0,0,0,0,2,2,10,0,0,8,0,10,0,0,2,0,14,20,0,7,2
4,4,5,4,18,18,8,0,0,13,1,1,9,0,1,1,6,2,0,9,4,5,2,0,0,10,13,7,1,4,5,13,8,16,1,4,0,7,2,0,4,6,1,4,4,14,22,1,1,2,4,0,4,0,6,20,11,7,12,20,15,11,2,7,20,0,0,1,4,6,3,1,4,0,0,9,0,6,3,2,0,23,1,6,1,7,8,0,8,11,6,2,15,1,2,7,8,1,9,18,3,0,2,6,0,1,5,0,0,4,1,6,4,5,0,0,1,6,13,11,0,6,5,2,1,0,1,9,3,1,0,22,3,13,3,2,1,6,10,7,4,20,5
1,4,0,3,2,8,20,0,21,1,6,1,3,0,2,0,14,1,13,5,2,1,7,3,1,2,18,0,10,5,2,2,0,6,0,8,3,2,12,0,1,5,4,5,4,9,4,6,1,2,3,5,4,0,0,3,8,1,2,5,17,4,9,2,0,4,0,0,1,0,0,0,0,2,4,3,0,0,1,4,3,5,2,4,2,1,0,0,10,4,2,0,11,1,9,0,4,13,3,6,13,2,0,7,0,4,4,0,5,2,2,1,0,6,13,0,15,6,2,4,2,5,0,10,0,0,0,13,0,2,0,3,4,3,4,9,8,6,1,12,0,6,0
0,12,2,3,1,10,2,13,6,9,1,2,2,3,3,11,5,3,4,1,2,5,26,4,0,9,3,8,6,5,1,0,0,1,13,2,16,5,27,0,28,1,1,6,3,4,4,35,12,15,6,3,1,9,0,11,8,1,6,0,12,7,3,0,3,15,10,0,25,4,7,2,10,5,2,8,27,8,5,8,4,8,2,12,5,2,0,8,5,9,3,12,2,4,11,0,0,14,5,1,0,6,7,0,0,12,11,4,7,4,12,2,8,1,6,0,6,9,1,19,5,2,10,2,19,3,1,21,4,12,4,2,1,5,9,10,33,30,3,4,8,14,4
6,0,3,0,1,6,0,0,7,1,2,0,0,0,0,0,3,1,26,18,0,0,0,0,3,0,10,9,0,0,3,8,0,12,0,12,0,2,1,0,2,13,6,0,0,6,3,0,0,2,0,3,6,0,0,0,0,1,1,15,1,3,0,8,9,0,0,1,1,0,0,2,1,0,5,0,0,0,1,0,0,0,0,2,0,14,1,0,0,0,6,2,5,1,6,6,17,0,2,12,5,0,0,0,0,1,0,0,0,0,0,2,0,15,0,0,1,0,7,3,0,0,0,0,2,0,0,0,6,0,0,0,1,0,0,0,0,0,4,16,0,1,11
2,19,3,18,0,5,7,3,0,1,1,5,0,24,31,8,5,1,0,1,0,3,14,15,0,9,2,0,6,4,2,1,0,0,10,0,6,1,40,0,36,0,1,2,13,1,4,13,13,16,5,0,0,6,0,9,6,0,4,0,15,3,4,0,0,24,13,1,6,6,1,1,4,5,0,22,14,8,2,15,25,2,2,2,8,0,0,6,1,14,1,3,0,3,1,0,0,16,1,0,0,1,4,12,1,0,33,0,7,12,6,5,14,3,15,2,5,1,0,10,9,1,4,8,10,4,0,0,0,14,4,2,9,4,8,6,12,9,1,0,12,1,2
6,6,4,21,2,10,32,7,0,4,4,11,7,0,5,17,0,3,6,4,3,8,23,12,3,13,6,6,7,9,12,3,2,0,13,0,9,4,21,2,14,1,1,9,4,18,18,19,12,18,22,2,1,12,5,14,12,4,21,3,9,3,17,0,7,21,26,0,25,1,14,4,11,10,7,12,3,14,6,45,12,5,3,8,9,1,4,28,8,2,15,4,1,1,1,0,0,13,3,3,2,5,4,11,0,33,0,0,4,13,18,7,24,2,32,0,12,5,2,4,24,0,19,7,16,0,0,25,3,8,6,10,21,6,14,22,10,61,4,3,6,14,4
0,2,0,3,0,0,0,5,1,0,0,0,0,0,0,1,0,0,0,0,1,0,6,4,0,1,0,2,5,1,0,0,0,0,2,0,0,0,3,0,4,0,0,0,3,0,1,4,3,9,5,0,0,5,0,0,0,0,0,0,1,0,0,0,1,2,0,0,10,0,5,0,0,2,0,0,10,1,0,11,3,0,0,0,9,0,0,2,3,1,1,1,0,0,9,0,0,1,1,0,0,0,0,4,0,0,0,0,1,0,4,0,1,0,0,0,0,0,0,1,7,0,0,1,0,2,0,0,0,2,8,0,1,0,8,3,1,0,0,0,2,5,1
2,11,0,11,0,1,11,26,0,0,0,1,0,10,2,10,0,0,0,0,1,0,22,3,0,0,0,0,0,0,0,0,0,0,9,0,1,0,4,0,52,0,0,3,4,1,3,5,30,21,17,0,0,20,0,2,7,0,2,0,0,2,0,0,0,4,29,0,1,0,12,0,6,0,1,2,41,28,0,2,9,0,0,0,1,0,0,14,0,1,0,18,0,0,1,0,0,9,0,0,0,0,5,7,0,7,4,1,0,20,1,0,8,0,3,1,1,0,0,5,29,1,0,0,8,3,1,1,0,26,24,0,1,0,7,7,6,8,3,0,9,0,0
2,13,0,12,4,4,9,12,2,4,0,15,0,1,15,3,6,0,0,0,0,0,11,9,0,12,0,0,5,2,2,1,1,1,7,1,2,3,12,0,18,0,2,0,10,2,2,12,13,18,13,0,0,12,2,16,5,1,8,4,8,1,0,2,0,8,24,0,8,0,28,0,10,1,0,11,28,19,0,3,12,3,1,0,23,0,2,12,5,1,1,10,0,0,1,0,1,0,18,0,0,4,2,4,0,12,13,0,20,0,7,4,0,0,19,2,6,0,0,9,10,1,0,0,8,2,0,2,1,7,21,0,23,2,14,4,4,10,3,0,15,14,3
1,6,3,14,0,1,5,2,2,3,1,8,0,3,4,7,1,1,0,1,0,0,20,9,12,4,1,0,3,6,3,0,0,0,2,0,7,2,15,0,42,1,0,2,1,5,2,18,5,5,1,2,1,0,0,19,15,4,16,0,5,7,0,2,2,3,27,0,14,0,8,1,5,5,2,5,14,10,0,19,5,2,1,7,3,0,6,2,2,0,0,9,2,0,0,0,0,2,0,0,0,1,2,12,0,6,18,4,1,7,0,2,4,0,0,0,5,1,1,15,1,0,5,1,9,0,0,7,7,4,0,1,8,9,12,18,13,1,6,1,6,5,4
1,4,0,1,0,3,2,0,4,6,0,2,1,1,5,2,2,2,3,0,0,0,7,1,0,21,2,0,5,1,3,3,0,3,1,0,6,7,13,0,9,0,0,4,3,10,7,8,0,3,3,1,0,0,3,14,20,3,8,0,3,0,0,3,2,3,3,4,4,0,7,0,4,5,3,9,3,4,7,19,0,1,0,3,4,0,1,3,3,6,1,7,1,1,9,0,5,7,1,1,0,6,1,2,2,5,7,0,0,4,2,0,4,1,7,0,7,9,0,6,1,6,1,4,5,0,0,0,0,0,0,1,11,6,0,3,5,7,5,2,2,2,4
4,22,0,8,1,7,6,14,3,4,12,4,2,1,6,14,4,0,0,2,5,0,25,8,1,5,6,0,9,7,0,0,0,7,4,1,2,0,10,7,36,1,0,1,6,3,13,30,18,12,9,1,0,6,2,0,1,0,6,4,6,6,14,1,1,15,11,0,26,7,8,7,10,17,9,12,38,9,1,37,9,1,1,2,1,5,2,6,15,9,21,5,0,9,5,0,1,23,3,1,0,4,0,8,0,14,24,1,8,0,4,4,0,1,13,0,4,3,1,5,4,0,17,8,4,4,0,11,2,19,19,2,5,11,0,10,33,56,0,0,5,11,1
21,0,3,4,5,0,0,0,21,0,1,0,7,0,0,0,8,5,9,33,3,13,2,0,14,1,1,12,14,0,1,4,4,12,0,3,1,2,0,8,0,9,6,3,0,8,4,1,0,1,1,33,5,0,9,0,2,1,2,11,1,15,1,8,1,2,0,5,4,0,0,21,0,0,15,0,0,0,16,2,0,4,0,5,1,6,1,0,0,0,0,0,7,4,1,3,2,0,11,4,4,5,6,1,15,3,2,0,0,0,0,1,1,0,2,0,21,4,39,2,0,10,3,4,1,0,1,1,29,0,0,7,1,2,0,3,1,0,9,8,0,0,14
3,10,0,8,1,8,16,6,1,0,0,7,1,1,11,12,2,2,8,0,1,12,22,7,0,11,2,0,0,11,0,0,0,1,9,1,6,0,8,1,44,1,3,3,4,5,1,17,14,14,3,3,0,0,0,13,16,2,6,1,2,1,0,0,1,14,9,2,3,3,6,6,9,4,17,2,14,10,2,13,9,0,1,0,4,2,2,13,2,16,7,13,0,0,4,0,0,2,0,0,0,0,13,6,0,15,32,0,3,19,0,7,13,2,0,0,1,7,0,24,5,0,3,5,8,0,5,1,1,14,0,2,6,1,9,10,15,22,0,5,14,22,3
0,0,0,0,0,0,0,0,0,0,0,0,0,0,0,0,0,0,0,0,0,0,1,0,0,0,0,0,0,0,0,0,0,0,2,0,0,0,0,0,0,0,0,0,0,0,0,0,0,0,0,0,0,0,0,0,0,0,0,0,0,0,0,0,0,0,1,0,0,0,0,0,1,0,0,0,0,2,0,0,0,0,0,0,0,0,0,0,0,0,0,0,0,0,0,0,0,1,0,0,0,0,0,0,0,2,0,0,1,2,0,0,0,0,0,0,0,0,0,0,0,0,0,0,0,0,0,0,0,1,0,0,0,0,0,0,0,0,0,0,0,0,0
0,1,0,4,2,1,7,0,6,2,0,3,0,0,4,0,1,6,1,6,9,22,9,6,9,2,12,1,0,3,10,8,5,1,2,2,3,5,13,0,4,8,0,11,3,10,1,4,2,3,6,11,9,0,3,14,0,3,7,3,16,9,0,1,4,3,2,0,3,1,7,1,7,5,1,7,0,2,28,22,4,22,0,5,0,0,3,1,3,10,2,5,0,5,15,0,1,11,2,13,17,1,15,6,1,5,12,0,1,6,5,7,4,21,1,0,0,8,0,5,0,4,0,22,3,0,10,2,5,1,0,2,3,7,2,5,9,3,4,0,6,8,22
6,3,0,3,4,5,12,4,5,3,2,9,1,0,3,0,2,4,1,4,15,9,4,1,8,16,1,15,5,7,1,10,4,4,2,2,5,16,13,4,3,0,1,7,1,10,23,10,3,3,2,3,2,0,0,8,3,5,11,16,20,14,6,4,2,2,1,2,6,1,8,2,2,11,0,6,0,3,14,13,4,13,0,7,0,8,4,3,23,5,4,2,0,14,11,0,3,0,9,2,1,6,6,9,0,1,5,0,0,0,1,9,3,4,7,0,8,0,2,10,2,1,5,8,0,0,0,5,6,1,0,9,4,14,0,5,6,13,12,10,1,10,3
45,0,10,3,7,0,0,0,8,0,0,0,19,0,0,0,5,1,51,49,13,13,0,0,2,10,5,6,0,0,9,5,9,1,0,40,0,1,0,0,0,1,2,1,0,1,9,1,0,0,0,3,7,0,46,1,1,2,0,0,2,14,6,24,5,0,0,11,1,0,0,0,3,6,0,0,0,0,39,1,0,3,0,7,0,4,0,0,0,0,4,0,5,1,0,17,2,0,8,5,2,13,2,1,7,0,2,0,0,0,1,0,1,39,0,0,0,2,0,2,0,0,0,1,0,0,16,45,11,0,0,9,1,7,0,0,0,0,10,26,1,1,5
12,8,8,5,10,4,24,2,2,6,11,4,0,1,13,2,7,1,3,0,4,0,6,2,1,5,6,8,6,3,6,1,39,3,5,0,5,11,9,0,27,11,14,16,6,8,13,6,1,1,2,1,0,0,7,24,12,4,11,4,4,8,8,0,3,5,8,3,6,1,2,1,6,6,5,10,6,4,1,9,6,5,2,7,4,0,3,4,2,3,2,4,1,1,1,7,2,6,5,5,3,11,4,19,3,10,4,1,5,9,15,6,5,2,24,0,5,10,2,0,2,1,4,3,3,0,0,5,3,2,0,2,15,14,2,0,27,28,9,7,3,7,9
1,16,0,15,0,0,12,21,0,2,0,5,0,6,4,10,2,0,0,0,1,1,25,10,0,1,1,0,4,0,0,0,0,0,16,0,0,3,27,0,44,0,0,3,34,1,0,16,36,17,9,1,0,31,0,4,6,1,3,0,0,0,1,0,0,8,12,0,4,0,21,0,7,0,0,6,34,21,0,2,10,0,3,0,18,0,0,9,3,5,0,5,0,0,0,0,0,17,0,1,0,0,2,5,0,9,24,7,29,10,1,1,4,0,5,0,0,2,0,2,0,1,1,0,16,10,1,2,0,30,10,1,8,2,11,5,10,5,1,0,1,3,1
3,0,0,0,2,3,4,0,2,3,1,5,1,0,0,0,0,2,2,13,0,10,1,3,4,0,6,8,0,3,5,2,5,11,0,0,3,7,1,0,1,15,5,1,0,10,19,0,1,2,0,11,3,0,0,13,1,7,4,5,3,9,2,4,13,1,1,0,3,1,0,1,0,2,4,2,0,0,3,5,0,14,0,1,0,0,6,0,11,4,0,1,2,3,7,1,5,1,9,3,18,6,5,2,0,1,0,0,1,1,0,6,0,10,0,0,4,1,0,1,1,0,2,3,1,0,4,2,13,0,0,5,1,0,1,0,3,11,10,9,0,7,0
1,12,1,6,4,2,8,2,0,0,3,8,0,0,4,1,0,0,0,0,9,3,19,3,1,5,4,3,1,4,5,2,0,3,4,0,12,3,12,0,21,4,5,2,1,3,4,28,0,14,3,4,1,0,3,2,2,1,8,1,2,4,42,0,3,11,22,0,24,2,3,4,3,15,0,11,18,9,1,40,11,14,0,1,6,1,5,11,4,4,7,2,1,4,3,0,1,8,0,0,0,5,0,10,0,4,19,0,0,0,5,1,17,3,3,0,0,5,0,4,1,2,0,7,9,0,4,13,1,1,0,3,18,1,4,28,50,53,4,4,4,12,0
2,22,0,18,0,9,2,2,1,5,9,2,0,0,0,1,12,5,1,1,1,0,6,0,0,4,14,0,1,0,17,9,3,0,0,0,8,9,1,1,9,8,4,2,2,1,17,3,2,2,0,0,0,0,3,24,5,1,10,5,13,14,0,1,2,2,11,0,8,4,0,2,0,9,0,1,0,0,9,1,4,1,0,6,26,0,1,0,17,3,1,4,0,7,4,0,2,3,8,3,0,2,10,2,0,8,7,1,0,0,1,4,8,4,5,0,22,8,1,3,0,3,7,0,0,0,0,0,0,4,0,3,179,15,7,5,1,1,3,1,3,15,17
0,7,0,6,0,7,11,7,0,3,1,18,0,1,5,3,0,0,0,0,2,0,8,13,0,7,0,0,0,8,2,2,0,1,14,0,8,1,4,0,22,0,0,6,17,4,2,4,12,40,3,0,0,16,0,12,0,1,14,1,10,0,5,0,1,6,0,0,4,1,4,0,7,2,0,12,21,15,0,14,10,2,2,0,9,0,0,14,15,5,3,6,0,0,0,0,0,21,0,0,0,1,0,19,2,10,16,0,8,8,9,5,4,1,8,0,3,0,0,3,16,1,9,0,0,0,0,1,1,31,5,0,9,0,19,15,16,2,5,1,8,5,4
0,11,0,1,0,1,0,12,0,0,0,0,0,12,2,2,0,0,0,0,0,0,9,2,0,0,0,0,0,0,0,0,0,0,1,0,0,0,0,0,18,0,0,0,8,0,0,0,10,4,5,0,0,4,0,0,0,0,0,0,0,0,0,0,0,5,16,0,0,0,1,0,1,0,0,0,7,1,0,0,6,0,0,0,0,0,0,4,0,0,0,1,1,0,0,0,0,4,0,0,0,0,0,3,0,4,0,2,3,2,0,0,4,0,0,0,0,0,0,0,10,0,0,0,0,0,0,1,0,6,4,1,0,0,3,1,3,3,0,0,4,0,0
2,0,0,0,0,3,1,0,0,0,1,0,0,0,1,0,5,0,1,1,11,8,1,0,0,0,1,3,1,1,0,0,25,0,0,7,0,3,2,0,1,3,1,2,0,3,0,4,0,0,0,10,7,0,2,0,1,0,0,1,4,2,9,16,2,1,0,15,0,3,0,5,0,1,8,0,2,0,11,6,1,8,0,8,0,0,2,0,1,0,4,0,0,6,4,3,0,1,4,10,2,1,0,1,0,0,0,0,1,0,0,0,0,1,5,0,10,0,16,0,1,4,4,0,0,0,0,21,2,0,0,9,0,1,1,1,1,0,1,0,0,0,5
8,11,4,0,26,14,17,2,9,5,25,2,0,0,0,1,18,3,27,0,21,40,18,0,6,8,58,2,2,2,9,22,23,17,3,42,10,1,11,25,5,19,15,9,4,30,3,7,2,5,0,19,65,0,23,3,1,2,2,14,13,25,33,6,5,7,2,16,4,8,9,12,2,34,0,3,8,2,2,32,0,18,3,5,0,26,19,0,11,4,27,0,15,9,2,8,1,13,11,15,2,9,13,21,0,0,25,0,1,2,7,0,11,1,1,0,2,5,45,5,2,2,13,0,1,1,21,0,11,0,0,25,0,12,0,19,46,12,29,14,0,19,14
4,0,6,0,6,2,1,0,31,2,3,3,11,0,1,0,8,10,29,27,3,2,1,0,7,1,18,25,0,0,2,3,15,19,1,7,0,13,2,5,1,12,3,0,0,13,6,8,0,0,4,9,14,0,4,4,1,16,9,3,12,5,0,40,4,5,1,11,4,0,3,7,0,4,2,1,0,0,26,3,0,5,0,6,0,14,1,4,7,0,3,0,16,16,4,7,2,0,22,4,10,3,0,4,6,0,3,0,0,1,7,0,2,29,1,0,5,6,11,3,0,13,1,0,1,0,2,11,0,0,0,6,0,3,0,0,0,3,26,12,1,5,11
0,34,0,7,2,1,12,33,1,7,0,2,4,20,22,31,0,0,2,3,0,0,71,16,0,0,2,0,0,9,0,0,0,1,25,0,5,2,15,0,157,1,0,4,17,3,2,25,96,27,15,0,2,38,0,5,3,2,2,0,3,1,0,0,0,10,24,0,2,1,23,1,15,2,0,6,65,11,0,10,39,2,5,2,11,0,0,17,1,0,0,19,1,3,1,0,0,17,3,0,0,1,2,12,0,14,8,2,26,7,4,0,19,0,14,1,1,1,0,2,30,0,1,4,31,6,0,0,0,0,18,3,8,2,6,14,26,37,2,0,21,2,1
0,4,0,8,0,0,0,27,0,0,0,0,0,9,1,9,0,0,0,0,0,0,26,5,0,0,0,0,0,0,0,0,0,0,10,0,0,0,0,0,19,0,0,0,13,0,0,16,15,29,12,0,0,15,0,0,0,0,0,0,0,0,0,0,0,6,29,0,0,0,12,0,14,0,0,0,39,14,0,0,9,0,0,0,13,0,0,7,0,1,0,23,0,0,0,0,0,5,0,0,0,0,0,4,0,4,6,8,24,21,0,0,19,0,0,0,0,0,0,0,10,0,0,0,5,4,0,0,0,18,0,0,0,0,4,0,2,0,0,0,6,0,0
20,1,4,1,28,2,1,6,0,0,19,0,3,4,0,1,7,23,1,1,12,14,3,1,1,9,32,30,0,6,44,9,20,18,0,5,1,12,1,0,1,8,7,0,9,7,3,5,1,4,1,13,23,0,0,1,0,1,1,0,8,11,8,0,0,3,0,1,10,3,0,14,3,13,7,2,1,1,14,3,0,7,4,4,1,1,28,0,21,9,30,0,9,4,22,3,4,1,3,5,8,22,3,2,0,2,10,0,0,0,1,1,2,7,2,0,2,9,9,2,1,5,3,3,0,1,9,25,6,3,0,0,5,2,0,20,3,4,9,5,0,7,14
0,13,0,17,3,11,5,9,0,5,0,11,0,1,9,5,1,0,1,1,0,0,8,14,2,7,0,0,1,5,8,1,3,0,9,0,9,5,15,1,16,0,1,10,5,6,11,13,4,4,4,2,0,0,0,36,146,4,7,0,7,0,0,0,1,15,9,0,6,0,2,0,5,10,0,9,2,8,0,5,17,3,2,1,12,0,0,13,13,6,5,28,0,1,1,0,0,9,0,3,0,3,4,1,1,9,21,1,1,23,8,11,5,1,6,0,3,4,1,15,8,1,18,179,9,0,0,0,0,8,0,5,0,2,7,6,4,3,12,0,9,13,1
30,0,2,6,1,5,3,0,6,0,4,3,10,0,1,0,5,4,0,1,2,6,4,0,3,18,6,5,15,1,6,7,1,8,0,9,2,14,5,2,3,7,3,10,0,7,4,7,5,0,1,1,3,0,1,14,5,4,6,2,18,19,2,7,7,2,0,2,12,0,0,0,6,10,24,9,1,1,2,25,5,4,0,6,3,0,16,0,6,0,2,1,6,6,20,0,2,0,19,7,10,13,3,5,0,4,6,0,0,2,9,6,11,2,1,0,7,14,7,14,2,0,1,15,0,0,1,12,3,2,0,2,2,0,3,0,1,5,5,4,0,8,3
0,13,1,18,1,0,5,4,0,1,0,9,2,1,7,9,0,0,0,0,0,1,0,13,0,9,0,0,3,3,0,5,0,1,12,0,7,1,1,0,28,0,0,3,14,3,0,8,13,24,11,1,0,17,0,5,8,0,6,0,6,1,0,0,0,3,9,0,4,0,6,0,10,0,1,3,15,8,0,3,4,0,1,0,7,0,0,5,0,2,0,4,0,0,1,0,0,3,0,0,0,3,4,9,0,8,14,8,7,14,12,0,0,0,9,0,2,0,0,2,11,1,4,7,19,3,1,0,0,6,4,0,7,3,0,4,2,5,2,0,1,2,1
3,2,0,10,2,1,7,6,0,3,7,5,2,1,1,6,1,2,0,0,2,1,22,6,3,5,10,1,17,13,7,6,0,1,0,2,12,15,6,0,31,2,4,3,6,8,1,38,10,10,15,2,1,1,3,10,7,0,15,0,3,10,17,0,5,22,4,0,18,0,3,5,6,7,0,7,12,4,1,30,3,0,3,4,1,1,11,2,15,21,2,0,0,4,0,5,0,8,1,5,0,2,9,10,0,6,22,3,7,4,18,3,10,3,10,0,5,5,0,0,5,0,28,5,15,1,1,19,0,14,0,20,6,0,4,0,12,17,2,0,8,35,7
1,45,2,21,4,17,13,6,1,8,5,6,1,0,19,9,1,4,8,1,9,7,25,9,0,15,1,2,13,1,0,1,0,1,1,2,13,0,13,0,77,4,0,3,6,4,3,10,28,2,6,3,3,3,3,6,4,0,6,0,10,3,18,3,2,13,13,0,65,5,6,3,14,4,2,14,45,2,4,43,10,10,1,10,5,1,2,17,0,15,9,3,0,8,6,0,4,29,0,3,2,1,8,33,0,12,10,1,6,4,13,5,33,1,15,0,9,6,0,27,10,3,50,1,16,3,1,46,0,26,2,3,4,1,2,12,0,80,1,8,14,14,4
1,68,0,3,0,15,15,6,1,8,3,2,0,3,12,12,0,1,2,1,5,0,57,13,0,8,3,0,5,14,4,3,0,4,17,0,19,8,29,0,110,4,3,5,14,7,2,34,33,22,4,1,3,0,0,12,3,0,7,7,7,4,9,1,4,41,31,0,17,0,8,4,17,14,0,6,99,13,0,25,19,14,3,0,3,0,0,3,3,14,7,4,0,3,5,2,1,29,0,2,0,6,6,30,0,9,61,0,8,10,1,7,56,0,22,0,3,13,0,28,5,11,53,1,2,3,0,12,3,37,0,4,3,5,5,17,80,0,4,11,24,26,5
10,7,10,14,4,8,8,0,12,5,1,0,15,0,3,0,4,18,11,9,6,14,1,2,4,4,16,3,7,3,1,11,7,23,4,2,6,4,4,0,2,23,6,6,3,18,23,1,0,1,0,0,2,0,7,8,16,18,7,14,18,9,4,6,1,8,0,0,4,1,0,0,2,3,10,5,1,1,6,2,2,7,0,2,3,2,5,3,30,4,1,4,20,11,9,5,3,10,19,3,14,10,1,3,4,1,4,0,3,3,6,5,0,9,0,0,4,12,10,9,1,10,4,3,5,0,1,29,26,2,0,9,12,5,2,2,1,4,0,9,4,11,9
27,2,11,4,34,7,0,0,3,1,4,2,2,0,1,0,10,8,7,15,0,7,9,0,0,4,56,17,2,3,21,26,33,9,1,8,0,7,3,1,0,11,17,1,0,3,7,1,1,2,1,27,19,0,3,4,1,2,1,35,11,12,44,31,6,8,0,7,9,1,1,13,2,7,13,2,0,1,9,0,1,14,0,9,2,11,10,0,7,12,1,0,8,14,12,7,7,5,30,22,20,7,12,4,16,0,3,0,0,0,1,2,0,8,5,0,0,10,26,7,0,9,4,1,1,0,0,14,12,0,0,5,0,4,0,0,8,11,9,0,0,9,9
1,9,0,10,0,7,2,17,0,4,0,1,0,12,6,20,0,1,2,0,1,0,27,1,0,4,2,0,2,5,2,0,0,0,18,0,7,3,5,0,54,0,0,0,3,0,2,19,7,28,16,0,0,8,0,4,1,0,5,0,6,0,0,0,0,10,20,0,3,1,26,0,0,1,0,7,11,13,0,5,13,1,6,2,6,0,0,9,1,1,1,2,0,1,2,0,0,5,1,1,0,4,0,8,0,12,6,2,9,15,6,2,5,0,14,0,6,1,1,3,1,0,4,3,8,4,0,0,1,21,6,0,9,0,1,8,14,24,4,0,0,4,4
11,7,1,9,5,18,20,4,6,12,5,0,4,1,2,7,3,6,7,5,23,3,6,3,4,15,9,8,5,47,12,4,7,7,6,3,9,2,9,13,22,9,7,4,4,11,13,22,6,3,5,1,3,1,4,8,5,9,2,9,4,26,14,0,0,15,1,0,15,11,2,2,16,11,1,3,6,5,3,26,5,7,0,14,3,0,9,2,10,17,28,3,6,1,15,1,0,9,11,14,7,20,6,14,1,1,14,5,0,14,5,2,11,0,22,0,8,10,1,7,3,7,12,15,5,0,0,19,5,2,0,7,13,8,2,35,14,26,11,9,4,0,1
13,2,4,0,5,3,7,1,13,7,21,2,5,0,0,0,3,5,31,9,7,10,0,1,4,4,4,2,2,6,1,5,20,7,1,16,3,1,2,1,4,6,6,2,1,2,3,9,0,5,11,1,24,0,7,5,4,5,5,15,7,36,11,8,11,3,0,20,5,1,1,16,0,16,1,3,1,0,2,3,0,10,0,12,0,6,0,3,12,2,9,2,5,3,4,4,3,1,7,6,2,5,0,4,11,2,4,1,0,3,4,4,1,14,3,0,22,3,5,9,1,0,0,17,4,0,5,14,11,1,0,14,1,3,1,7,4,5,9,9,4,1,0
