Ant260,Ant5,Ant52,Ant65,Ant244,Ant540,Ant2,Ant6,Ant7,Ant14,Ant15,Ant19,Ant26,Ant30,Ant38,Ant60,Ant72,Ant76,Ant99,Ant102,Ant148,Ant158,Ant161,Ant191,Ant202,Ant209,Ant227,Ant237,Ant252,Ant268,Ant278,Ant311,Ant329,Ant518,Ant604,Ant673,Ant0,Ant12,Ant20,Ant32,Ant35,Ant40,Ant43,Ant44,Ant50,Ant55,Ant62,Ant63,Ant68,Ant80,Ant91,Ant96,Ant97,Ant98,Ant100,Ant105,Ant109,Ant112,Ant114,Ant126,Ant137,Ant140,Ant142,Ant144,Ant147,Ant169,Ant170,Ant172,Ant174,Ant176,Ant178,Ant195,Ant206,Ant207,Ant210,Ant212,Ant215,Ant217,Ant219,Ant220,Ant232,Ant243,Ant256,Ant257,Ant262,Ant264,Ant265,Ant289,Ant294,Ant296,Ant298,Ant299,Ant301,Ant305,Ant313,Ant318,Ant324,Ant332,Ant342,Ant356,Ant394,Ant395,Ant398,Ant400,Ant433,Ant437,Ant458,Ant476,Ant492,Ant502,Ant507,Ant509,Ant527,Ant552,Ant556,Ant560,Ant564,Ant575,Ant580,Ant592,Ant593,Ant599,Ant607,Ant610,Ant621,Ant632,Ant635,Ant638,Ant647,Ant650,Ant665
0,11,1,0,7,0,6,16,1,5,11,10,5,15,22,10,0,6,4,5,9,10,4,9,1,0,5,14,3,0,2,7,5,11,5,12,19,0,2,0,5,1,2,13,1,5,7,17,3,15,2,6,7,13,5,15,2,18,6,5,21,18,4,14,11,6,7,4,22,6,0,4,9,10,5,1,0,2,4,4,4,1,3,9,1,5,1,8,0,13,13,12,11,4,4,1,2,2,10,3,5,4,6,15,16,7,0,6,16,8,0,25,4,13,18,11,2,3,2,19,21,8,1,7,8,0,13,10,1,34,6
11,0,3,0,4,0,9,9,0,0,25,2,8,2,1,8,0,1,7,13,0,2,11,16,0,11,3,4,0,0,0,2,1,3,0,17,29,1,2,19,0,3,5,9,3,5,18,14,0,15,0,11,1,8,0,12,1,6,20,0,17,3,0,18,1,2,36,1,5,0,0,2,35,21,5,0,0,0,1,1,1,0,0,4,9,0,0,8,0,7,1,5,23,0,7,6,2,30,4,20,0,6,1,16,10,4,1,6,25,0,0,35,0,28,12,3,0,4,0,25,8,3,0,0,2,0,16,0,0,18,6
1,3,0,0,1,0,1,1,0,0,6,0,0,0,1,1,0,4,0,3,3,0,1,0,0,7,0,1,1,0,0,0,0,0,0,33,8,0,0,14,0,0,0,3,11,0,6,4,0,0,0,0,2,12,0,0,0,0,3,0,1,2,10,0,0,0,0,0,0,0,0,0,31,0,2,0,0,0,0,0,5,0,0,2,0,0,0,0,0,0,1,0,9,0,0,4,0,6,4,1,1,0,0,0,0,0,0,26,0,0,0,1,3,0,1,0,0,0,0,3,5,0,0,28,1,0,2,0,1,0,4
0,0,0,0,2,0,2,7,12,6,0,0,1,0,1,0,5,2,3,0,0,9,0,18,0,0,2,0,0,4,3,7,4,3,0,0,3,0,4,0,0,0,9,0,0,2,2,0,0,0,4,0,0,3,6,3,5,1,0,1,0,0,0,0,2,2,0,2,0,1,0,0,0,3,1,0,0,4,0,1,0,0,6,0,3,13,18,14,0,1,1,0,1,0,3,1,0,0,2,0,0,0,3,5,0,0,5,0,0,3,0,0,0,2,0,1,1,14,8,0,0,6,2,0,0,2,0,11,0,3,0
7,4,1,2,0,0,19,5,0,0,12,3,9,6,9,15,2,0,7,2,23,4,12,17,0,2,1,4,0,0,11,2,2,5,0,7,10,0,0,5,0,1,0,15,0,10,2,5,0,15,0,7,5,7,0,5,3,7,14,2,23,0,0,20,19,4,11,5,2,0,0,1,6,1,31,0,0,0,1,3,1,0,0,30,0,1,3,2,0,13,11,2,2,0,13,15,3,7,3,29,1,5,3,11,17,15,2,11,15,2,0,31,0,11,0,8,0,1,1,4,3,13,3,0,4,0,10,1,6,39,0
0,0,0,0,0,0,0,0,0,13,0,0,0,0,0,0,0,0,0,0,0,1,0,0,3,0,0,0,0,12,0,0,2,0,0,0,0,277,2,0,0,0,7,0,0,0,0,0,0,0,0,0,0,0,8,0,0,0,0,0,0,0,0,0,0,0,0,0,0,3,86,0,0,0,0,0,3,25,0,4,0,10,0,0,0,0,0,0,25,0,0,0,0,0,0,0,0,0,0,0,0,0,0,0,0,0,0,0,0,1,0,0,0,0,0,0,0,0,0,0,0,0,0,0,0,35,0,0,0,0,0
6,9,1,2,19,0,0,4,3,1,13,1,5,7,10,5,0,8,5,3,5,4,1,14,0,3,2,2,0,1,0,21,1,6,0,5,17,0,0,1,2,4,0,8,3,2,2,1,0,1,1,1,14,8,1,15,11,14,7,3,6,0,0,6,12,10,13,10,7,1,0,4,8,13,16,0,0,0,4,2,1,0,2,14,1,4,1,7,0,10,9,4,14,2,22,13,6,9,10,14,8,11,2,16,13,4,0,7,13,3,0,21,0,34,0,4,1,4,5,1,12,20,2,0,3,0,13,1,8,15,3
16,9,1,7,5,0,4,0,11,2,0,10,10,0,6,6,0,1,3,5,1,2,12,24,0,0,0,11,0,0,0,3,8,5,0,1,31,0,3,0,0,5,2,9,0,3,1,5,1,9,2,0,4,0,2,6,1,2,7,1,3,1,0,4,34,8,32,2,4,7,0,1,0,12,10,0,0,2,1,1,1,0,8,1,2,12,11,0,0,1,3,3,7,0,4,4,5,1,8,4,2,10,3,11,8,13,5,4,8,5,4,18,1,9,2,6,5,1,3,4,13,3,0,0,28,0,8,0,1,13,11
1,0,0,12,0,0,3,11,0,6,1,3,0,0,2,0,3,2,5,0,0,1,0,29,0,0,7,0,0,14,4,24,6,0,0,0,6,0,2,1,0,15,3,2,0,7,0,0,0,4,3,0,0,1,4,6,6,4,2,0,3,0,0,1,3,2,1,2,0,1,0,4,0,2,5,0,0,6,0,9,1,1,0,0,4,13,8,20,0,6,2,0,0,0,15,0,0,0,7,0,0,1,10,0,2,3,9,0,1,6,0,0,0,1,0,14,3,0,3,0,17,10,1,0,0,0,0,13,0,3,0
5,0,0,6,0,13,1,2,6,0,2,3,1,0,6,0,24,4,0,0,3,23,8,6,31,0,2,4,2,17,3,6,22,10,13,0,0,17,14,0,24,2,14,0,0,14,0,2,19,5,10,0,0,0,12,2,11,3,0,32,2,1,0,1,2,3,0,11,6,16,11,10,0,1,3,4,23,13,1,18,8,5,30,2,4,2,7,4,3,6,0,3,0,2,0,0,6,0,1,4,2,1,11,1,2,8,13,0,3,20,2,0,12,1,0,4,21,6,0,0,10,2,25,0,19,6,3,14,1,8,1
11,25,6,0,12,0,13,0,1,2,0,0,4,10,6,14,0,2,8,5,12,3,5,29,0,14,12,3,2,0,1,15,3,2,0,20,8,0,2,20,0,2,3,11,14,5,17,5,1,7,0,2,27,25,0,35,1,4,6,0,9,1,3,14,2,4,19,0,3,0,0,3,16,6,9,0,0,1,11,0,5,0,0,4,2,1,0,4,0,13,11,19,19,0,5,28,5,36,11,17,15,6,0,4,5,6,0,18,9,0,0,26,0,30,33,4,0,9,9,12,6,3,0,11,5,0,5,0,5,30,10
10,2,0,0,3,0,1,10,3,3,0,0,3,4,2,1,1,7,2,2,0,27,0,2,0,3,13,6,7,5,4,1,15,0,1,2,0,0,1,0,5,10,10,0,3,10,0,0,5,1,0,5,0,0,17,8,13,5,0,11,0,12,0,0,5,4,6,6,3,2,0,3,0,14,26,25,13,6,0,2,27,5,13,0,1,9,0,12,14,5,4,0,1,1,3,8,1,0,4,7,13,1,7,14,4,5,1,1,0,6,1,0,9,1,2,4,8,5,4,0,1,0,3,0,0,1,6,0,4,0,0
5,8,0,1,9,0,5,10,0,1,4,3,0,5,15,5,2,1,9,0,2,1,1,7,0,4,2,0,0,1,1,9,5,5,1,1,13,0,0,1,0,1,2,16,0,0,9,0,0,2,1,0,1,0,0,10,1,5,12,1,4,0,0,5,11,11,13,8,4,0,1,0,3,4,17,0,0,0,0,0,1,0,0,24,3,0,4,1,0,16,2,0,4,0,7,12,5,0,0,3,0,3,3,8,15,3,2,0,1,2,0,10,2,4,1,6,0,4,1,9,7,6,0,0,13,0,20,1,5,8,15
15,2,0,0,6,0,7,0,0,0,10,4,5,0,4,0,2,18,15,7,11,1,0,9,1,3,9,18,11,0,6,1,7,0,2,7,10,1,2,5,1,2,1,2,0,8,0,7,0,4,0,17,5,1,6,19,10,2,2,2,9,19,10,6,2,2,4,0,25,1,0,6,6,8,7,8,1,3,5,5,11,0,2,0,1,4,0,2,0,0,12,27,6,3,13,6,1,1,7,11,23,14,1,0,5,8,1,6,7,2,0,15,8,7,2,5,1,7,4,4,0,0,0,0,7,0,2,1,2,16,2
22,1,1,1,9,0,10,6,2,6,6,2,15,4,0,3,3,10,2,9,13,4,3,10,0,1,4,9,1,4,1,15,8,4,2,4,23,0,12,0,2,2,0,20,0,3,6,0,0,18,2,0,6,3,12,16,1,9,4,1,15,0,0,8,33,47,5,2,6,7,0,6,5,5,6,0,0,0,0,3,12,0,5,5,0,11,0,5,0,12,13,1,6,0,8,21,10,3,5,2,0,12,2,13,2,12,1,13,18,5,0,7,0,17,6,16,3,4,5,10,7,25,0,0,31,0,21,2,6,43,4
10,8,1,0,15,0,5,6,0,0,14,1,5,0,3,0,0,1,9,12,6,0,11,14,0,10,2,4,8,1,0,16,3,0,0,2,27,0,1,3,0,3,0,20,0,1,6,1,0,6,0,0,3,16,1,5,0,12,2,0,12,3,0,16,3,4,13,2,0,0,0,0,18,7,8,0,0,0,13,0,12,0,5,17,0,1,0,4,0,2,16,12,30,0,4,14,1,22,4,10,3,2,1,0,2,5,0,20,24,0,0,18,0,28,3,3,3,0,1,39,3,3,0,0,12,0,21,0,4,40,2
0,0,0,5,2,0,0,0,3,24,0,1,2,2,3,0,0,3,1,0,1,10,0,14,9,0,2,0,1,13,4,3,11,3,30,2,1,5,16,1,3,3,31,0,0,13,0,0,13,0,12,0,2,0,38,0,13,3,0,27,2,25,0,0,4,1,2,1,2,15,14,18,1,1,3,9,11,6,0,22,11,19,11,1,1,1,3,6,14,2,0,0,0,5,0,3,4,0,1,1,5,5,6,2,0,0,30,0,0,4,33,2,3,3,2,0,29,0,5,2,3,1,23,0,12,13,3,4,0,0,0
6,1,4,2,0,0,8,1,2,4,2,7,1,18,10,1,3,0,2,9,11,3,0,7,0,1,2,10,1,1,3,5,2,5,7,5,16,2,2,3,1,1,2,3,2,2,6,0,2,3,3,11,4,3,0,0,3,22,7,7,3,7,2,4,11,3,1,5,17,4,0,3,1,5,18,2,0,1,1,2,0,0,3,4,1,0,0,4,0,2,3,2,1,4,12,6,3,3,1,4,3,2,4,5,5,8,1,5,3,10,0,8,0,8,0,1,5,3,14,7,13,4,6,3,8,0,0,3,0,2,3
4,7,0,3,7,0,5,3,5,0,8,2,9,15,2,9,1,2,0,0,0,1,2,0,0,9,34,5,26,0,1,14,4,0,0,14,24,0,1,7,4,6,0,11,0,2,8,25,3,0,0,17,4,23,2,6,5,2,2,1,6,1,22,1,14,1,2,5,4,0,0,2,17,15,11,2,1,1,1,3,7,0,2,4,0,0,4,2,3,4,0,23,2,6,9,1,0,8,7,5,9,12,0,14,0,14,4,4,2,1,1,7,0,14,4,11,3,1,1,0,1,8,0,0,0,0,3,0,2,6,10
5,13,3,0,2,0,3,5,0,0,5,2,0,7,9,12,0,9,0,0,6,0,7,10,0,13,1,0,1,4,1,1,1,3,0,23,23,0,3,1,0,6,7,2,2,6,18,10,2,2,0,8,5,18,3,7,0,0,1,11,6,0,1,3,1,6,26,3,9,3,0,3,1,8,9,0,0,0,0,2,4,0,3,0,1,1,2,1,1,4,0,15,11,1,1,4,10,17,4,7,2,1,1,6,1,4,0,24,5,0,0,19,0,16,12,2,1,0,1,1,22,3,0,4,3,0,18,7,17,2,0
9,0,3,0,23,0,5,1,0,3,12,0,2,11,13,6,1,11,0,6,0,4,9,13,0,0,7,1,23,0,0,2,9,2,0,5,2,0,3,0,0,1,1,8,12,5,12,0,1,15,0,2,0,16,0,10,1,13,5,0,12,9,0,1,7,1,7,2,0,1,0,1,6,10,45,1,0,1,8,0,5,0,2,5,0,3,0,0,1,2,7,2,15,1,0,16,4,3,2,5,17,4,1,0,1,3,1,14,16,1,0,10,6,5,2,9,1,2,0,13,7,4,1,0,9,0,0,4,3,18,6
10,2,0,9,4,1,4,2,1,23,3,27,1,1,4,0,10,3,1,0,4,0,1,11,1,0,9,1,5,24,4,30,20,17,3,0,17,6,8,0,8,4,15,10,0,20,0,1,11,15,13,2,4,0,11,6,22,9,2,20,6,4,0,0,6,12,4,29,0,14,11,14,3,5,0,6,28,3,3,15,2,2,5,1,16,15,10,14,0,10,0,0,8,6,1,0,2,0,18,0,1,5,3,2,3,13,4,2,6,8,7,0,19,4,0,2,21,11,12,1,5,0,10,0,5,4,3,7,8,3,3
4,11,1,0,12,0,1,12,0,8,5,0,1,0,3,11,0,0,2,7,9,1,0,6,0,6,0,3,0,0,0,1,1,1,0,1,26,0,1,1,0,1,0,12,0,2,1,1,1,1,0,0,5,6,2,1,0,0,6,0,6,1,0,4,21,0,0,1,21,0,0,0,7,2,12,0,0,0,1,0,0,0,1,1,2,1,0,0,0,7,18,3,7,0,1,12,0,31,2,4,4,1,0,1,0,3,2,4,13,2,0,6,0,15,4,0,0,0,1,23,2,1,1,0,8,0,4,0,2,18,10
9,16,0,18,17,0,14,24,29,6,29,2,7,9,10,14,14,7,0,10,13,11,6,0,0,1,2,10,3,8,9,24,6,13,14,4,13,11,5,6,25,15,32,17,8,10,2,5,13,14,7,6,7,7,22,45,28,12,13,24,4,16,0,18,7,19,7,17,4,11,0,13,3,6,8,15,3,5,13,5,16,2,12,9,4,18,10,16,16,12,17,14,7,12,24,7,15,5,17,6,12,4,22,7,24,12,2,7,8,17,4,26,15,7,2,2,11,10,3,16,35,9,2,0,26,4,20,17,1,14,5
1,0,0,0,0,3,0,0,0,31,0,0,0,1,0,0,9,0,0,0,0,1,0,0,0,0,3,0,0,8,0,2,10,0,27,0,1,13,5,0,0,6,6,1,0,0,0,0,4,0,0,0,1,1,20,0,1,1,0,5,1,15,0,0,0,0,0,0,0,6,41,20,0,0,0,2,6,5,0,3,5,6,0,0,0,0,0,0,1,0,0,4,0,5,0,0,1,0,0,2,13,0,0,0,0,6,12,0,0,0,2,1,2,0,0,0,0,0,3,0,1,0,13,0,0,8,0,0,0,0,0
0,11,7,0,2,0,3,0,0,0,14,3,4,3,1,10,0,1,9,13,0,0,6,1,0,0,1,0,3,0,2,18,0,0,0,9,1,0,0,25,2,1,1,41,3,4,25,4,0,8,0,0,8,10,0,9,0,0,6,0,3,5,4,6,8,0,9,5,0,0,0,0,13,0,1,0,2,0,2,0,0,0,0,1,0,0,0,0,0,0,3,13,11,1,0,18,0,17,1,15,9,4,0,6,0,1,0,59,4,0,0,11,1,1,15,2,0,0,3,13,0,8,0,3,2,0,7,0,2,12,10
5,3,0,2,1,0,2,0,7,2,12,13,2,9,4,2,2,2,34,1,7,9,0,2,3,1,0,1,19,0,3,16,3,1,1,2,5,0,7,7,1,21,1,4,5,1,2,13,25,0,4,34,20,2,4,4,5,2,7,11,7,13,11,9,0,2,5,0,18,1,0,5,5,18,7,12,3,0,22,5,23,3,1,0,0,10,3,4,20,8,0,8,1,16,7,8,3,3,16,3,13,0,4,3,0,0,11,2,0,1,11,4,10,3,1,2,2,1,6,0,5,12,9,1,8,5,4,2,3,1,0
14,4,1,0,4,0,2,11,0,4,3,6,0,18,9,4,0,10,5,0,1,1,3,10,0,0,1,0,18,2,1,15,1,0,0,5,20,0,1,0,3,0,2,5,1,8,1,0,0,0,0,8,3,13,0,18,0,2,1,3,11,3,0,2,11,1,7,0,13,5,0,1,0,0,16,0,0,2,4,2,16,0,1,0,0,4,0,4,0,0,3,3,5,6,0,8,1,7,8,4,10,6,0,7,1,6,3,9,5,1,2,7,3,18,4,8,0,0,2,0,0,0,1,0,11,0,0,0,42,30,0
3,0,1,0,0,0,0,0,0,2,2,7,0,11,1,8,1,1,26,1,23,5,0,3,0,3,19,18,0,0,6,6,1,0,0,10,2,0,5,3,1,9,4,3,6,1,0,0,13,0,0,18,1,10,9,1,3,0,2,5,1,9,0,0,0,0,1,0,17,1,0,1,3,8,5,4,3,0,12,8,18,0,0,0,0,5,0,1,1,0,0,3,6,2,1,16,12,0,1,17,45,10,2,3,0,9,7,0,0,1,5,1,11,1,1,0,0,0,6,0,0,5,2,0,2,0,0,0,9,1,0
0,0,0,4,0,12,1,0,14,17,0,5,1,0,4,1,13,1,0,4,0,24,0,8,8,0,0,2,0,0,6,0,25,12,5,2,1,16,56,0,21,3,12,6,1,8,0,1,13,0,10,2,0,4,10,0,9,0,2,4,2,17,0,0,2,0,0,2,3,22,5,9,0,2,1,5,4,11,0,11,9,24,6,0,5,1,5,1,4,0,3,1,0,8,0,0,3,0,2,1,6,0,4,0,1,1,7,0,0,14,15,1,3,0,0,0,21,1,6,0,0,0,10,0,4,15,0,9,0,1,0
2,0,0,3,11,0,0,0,4,3,1,4,1,6,1,0,4,3,1,1,0,4,0,9,0,2,3,1,6,6,0,2,6,2,0,0,0,1,3,0,2,0,3,2,1,2,0,1,2,1,0,4,1,0,0,1,1,4,11,3,0,1,1,1,0,0,2,21,8,0,0,3,0,9,7,1,3,1,1,3,5,4,1,0,0,0,7,2,3,2,6,5,0,3,6,0,0,6,0,2,9,2,2,5,2,1,5,0,3,5,2,0,1,1,3,0,3,3,3,1,1,0,1,0,1,0,9,12,1,1,0
7,2,0,7,2,0,21,3,24,6,15,1,9,1,15,16,3,5,14,1,2,30,1,24,2,18,16,15,6,0,2,0,7,11,2,9,16,1,3,0,5,18,0,10,4,11,6,1,1,8,5,2,7,44,2,13,16,18,9,0,4,13,0,7,5,8,11,9,4,3,0,5,6,7,24,0,5,1,2,5,4,0,14,11,8,15,3,9,15,9,15,4,6,17,20,28,18,24,20,5,35,7,3,1,10,2,0,4,5,3,0,4,3,6,2,6,5,15,29,5,13,8,6,0,5,0,2,7,2,6,6
5,1,0,4,2,2,1,8,6,22,3,15,5,7,8,3,11,2,4,1,9,20,1,6,10,0,3,1,1,25,6,7,0,22,18,4,13,0,18,2,8,2,26,6,0,15,0,3,11,2,11,2,0,1,27,1,16,4,2,18,7,15,0,2,6,12,4,7,8,7,10,14,0,5,7,12,10,10,0,18,15,4,30,5,9,8,7,14,4,1,3,4,0,2,5,0,7,0,6,7,13,3,15,5,1,13,10,0,3,17,25,0,13,3,0,17,12,5,7,2,15,9,29,0,14,7,1,15,3,6,4
11,3,0,3,5,0,6,5,0,10,2,0,5,0,4,0,3,5,0,3,2,17,1,13,0,0,1,0,0,12,2,11,22,0,13,0,4,6,13,0,11,3,3,8,0,12,2,0,3,12,3,1,7,0,9,3,5,2,0,13,3,15,0,1,28,6,9,0,1,2,4,3,1,4,5,4,0,0,1,8,4,0,14,2,9,14,0,6,6,4,4,0,3,4,2,3,5,2,5,1,0,2,15,7,0,6,3,4,1,12,3,4,2,3,6,7,6,2,1,2,25,1,2,0,0,3,3,8,1,4,5
5,0,0,0,0,0,0,0,0,13,0,1,1,2,2,0,30,7,0,0,0,3,0,14,27,0,1,0,0,5,0,2,18,13,0,0,1,1,6,0,23,7,5,0,0,12,0,0,9,1,3,0,0,1,27,1,3,3,0,8,0,6,0,0,0,5,3,0,2,4,26,11,0,0,6,0,4,10,0,17,0,5,12,0,2,7,6,19,0,0,0,2,0,5,0,0,3,1,1,2,1,1,9,1,0,5,8,2,0,2,6,2,3,1,0,2,25,0,0,1,6,2,9,0,17,27,0,5,0,0,0
12,17,33,0,7,0,5,1,0,0,20,2,1,7,4,2,2,5,14,23,5,0,1,4,0,9,2,5,10,2,0,9,4,0,0,0,20,0,0,16,0,0,1,10,18,1,14,25,0,1,0,12,1,41,2,15,2,1,2,1,6,0,18,5,0,5,11,0,16,0,0,6,16,4,4,2,0,2,3,1,2,0,6,1,0,0,0,3,1,5,6,14,14,4,2,17,3,24,17,55,12,9,0,5,1,1,0,21,5,1,1,6,4,12,12,3,0,0,3,3,9,3,0,28,2,0,2,0,2,3,4
19,29,8,3,10,0,17,31,6,0,8,0,13,10,23,27,1,16,24,23,2,17,26,13,1,1,5,20,2,1,0,16,13,4,1,20,0,0,6,10,3,7,6,16,0,6,20,12,1,19,3,2,10,29,5,15,1,8,11,1,15,2,0,38,8,12,68,1,15,0,0,1,26,2,49,0,1,0,2,2,1,0,3,10,1,2,0,2,0,6,7,2,35,4,5,8,2,22,15,20,2,3,0,46,26,10,2,3,33,1,1,27,0,85,8,25,4,2,7,102,33,5,2,0,49,0,7,3,6,10,12
0,1,0,0,0,277,0,0,0,17,0,0,0,1,0,0,5,2,0,0,0,6,0,11,13,0,0,0,0,16,1,1,0,6,1,0,0,0,21,0,3,0,18,0,0,10,1,0,1,0,1,0,0,0,38,1,4,0,2,0,0,0,0,0,1,1,0,0,0,14,100,0,0,2,1,2,5,25,0,3,0,20,1,0,1,0,1,1,48,0,0,0,0,0,0,0,0,0,0,0,0,0,10,0,0,0,1,0,0,6,0,0,0,0,0,0,1,2,0,0,2,1,0,0,0,35,0,1,0,0,3
2,2,0,4,0,2,0,3,2,14,2,1,0,2,12,1,16,2,1,3,3,8,1,5,5,0,7,1,5,56,3,3,18,13,6,0,6,21,0,1,8,10,18,6,0,9,0,0,9,5,0,1,4,2,9,0,4,4,2,17,0,18,1,0,11,4,0,0,8,6,35,27,2,1,0,5,10,9,0,19,13,24,7,0,4,0,0,6,2,0,3,0,0,5,0,0,3,1,1,2,11,3,8,3,1,4,4,1,0,6,7,2,4,1,2,0,14,0,2,0,4,2,20,0,24,19,0,1,0,5,0
0,19,14,0,5,0,1,0,1,0,20,0,1,5,0,3,1,3,7,1,0,0,1,6,0,25,7,0,3,0,0,0,2,0,0,16,10,0,1,0,0,5,0,17,0,3,31,10,5,2,1,0,2,19,1,5,0,0,9,0,12,1,3,2,0,0,5,0,9,0,0,0,2,19,7,0,0,0,3,0,17,0,0,4,0,0,0,0,0,1,5,19,6,0,1,1,0,6,0,5,5,5,0,13,10,4,1,16,2,0,0,9,0,5,6,0,2,0,1,10,3,3,1,11,2,0,3,0,0,23,5
5,0,0,0,0,0,2,0,0,24,0,5,0,1,2,0,3,1,4,0,0,8,0,25,0,2,1,3,1,21,2,5,8,11,23,0,3,3,8,0,0,5,21,2,0,14,0,2,6,1,3,0,1,0,28,0,9,3,2,11,1,2,0,1,4,1,0,0,0,1,0,0,0,2,1,5,8,5,5,7,0,0,24,2,6,3,0,15,2,2,0,0,0,1,4,0,2,1,6,4,0,7,4,0,3,5,15,2,0,2,2,0,1,1,1,2,2,2,0,0,3,1,1,0,13,6,1,2,0,3,2
1,3,0,0,1,0,4,5,15,2,2,10,1,2,2,3,3,1,6,6,1,4,1,15,6,1,21,0,9,3,0,18,2,3,7,0,7,0,10,5,5,0,5,21,0,8,2,2,26,6,3,7,3,3,4,1,9,3,2,14,5,15,1,0,3,3,2,3,5,6,0,12,0,8,16,18,0,7,13,13,8,1,9,0,1,6,4,3,1,3,7,1,3,2,0,9,5,1,2,2,2,3,1,1,8,6,4,1,0,9,5,16,0,1,3,3,15,7,5,2,17,17,9,0,29,0,1,5,2,4,2
2,5,0,9,0,7,0,2,3,14,3,10,2,1,0,0,31,2,0,7,1,15,0,32,6,1,1,2,4,12,3,0,26,3,5,1,6,18,18,0,21,5,0,0,0,16,1,0,14,1,10,1,1,0,21,1,8,1,3,12,6,8,0,0,0,5,1,9,3,7,9,10,0,11,1,10,12,10,0,15,6,7,9,0,10,3,0,4,6,3,2,2,1,12,3,1,7,0,1,1,0,4,18,4,2,3,10,0,0,6,13,2,10,1,2,6,28,4,2,0,5,4,13,0,6,14,3,8,1,4,2
13,9,3,0,15,0,8,9,2,0,11,0,16,2,20,20,0,3,11,2,8,10,12,17,1,41,4,5,3,6,2,10,6,8,0,10,16,0,6,17,2,21,0,0,0,7,11,15,0,10,0,6,5,18,0,11,9,18,12,0,22,9,0,15,44,3,11,10,8,1,0,7,27,10,10,0,0,0,21,3,3,0,4,20,0,5,2,7,0,5,35,11,27,0,22,10,2,4,5,7,9,23,0,29,14,6,4,19,7,3,0,45,0,20,13,10,4,4,10,15,1,3,1,0,9,0,28,1,0,66,5
1,3,11,0,0,0,3,0,0,0,14,3,0,0,0,0,0,2,0,2,12,0,0,8,0,3,5,1,6,1,1,4,0,0,0,18,0,0,0,0,0,0,0,0,0,0,17,8,0,0,0,2,2,18,0,0,0,0,8,0,0,0,6,3,0,2,0,0,3,0,0,0,16,0,2,0,0,0,20,0,1,0,0,0,0,0,0,0,0,0,0,3,20,0,0,3,0,15,0,4,12,5,0,0,0,0,0,32,0,0,0,5,0,0,0,0,0,0,0,0,0,0,0,26,0,0,0,1,2,0,5
5,5,0,2,10,0,2,3,7,14,5,10,0,8,3,1,13,2,2,6,5,20,2,10,0,4,1,8,1,8,2,11,15,12,12,1,6,10,9,3,14,8,16,7,0,0,0,0,12,9,11,4,3,6,12,0,10,6,0,17,6,1,0,0,7,6,1,1,9,6,0,19,0,5,16,5,4,11,2,33,8,0,13,2,9,9,5,5,3,3,6,4,2,5,1,2,11,0,15,0,16,5,8,5,3,3,12,3,9,16,5,4,4,3,1,4,24,4,4,0,13,4,5,0,13,5,1,14,1,8,1
7,18,6,2,2,0,2,1,0,0,17,0,9,0,6,6,0,6,8,18,12,0,1,2,0,25,2,1,0,0,0,6,0,2,0,14,20,1,0,31,0,2,1,11,17,0,0,28,0,14,2,0,2,35,0,32,0,1,1,0,6,5,1,8,2,1,2,1,0,0,0,0,54,13,3,0,0,2,5,2,0,0,0,1,1,2,0,0,0,8,9,8,30,0,5,7,3,61,1,22,18,16,2,4,0,1,0,21,8,0,0,13,0,10,13,10,0,1,1,11,0,3,0,3,0,0,25,0,8,12,4
17,14,4,0,5,0,1,5,0,2,5,0,0,7,0,1,0,0,25,10,0,1,1,5,0,4,13,0,0,1,1,1,3,0,0,25,12,0,0,10,2,2,0,15,8,0,28,0,1,0,0,5,8,17,1,17,0,0,2,3,11,0,19,0,0,1,25,10,15,0,0,0,24,2,8,0,0,0,3,0,1,0,0,1,0,0,0,1,2,0,6,21,4,0,0,4,0,6,1,5,3,12,0,10,4,0,0,6,2,1,0,11,2,12,3,11,1,1,0,8,3,2,0,5,4,0,8,0,2,13,13
3,0,0,0,0,0,0,1,0,19,1,5,0,0,0,0,13,2,3,2,1,11,1,13,4,0,25,0,13,13,2,1,11,3,9,0,1,1,9,5,6,26,14,0,0,12,0,1,0,2,2,15,0,0,28,0,3,3,1,16,0,44,0,0,1,0,0,8,3,18,4,10,0,2,7,11,48,7,11,28,47,7,16,0,0,1,0,9,14,0,0,5,0,12,0,9,3,0,2,0,4,0,15,0,0,7,21,1,0,6,34,0,19,0,0,0,24,0,4,0,1,8,10,0,40,4,1,6,0,0,3
15,15,0,0,15,0,1,9,4,5,7,1,2,4,18,6,0,3,0,2,15,15,1,14,0,8,0,0,0,0,1,8,2,12,1,1,19,0,5,2,1,6,1,10,0,9,14,0,2,0,0,0,0,1,3,10,1,0,3,0,1,0,0,5,4,8,16,1,0,0,0,2,2,8,18,0,0,0,1,6,0,0,1,3,3,6,1,1,0,9,13,11,7,0,0,1,3,7,6,4,0,1,1,4,8,15,3,10,19,1,0,14,0,11,16,4,0,7,4,11,8,4,0,0,0,0,22,1,9,23,2
2,0,0,4,0,0,1,2,3,10,0,0,1,0,2,0,12,3,0,0,0,13,0,7,0,0,4,0,0,10,0,5,11,3,3,0,3,1,0,1,3,3,10,0,0,11,2,0,2,0,0,0,0,0,1,1,8,8,0,0,1,0,0,0,0,10,3,1,0,0,0,4,0,2,2,0,0,1,1,2,0,1,13,2,9,4,14,9,0,0,2,0,1,4,0,0,1,0,1,0,0,0,6,1,1,4,2,0,0,1,0,0,4,1,0,0,8,4,4,0,2,0,0,0,0,0,0,4,0,3,0
6,11,0,0,7,0,1,0,0,0,2,5,0,17,0,0,0,11,17,8,2,2,0,6,0,0,34,8,18,2,4,2,2,1,0,12,2,0,1,0,0,7,1,6,2,4,0,5,15,0,0,0,9,7,4,8,8,5,3,2,2,25,16,4,0,7,1,0,21,3,0,3,15,10,17,18,12,5,4,8,19,0,0,9,0,3,1,1,2,1,3,7,4,16,0,2,1,0,0,11,10,16,2,2,3,0,3,0,0,0,2,21,3,5,10,2,3,0,0,0,13,0,2,0,5,1,3,3,2,0,1
7,1,2,0,5,0,14,4,0,0,27,0,1,5,6,3,2,4,4,5,0,4,5,7,1,8,20,3,1,0,1,7,0,7,0,1,10,0,4,2,1,3,1,5,2,3,2,8,0,0,0,9,0,2,2,11,0,1,5,0,4,4,0,5,4,2,9,0,3,0,0,0,21,16,1,0,0,0,1,0,16,0,3,1,1,2,0,0,1,2,0,5,7,3,7,34,2,5,1,10,8,4,1,5,4,1,0,1,5,0,0,19,8,16,9,2,0,0,2,1,3,0,1,0,8,0,7,1,11,6,4
13,8,12,3,7,0,8,0,1,0,25,0,0,1,3,16,0,3,23,18,16,0,6,7,1,10,2,13,10,4,0,44,1,0,1,41,29,0,2,19,0,3,0,18,18,6,35,17,0,1,0,7,2,0,1,17,1,0,3,3,2,1,7,11,14,3,19,0,2,3,1,16,20,11,22,0,1,0,15,2,5,0,1,17,0,0,0,0,1,1,19,26,8,0,3,34,0,22,16,5,14,7,0,4,3,4,0,27,5,1,1,21,1,19,10,3,0,5,0,18,3,8,0,26,12,0,0,4,5,23,3
5,0,0,6,0,8,1,2,4,12,0,17,0,6,12,1,38,0,2,3,0,11,2,22,20,0,4,0,9,10,0,2,27,9,27,2,5,38,9,1,28,4,21,0,0,12,0,1,28,3,1,4,2,1,0,1,5,0,0,41,3,18,0,1,13,3,3,6,5,16,24,20,0,6,0,11,22,6,3,15,15,13,8,0,3,6,5,4,25,0,2,1,0,14,4,0,8,1,3,5,26,3,26,0,1,4,9,0,0,29,34,2,19,0,3,1,14,4,13,0,3,6,10,0,13,15,2,4,2,10,1
15,12,0,3,5,0,15,6,6,2,35,8,10,19,16,5,0,0,6,7,10,6,1,45,0,9,4,18,1,0,1,13,1,3,1,15,15,1,0,5,0,1,1,11,0,0,32,17,0,10,1,8,11,17,1,0,2,2,1,0,20,10,0,11,7,10,18,2,24,0,0,0,18,4,17,2,0,1,10,0,3,0,0,16,1,2,2,2,2,13,28,30,18,0,1,11,10,13,4,5,13,10,0,20,10,4,1,14,21,2,0,32,1,63,25,7,0,6,1,38,11,9,0,0,0,0,9,0,13,36,0
2,1,0,5,3,0,11,1,6,11,1,13,1,10,1,0,13,3,5,0,1,22,0,28,1,0,5,0,3,9,1,16,16,5,3,2,1,4,4,0,9,9,8,9,0,10,0,0,3,1,8,8,0,1,5,2,0,16,2,34,2,23,0,0,2,5,1,13,0,14,0,4,0,0,0,15,12,3,0,21,8,1,8,1,2,7,5,6,17,5,0,0,3,16,20,2,1,1,3,4,1,1,13,4,2,5,29,0,0,10,15,0,4,0,1,9,15,6,11,0,8,0,5,0,10,4,1,3,0,1,0
18,6,0,1,7,0,14,2,4,3,4,5,5,2,9,12,3,22,2,0,13,9,0,12,1,0,2,2,0,0,4,18,4,2,3,1,8,0,4,0,3,3,1,18,0,6,1,0,3,0,8,5,1,0,0,2,16,0,1,2,4,5,0,2,11,13,3,12,12,0,0,5,2,3,3,0,2,0,1,6,0,0,6,5,0,9,1,10,0,2,4,1,0,0,6,14,3,17,0,2,4,6,0,8,14,2,10,1,4,9,0,7,0,6,0,6,5,8,14,2,15,7,12,0,10,0,8,3,8,8,9
6,20,3,0,14,0,7,7,2,0,6,0,12,2,4,2,0,7,2,1,5,2,6,13,0,6,7,1,2,2,11,9,2,0,0,2,11,2,2,9,2,2,3,12,8,0,1,2,1,3,0,3,5,3,0,1,2,1,0,0,3,0,0,10,4,2,3,6,20,1,0,1,12,10,1,1,3,0,5,1,3,2,0,5,0,1,1,5,0,2,22,7,6,0,16,6,0,2,5,10,3,5,1,3,2,0,0,10,6,0,0,15,0,6,13,2,0,5,0,3,1,8,0,27,4,0,8,1,0,14,2
5,0,0,1,2,0,3,1,0,32,0,11,1,2,1,0,27,7,1,11,0,20,0,24,5,0,11,3,5,4,3,0,18,13,8,1,1,0,17,0,11,14,12,0,0,17,0,3,16,0,0,2,0,3,41,0,34,2,0,0,0,13,0,0,23,2,0,28,3,6,0,26,0,2,7,8,5,9,1,42,1,12,25,0,3,2,2,13,13,3,3,2,3,14,1,0,12,0,6,2,1,4,10,3,2,7,15,1,0,14,25,3,7,0,0,3,31,2,11,0,5,9,12,0,8,4,2,14,0,5,0
21,17,1,0,23,0,6,3,3,2,9,0,4,9,15,12,2,3,6,6,12,6,6,4,1,3,7,11,1,2,0,4,7,3,0,6,15,0,0,12,1,5,6,22,0,6,6,11,0,1,1,2,4,2,3,20,2,4,3,0,0,6,2,11,1,4,24,0,0,1,0,4,10,2,12,1,0,0,0,1,6,0,1,1,0,1,0,3,0,13,7,11,18,0,2,5,9,14,5,6,1,3,2,11,4,1,2,2,2,0,0,12,1,10,14,7,0,0,1,5,6,1,0,0,9,0,19,1,1,12,6
18,3,2,0,0,0,0,1,0,1,1,12,0,19,0,3,25,7,1,0,9,4,1,16,15,5,13,3,9,17,1,13,15,15,6,0,2,0,18,1,2,15,8,9,0,1,5,0,44,0,0,25,4,1,18,10,23,5,0,13,6,0,0,0,3,9,0,1,1,7,10,0,2,9,2,26,25,30,1,8,34,15,0,3,0,1,0,1,31,0,1,7,2,13,0,3,14,3,3,1,26,1,11,1,6,6,12,1,0,4,31,20,26,2,6,0,7,0,2,0,0,6,8,0,21,18,4,1,19,0,2
4,0,10,0,0,0,0,0,0,0,3,0,0,10,0,0,0,2,22,1,0,0,0,0,0,4,11,0,0,0,1,0,0,0,0,18,0,0,1,3,0,1,0,0,6,0,1,19,0,0,0,16,0,7,0,0,0,0,0,0,2,0,0,0,0,0,0,0,0,0,0,0,12,2,0,3,0,0,0,0,9,0,0,0,0,0,0,0,0,0,0,9,2,7,0,1,0,0,0,3,0,2,0,0,0,0,1,5,0,0,0,0,0,1,0,0,0,0,0,0,0,0,0,37,2,0,0,0,0,0,2
14,18,0,0,20,0,6,4,1,1,14,0,5,6,8,16,0,4,1,3,1,0,4,18,0,6,9,2,0,0,1,7,2,1,0,5,38,0,0,2,1,0,0,15,3,0,8,0,0,5,0,4,5,11,1,11,0,2,10,0,11,0,0,0,8,10,12,4,4,1,0,1,12,3,0,0,0,0,12,1,0,0,0,4,1,2,1,4,0,11,24,3,10,0,11,9,0,32,2,13,0,8,0,1,9,7,0,8,7,0,0,12,0,15,12,12,0,4,0,19,2,2,0,0,6,0,4,0,1,48,8
11,1,0,2,19,0,12,34,3,2,2,5,11,2,33,3,4,11,14,1,7,6,21,7,0,8,0,11,0,2,0,5,6,28,0,0,8,1,11,0,4,3,0,44,0,7,2,0,1,4,0,0,4,14,13,7,2,11,4,23,1,3,0,8,0,6,9,4,6,1,2,14,8,4,5,0,11,0,0,3,2,3,5,7,0,3,1,5,1,12,6,10,4,6,5,24,9,1,4,4,0,11,1,12,5,19,4,1,11,19,6,60,1,18,12,33,21,0,9,13,32,21,1,0,8,0,10,0,2,19,1
6,2,0,2,4,0,10,8,2,3,4,4,11,2,47,4,1,3,1,6,1,12,0,19,0,0,2,1,0,0,0,8,12,6,5,5,12,1,4,0,1,3,5,3,2,6,1,1,0,8,10,7,2,3,3,10,5,13,2,2,4,9,0,10,6,0,19,0,8,4,0,0,0,7,22,0,0,3,6,1,1,0,16,3,4,8,2,12,0,9,1,4,2,2,10,1,16,1,4,2,0,25,4,9,10,1,1,3,8,0,2,4,2,12,1,0,5,2,5,3,17,4,2,0,22,0,11,1,0,11,2
7,36,0,0,11,0,13,32,1,0,19,6,13,4,5,13,2,1,2,26,7,4,0,7,0,9,5,7,1,0,2,11,4,9,3,11,68,0,0,5,0,2,1,11,0,1,2,25,0,16,3,1,9,19,3,18,1,3,3,0,24,0,0,12,9,19,0,2,17,0,0,0,2,7,31,2,0,0,2,0,13,0,3,8,5,6,0,0,8,1,4,4,18,1,2,2,1,13,5,35,10,4,1,51,5,9,4,13,21,3,4,22,5,50,17,11,0,0,1,48,3,24,0,0,24,0,17,1,8,23,1
4,1,0,2,5,0,10,2,2,11,0,6,8,0,2,2,1,5,5,3,2,29,1,17,0,5,0,0,0,2,21,9,7,0,0,0,1,0,0,0,0,3,9,10,0,1,1,10,8,1,1,0,0,0,6,2,13,12,6,28,0,1,0,4,4,0,2,0,12,0,0,0,5,14,7,0,1,1,0,2,0,0,1,13,16,5,14,11,0,11,3,3,1,0,6,4,4,0,1,4,0,3,12,4,6,0,5,2,5,6,2,8,9,6,1,10,7,6,12,1,0,17,3,0,10,1,0,0,0,10,1
22,5,0,0,2,0,7,4,0,6,3,3,4,25,6,0,2,17,4,9,0,0,21,4,0,0,18,13,17,3,8,4,8,1,2,16,15,0,8,9,0,5,3,8,3,9,0,15,3,0,0,21,3,2,5,24,0,12,20,3,0,1,0,4,6,8,17,12,0,6,1,5,3,8,19,8,0,1,0,0,11,1,0,7,0,6,0,7,3,1,9,20,6,12,0,2,12,8,1,8,36,7,1,30,4,0,1,1,0,5,10,11,8,12,9,0,1,10,13,5,10,8,6,0,16,0,16,0,40,2,1
6,0,0,1,0,3,1,7,1,16,0,2,0,1,7,0,15,4,0,3,1,14,0,11,6,0,1,5,1,22,0,3,7,2,4,0,0,14,6,0,1,6,7,1,0,6,0,0,18,0,0,3,0,3,16,0,14,0,1,6,1,7,0,1,1,4,0,0,6,0,8,9,1,4,10,3,2,5,0,2,3,14,6,0,2,0,1,1,7,0,0,1,2,5,0,0,16,3,9,1,7,0,5,6,1,4,4,0,0,1,5,1,6,0,0,1,13,0,7,0,5,0,22,0,23,6,0,2,0,20,0
0,0,0,0,0,86,0,0,0,11,0,0,1,0,0,0,14,0,0,0,0,11,0,0,41,0,0,0,0,5,0,0,10,4,26,0,0,100,35,0,0,0,9,0,0,0,0,0,4,0,0,0,0,1,24,0,0,0,0,0,0,10,0,0,2,0,0,0,1,8,0,0,0,1,0,14,11,65,0,2,0,5,0,0,1,0,0,0,33,0,0,4,0,6,0,0,0,0,0,1,0,0,0,0,0,0,0,0,0,4,0,0,0,0,1,0,0,0,0,0,0,0,0,0,0,43,0,0,0,0,0
4,2,0,0,1,0,4,1,4,10,3,3,0,6,6,0,18,3,2,3,1,14,0,13,20,0,5,1,1,9,3,5,14,3,11,6,1,0,27,0,0,12,10,7,0,19,0,0,10,2,4,3,0,16,20,0,4,5,1,26,4,0,0,1,14,0,0,0,5,9,0,0,1,4,18,0,0,43,0,14,4,0,28,0,3,7,0,5,0,0,4,0,2,3,3,1,7,0,2,5,3,5,10,3,0,3,5,1,1,9,5,2,0,1,5,2,35,3,10,0,1,1,15,0,11,18,0,10,0,10,2
9,35,31,0,6,0,8,0,0,0,16,0,3,6,5,18,1,1,17,1,6,3,7,3,0,13,5,0,3,0,0,6,0,1,0,16,26,0,2,2,0,0,0,27,16,0,54,24,0,2,0,15,21,20,0,18,0,2,12,0,10,2,12,12,8,0,2,5,3,1,0,1,0,11,3,4,0,0,5,0,3,0,0,10,0,0,1,0,0,7,7,22,46,0,0,15,0,28,1,10,0,17,0,5,8,2,0,5,1,1,0,16,0,42,27,1,0,1,0,8,7,0,0,16,4,0,23,1,3,26,21
10,21,0,3,1,0,13,12,2,1,6,14,4,8,5,7,1,5,15,8,10,5,2,6,0,0,18,0,8,2,9,7,5,4,0,4,2,2,1,19,2,8,11,10,0,5,13,2,2,8,2,10,16,11,6,4,0,3,10,2,2,9,2,3,4,7,7,14,8,4,1,4,11,0,14,0,0,1,0,0,17,0,0,7,3,5,9,5,1,6,31,9,7,0,23,12,2,0,2,4,3,2,3,3,2,5,7,5,5,1,3,30,2,6,14,0,2,3,4,3,0,6,1,0,7,0,14,2,0,3,4
5,5,2,1,31,0,16,10,5,3,9,26,17,7,6,8,3,18,11,9,45,0,12,8,0,1,7,16,5,1,7,24,7,5,6,4,49,1,0,7,1,16,1,10,2,16,3,8,7,18,2,17,1,22,0,17,0,3,1,7,12,2,0,0,5,22,31,7,19,10,0,18,3,14,0,1,0,2,6,4,17,0,10,3,0,4,4,15,4,7,5,16,10,1,1,5,12,15,12,29,8,23,0,12,2,14,4,9,23,9,9,25,15,22,3,28,7,5,1,5,3,5,5,0,35,0,9,5,2,39,4
1,0,0,0,0,0,0,0,0,4,0,25,0,8,0,0,9,2,2,0,1,6,0,15,2,0,12,0,4,5,1,0,12,4,0,2,0,2,5,0,5,18,10,0,0,5,0,0,11,0,0,18,0,0,11,2,15,0,1,8,1,26,3,0,0,0,2,0,8,3,14,0,4,0,1,0,10,8,8,8,21,2,0,0,0,0,0,3,18,0,0,1,0,18,1,6,7,1,0,2,12,2,19,4,0,0,6,0,0,1,18,0,21,1,0,0,3,0,1,0,0,0,5,0,3,4,0,0,1,0,0
0,0,0,0,0,3,0,0,0,23,0,13,0,1,0,0,11,0,1,0,0,28,0,3,6,2,3,0,3,4,3,5,10,0,4,0,1,5,10,0,8,0,12,0,0,4,0,0,48,0,0,12,0,1,22,0,12,2,3,5,0,25,0,0,11,0,0,1,0,2,11,0,0,0,0,10,0,13,1,15,13,21,1,0,0,0,0,0,18,0,0,1,0,12,0,1,2,0,0,0,4,0,7,0,0,0,8,0,0,3,17,0,3,0,0,0,2,0,4,0,2,0,2,0,0,14,0,0,0,0,0
2,0,0,4,0,25,0,2,6,13,1,6,0,3,0,0,6,1,1,0,1,3,0,5,5,0,0,2,0,11,1,1,10,0,10,2,0,25,9,0,5,7,10,0,0,11,2,0,7,0,1,5,0,0,6,1,3,0,0,9,0,30,0,0,0,3,0,1,1,5,65,43,0,1,2,8,13,0,2,7,23,12,4,0,1,3,0,4,13,2,1,2,1,3,3,0,2,0,1,0,0,0,10,3,2,2,1,0,0,2,5,0,10,0,0,1,6,0,3,0,0,0,8,0,4,14,2,1,0,0,0
4,1,0,0,1,0,4,1,0,1,11,0,0,5,0,13,0,1,1,0,8,3,1,13,0,2,22,4,12,0,1,2,0,1,0,3,2,0,0,3,5,13,0,21,20,2,5,3,11,1,1,4,1,15,3,10,0,1,5,1,0,1,0,12,0,6,2,0,0,0,0,0,5,0,6,8,1,2,0,0,7,0,1,4,0,1,0,13,1,0,8,2,21,14,0,14,0,6,5,8,11,1,4,1,5,9,4,16,9,0,2,8,4,27,2,7,0,2,1,4,0,1,0,0,13,0,0,3,2,7,11
4,1,0,1,3,4,2,1,9,18,0,2,0,5,3,0,22,2,3,2,0,15,0,5,3,0,5,2,8,11,3,5,18,8,17,1,2,3,19,0,7,13,15,3,0,33,2,0,28,6,2,8,0,2,15,0,21,6,1,42,1,8,0,1,3,1,0,2,0,2,2,14,0,0,4,8,15,7,0,0,10,11,10,0,0,7,1,15,4,3,3,4,1,9,3,2,2,2,8,9,8,0,13,6,3,17,11,0,1,9,10,2,11,0,0,3,17,1,4,0,4,5,9,0,14,8,1,21,1,2,1
4,1,5,0,1,0,1,1,1,8,5,27,1,11,12,12,11,0,7,4,5,2,0,16,5,0,23,16,18,9,5,4,15,4,0,2,1,0,13,17,0,8,6,3,1,8,0,1,47,0,0,19,16,5,15,3,8,0,3,1,6,34,9,0,2,1,13,0,11,3,0,4,3,17,17,21,13,23,7,10,0,10,0,4,0,6,0,6,32,6,1,7,4,46,13,13,10,8,2,1,24,4,6,3,0,5,21,2,0,2,29,4,37,8,1,1,3,1,5,0,1,5,13,37,17,9,13,0,0,0,2
1,0,0,0,0,10,0,0,1,5,0,5,0,0,0,0,19,0,0,0,0,2,0,2,6,0,3,0,0,24,4,0,4,0,5,0,0,20,24,0,0,1,7,0,0,0,0,0,7,0,1,0,0,0,13,0,1,0,2,12,0,15,0,0,3,0,0,0,1,14,5,0,0,0,0,2,21,12,0,11,10,0,0,0,1,0,0,1,10,0,5,7,0,2,0,0,1,0,0,0,2,0,5,0,0,0,3,0,2,3,11,0,4,0,0,0,3,0,1,0,0,2,6,0,0,11,0,0,0,0,0
3,0,0,6,0,0,2,8,0,30,0,13,0,2,5,5,11,3,2,3,2,5,1,12,0,0,1,1,0,6,1,14,30,14,12,6,3,1,7,0,24,9,9,4,0,13,0,0,16,1,13,0,3,1,8,0,8,6,0,25,1,0,0,0,5,16,3,1,0,6,0,28,0,0,10,0,1,4,1,10,0,0,0,0,6,24,1,24,0,3,0,1,1,3,0,3,4,0,27,3,0,0,17,2,5,3,11,0,4,4,4,1,0,0,1,2,9,1,9,0,3,3,7,0,6,9,0,5,2,9,1
9,4,2,0,30,0,14,1,0,2,4,0,24,0,5,17,1,4,4,0,5,1,1,9,0,1,0,0,0,0,0,11,5,2,0,1,10,0,0,4,2,0,0,20,0,2,1,1,0,3,2,9,1,17,0,16,1,5,5,0,1,3,0,4,7,3,8,13,7,0,0,0,10,7,3,0,0,0,4,0,4,0,0,0,6,6,0,4,0,5,17,0,11,0,8,15,3,6,6,5,0,3,2,2,2,7,0,5,3,1,0,14,0,5,3,4,1,2,3,3,1,9,0,0,11,0,12,0,0,6,5
1,9,0,3,0,0,1,2,4,4,2,1,3,1,0,0,1,1,0,1,0,16,2,4,0,0,0,0,0,5,0,8,9,9,2,0,1,1,4,0,6,1,10,0,0,9,1,0,0,3,9,0,1,0,3,1,2,0,0,3,0,0,0,1,0,4,5,16,0,2,1,3,0,3,0,0,0,1,0,0,0,1,6,6,0,4,1,16,0,1,1,0,1,0,3,1,0,4,7,0,0,4,13,2,1,2,2,1,0,5,0,5,0,0,0,2,5,3,0,0,7,0,0,0,0,0,0,3,0,1,0
5,0,0,13,1,0,4,12,13,2,1,9,0,4,11,1,1,0,0,1,3,15,1,18,0,0,10,4,5,1,0,15,8,14,7,0,2,0,0,0,3,6,3,5,0,9,2,0,1,6,4,3,2,0,6,2,7,9,1,2,1,1,0,2,3,8,6,5,6,0,0,7,0,5,4,0,0,3,1,7,6,0,24,6,4,0,5,13,0,4,11,1,0,0,11,1,4,6,1,0,0,2,8,4,8,5,3,1,6,17,0,3,5,4,3,6,5,0,12,3,10,5,3,0,4,1,2,5,11,9,1
1,0,0,18,3,0,1,11,8,7,0,0,4,0,0,0,3,0,4,2,0,10,0,10,0,0,3,0,0,5,7,3,7,0,6,0,0,1,0,0,0,4,0,2,0,5,0,0,0,1,14,1,0,0,5,2,5,1,1,2,0,0,0,1,1,2,0,14,0,1,0,0,1,9,4,0,0,0,0,1,0,0,1,0,1,5,0,10,0,0,7,0,0,0,2,6,0,0,1,1,0,0,2,0,0,1,8,0,3,2,0,0,0,0,0,0,0,7,5,0,2,0,0,0,0,0,4,11,0,7,0
8,8,0,14,2,0,7,0,20,4,4,12,1,2,5,4,6,4,2,1,0,14,0,16,0,0,4,4,1,1,2,9,14,6,19,3,2,1,6,0,15,3,4,7,0,5,0,1,9,1,9,1,0,0,4,2,6,10,5,13,3,1,0,4,5,12,0,11,7,1,0,5,0,5,15,3,0,4,13,15,6,1,24,4,16,13,10,0,0,1,11,6,1,3,14,3,7,1,4,3,0,2,8,1,3,2,7,2,2,7,3,10,3,1,3,3,24,2,7,2,5,7,4,0,18,5,0,9,0,8,3
0,0,0,0,0,25,0,0,0,3,0,14,0,0,0,0,14,0,3,1,1,0,0,16,1,0,20,0,1,4,3,15,4,6,0,1,0,48,2,0,2,1,6,0,0,3,0,2,14,0,0,2,1,1,25,2,17,0,0,13,0,31,0,0,1,0,8,0,3,7,33,0,0,1,4,18,18,13,1,4,32,10,0,0,0,0,0,0,0,0,0,1,0,10,2,0,1,0,1,2,28,0,24,0,0,0,11,0,0,2,10,0,16,0,0,0,1,0,0,0,0,1,8,0,1,12,0,0,0,0,0
13,7,0,1,13,0,10,1,6,6,13,5,16,0,12,2,2,2,4,4,2,10,7,12,0,0,8,0,0,0,2,9,1,4,0,5,6,0,0,1,2,3,3,5,0,3,8,0,0,9,0,1,2,1,0,13,5,2,2,3,13,0,0,11,12,9,1,11,1,0,0,0,7,6,7,0,0,2,0,3,6,0,3,5,1,4,0,1,0,0,8,2,5,0,3,1,12,26,32,13,0,0,6,5,17,1,0,2,6,2,0,9,0,7,11,2,1,5,0,0,5,9,1,0,3,0,8,0,9,2,5
13,1,1,1,11,0,9,3,2,0,11,4,2,12,13,16,0,3,0,0,7,0,18,17,0,3,0,3,0,3,6,15,3,4,0,6,7,0,3,5,0,7,2,35,0,6,9,6,0,13,2,3,0,19,2,28,0,4,22,3,7,1,0,24,6,1,4,3,9,0,0,4,7,31,5,0,0,1,8,3,1,5,0,17,1,11,7,11,0,8,0,14,23,0,30,8,12,4,21,9,0,22,8,4,7,5,1,43,14,2,2,31,0,15,19,8,2,18,7,3,4,3,0,0,8,2,19,0,0,39,3
12,5,0,0,2,0,4,3,0,3,19,0,0,27,1,12,0,2,23,15,2,0,3,14,4,13,8,3,3,1,5,4,4,0,2,14,2,0,0,19,0,1,2,11,3,4,8,21,5,11,0,7,5,26,1,30,0,1,7,2,11,7,9,3,10,4,4,3,20,1,4,0,22,9,16,1,1,2,2,4,7,7,1,0,0,1,0,6,1,2,14,0,13,3,1,5,2,29,2,6,12,17,1,14,7,3,3,14,6,2,4,13,16,16,9,6,2,0,1,0,0,3,7,1,3,0,6,0,4,28,7
11,23,9,1,2,0,14,7,0,0,19,1,4,6,6,30,0,1,2,11,15,8,7,7,0,11,1,5,6,0,0,6,0,3,0,14,35,0,0,6,0,3,1,27,20,2,30,4,0,7,1,4,7,8,0,18,3,0,6,3,18,2,2,10,4,2,18,1,6,2,0,2,46,7,10,0,0,1,21,1,4,0,1,11,1,0,0,1,0,5,23,13,0,2,4,7,11,14,4,23,2,8,2,1,2,0,0,36,17,0,2,17,2,21,11,11,0,0,1,26,11,0,0,1,22,0,19,6,6,4,49
4,0,0,0,0,0,2,0,0,2,0,1,0,3,0,0,5,4,6,1,1,6,0,12,5,1,16,6,2,8,3,17,2,4,5,4,4,0,5,0,1,2,12,0,0,5,0,0,12,0,4,16,3,0,14,0,16,0,0,14,0,13,7,0,6,2,1,0,12,5,6,3,0,0,1,18,12,3,14,9,46,2,3,0,0,0,0,3,10,0,0,3,2,0,0,13,15,0,5,1,29,4,5,0,0,6,15,0,0,2,8,1,6,0,1,0,2,1,8,0,4,1,4,23,3,3,0,2,0,0,2
4,7,0,3,13,0,22,4,15,0,5,3,7,13,8,4,0,12,9,1,0,1,1,24,0,0,7,0,1,0,6,20,5,2,0,2,5,0,0,1,4,0,3,22,0,1,5,0,0,0,0,0,7,3,4,1,20,6,16,1,2,0,0,11,5,10,2,6,0,0,0,3,0,23,1,1,0,3,0,3,13,0,0,8,3,11,2,14,2,3,30,1,4,0,0,8,4,0,19,4,0,0,1,0,23,4,1,1,1,0,0,18,0,14,2,5,2,8,9,1,11,12,0,0,12,1,8,1,0,12,12
1,6,4,1,15,0,13,4,0,0,28,8,12,6,21,14,3,6,1,4,16,0,12,7,0,18,8,8,16,0,0,28,0,3,0,17,8,0,0,1,0,9,1,10,3,2,7,4,9,1,0,2,34,34,0,11,2,14,6,0,5,3,1,9,24,1,2,4,2,0,0,1,15,12,5,6,1,0,14,2,13,0,3,15,1,1,6,3,0,1,8,5,7,13,8,0,4,13,10,18,12,2,2,1,1,7,2,9,5,1,0,17,0,30,4,15,1,2,4,3,2,7,1,4,6,0,22,0,15,31,3
2,2,0,0,3,0,6,5,0,6,5,1,5,1,10,1,4,3,0,10,4,2,0,15,1,0,3,1,12,3,0,18,7,5,3,3,2,0,3,0,2,5,7,2,0,11,3,0,3,3,1,1,2,0,8,10,1,3,0,12,9,14,0,0,9,16,1,4,12,16,0,7,0,2,12,7,2,2,0,2,10,1,4,3,0,4,0,7,1,12,12,2,11,15,4,4,0,3,5,2,3,9,18,3,1,3,6,7,5,1,4,4,3,4,2,3,5,1,2,0,22,0,6,0,3,0,1,6,3,14,4
2,30,6,0,7,0,9,1,0,0,36,0,0,1,3,22,0,3,8,17,3,0,31,5,0,17,3,7,0,0,6,24,0,2,1,24,22,0,1,6,1,1,0,4,15,0,61,6,0,7,0,0,5,22,1,13,1,17,2,0,14,3,0,32,1,1,13,0,8,3,0,0,28,0,15,1,0,0,6,2,8,0,0,6,4,6,0,1,0,26,4,29,14,0,0,13,3,0,5,31,7,3,2,5,7,5,1,13,4,0,0,27,1,39,22,10,0,0,4,13,4,1,2,0,1,0,4,0,5,14,0
10,4,4,2,3,0,10,8,7,1,11,4,0,7,5,4,1,1,7,4,2,18,2,17,0,1,16,8,1,2,0,20,6,5,1,17,15,0,1,0,6,2,1,5,0,15,1,1,2,6,1,0,1,16,3,4,3,0,5,6,5,3,0,2,4,4,5,1,1,9,0,2,1,2,12,0,0,1,5,8,2,0,27,6,7,1,1,4,1,32,21,2,4,5,19,10,5,5,0,3,3,5,2,8,3,16,1,11,7,0,3,7,0,17,0,4,4,3,4,1,24,7,1,0,19,0,7,11,4,13,0
3,20,1,0,29,0,14,4,0,4,17,7,3,11,2,10,1,4,5,7,5,0,4,6,2,15,3,4,17,1,2,5,7,1,2,55,20,0,2,5,4,2,1,7,4,0,22,5,0,4,0,11,10,5,5,5,4,2,10,2,6,1,3,13,4,2,35,4,8,1,1,5,10,4,29,2,0,0,8,9,1,0,3,5,0,0,1,3,2,13,9,6,23,1,4,18,2,31,3,0,11,5,1,2,2,6,1,10,8,1,0,13,2,32,10,15,2,3,0,33,4,1,0,0,4,0,9,3,6,31,5
5,0,1,0,1,0,8,2,0,2,15,13,0,23,0,3,5,3,9,2,17,1,4,12,13,9,13,10,45,6,9,35,13,0,1,12,2,0,11,5,0,2,0,9,12,16,18,3,4,0,0,10,8,14,26,13,1,4,3,1,1,26,0,0,0,0,10,0,36,7,0,3,0,3,8,12,4,0,11,8,24,2,0,0,0,0,0,0,28,0,0,12,2,29,0,12,3,7,3,11,0,17,0,12,2,8,7,4,0,6,8,1,18,7,2,0,0,0,18,0,0,0,5,0,11,0,3,0,36,2,1
4,6,0,0,5,0,11,10,1,1,6,1,3,14,12,2,5,2,12,1,4,5,1,4,0,4,0,6,10,0,2,7,3,2,1,9,3,0,3,5,7,3,4,23,5,5,16,12,0,1,0,16,4,7,3,10,1,6,5,4,3,1,2,8,11,25,4,3,7,0,0,5,17,2,23,2,0,0,1,0,4,0,0,3,4,2,0,2,0,0,22,17,8,4,0,2,9,3,5,5,17,0,1,0,4,3,0,9,7,0,0,1,1,18,3,8,0,4,5,2,13,0,0,0,4,0,11,0,4,22,2
6,1,0,3,3,0,2,3,10,11,0,7,3,1,2,1,6,4,0,1,1,3,0,22,0,0,4,0,2,4,2,3,15,15,9,0,0,10,8,0,4,1,18,0,0,8,2,0,15,1,6,2,1,0,26,0,13,0,1,10,2,11,0,0,1,4,1,12,1,5,0,10,0,3,0,19,7,10,4,13,6,5,17,2,13,8,2,8,24,6,8,1,2,5,1,2,18,2,2,1,0,1,0,3,1,4,9,1,1,1,10,0,2,0,1,2,14,1,3,1,2,4,18,0,4,6,2,11,0,2,1
15,16,0,5,11,0,16,11,0,1,4,14,8,0,13,0,2,5,14,6,0,2,1,7,0,6,3,7,3,0,5,1,5,7,1,5,46,0,3,13,0,1,4,29,0,5,4,10,0,4,1,2,5,4,0,20,4,8,3,3,11,1,0,1,12,9,51,4,30,6,0,3,5,3,12,4,0,3,1,6,3,0,2,2,2,4,0,1,0,5,4,14,1,0,0,1,3,5,8,2,12,0,3,0,1,4,0,13,5,0,2,19,3,34,12,7,2,1,1,28,9,18,1,0,15,0,23,0,12,8,1
16,10,0,0,17,0,13,8,2,2,5,4,15,5,2,2,0,5,0,1,1,3,0,24,0,0,0,1,0,1,2,10,1,0,0,1,26,0,1,10,3,8,2,14,0,3,0,4,0,8,1,3,4,3,1,10,2,14,2,2,4,6,0,9,5,10,5,6,4,1,0,0,8,2,2,0,0,2,5,3,0,0,5,2,1,8,0,3,0,17,7,7,2,0,23,1,1,7,3,2,2,4,1,1,0,6,1,6,3,0,0,3,0,3,1,5,0,21,3,6,9,5,6,0,10,1,7,1,22,15,8
7,4,0,0,15,0,4,13,3,8,6,5,3,8,12,5,0,8,14,4,3,13,3,12,6,1,0,6,9,1,1,2,13,6,5,1,10,0,4,4,5,6,3,6,0,3,1,0,7,15,4,0,1,4,4,4,5,2,0,7,1,6,0,7,19,1,9,0,0,4,0,3,2,5,14,0,0,2,9,17,5,0,3,7,2,5,1,2,0,1,5,3,0,6,4,7,3,5,16,6,8,3,4,4,6,0,1,6,3,1,4,8,6,15,0,23,12,0,2,4,8,7,2,0,2,2,1,1,2,23,8
0,1,0,5,2,0,0,5,9,13,0,1,2,1,1,0,30,1,4,0,1,4,2,2,12,0,11,3,7,7,5,0,10,3,8,0,2,1,4,1,15,4,10,4,0,12,0,0,21,3,2,3,0,0,9,1,29,10,0,15,2,12,1,0,4,1,4,5,1,4,0,5,0,7,4,6,8,1,4,11,21,3,11,0,2,3,8,7,11,0,1,3,0,15,1,2,6,1,1,1,7,0,9,0,1,1,0,0,0,4,26,1,4,2,0,0,9,3,7,0,5,6,16,0,5,2,3,3,0,3,0
6,6,26,0,11,0,7,4,0,0,18,1,0,6,13,20,0,5,4,24,14,2,4,7,0,59,2,9,0,0,0,4,0,4,2,21,3,0,1,16,2,1,0,19,32,3,21,6,1,10,0,0,1,27,0,14,0,1,10,1,2,1,5,8,1,3,13,2,1,0,0,1,5,5,9,0,0,0,16,0,2,0,0,5,1,1,0,2,0,2,43,14,36,0,1,9,7,13,11,10,4,9,1,13,6,6,0,0,10,1,0,9,0,28,5,28,0,0,1,20,12,18,0,23,3,0,10,0,7,37,11
16,25,0,0,15,0,13,8,1,3,9,0,1,7,18,24,0,3,2,5,16,6,13,8,0,4,0,5,0,0,3,5,3,1,0,5,33,0,0,2,0,0,0,7,0,9,8,2,0,19,0,0,5,5,0,21,0,4,6,0,2,0,0,7,11,8,21,5,0,0,0,1,1,5,23,0,0,0,9,1,0,2,4,3,0,6,3,2,0,6,14,6,17,0,1,5,5,4,7,8,0,7,1,5,3,3,0,10,0,0,0,17,0,18,1,5,0,0,1,39,2,4,0,0,17,0,5,2,4,46,4
8,0,0,3,2,1,3,5,6,20,0,6,2,2,5,0,4,10,1,0,1,8,2,17,0,0,1,1,1,14,5,3,17,12,2,1,1,6,6,0,2,9,6,3,0,16,0,1,6,1,1,0,0,1,29,2,10,9,0,14,0,4,0,0,19,0,3,6,5,1,4,9,1,1,9,1,3,2,0,9,2,3,4,1,5,17,2,7,2,2,2,2,0,2,0,1,1,0,0,1,6,0,1,0,0,1,4,1,0,0,6,1,2,0,5,5,8,4,2,0,5,1,11,0,8,2,3,7,4,1,0
0,0,0,0,0,0,0,4,0,2,0,1,0,0,0,0,33,0,1,0,0,7,0,4,2,0,11,2,5,15,2,0,25,3,6,1,1,0,7,0,2,5,13,0,0,5,0,0,34,0,0,2,0,1,34,0,15,0,0,25,0,31,0,0,6,2,4,2,10,5,0,5,0,3,9,18,17,5,2,10,29,11,4,0,0,0,0,3,10,0,2,4,2,8,0,0,4,0,3,0,8,0,10,2,0,4,26,0,0,6,0,0,3,2,0,1,23,0,2,0,0,12,4,0,3,13,0,1,0,1,1
25,35,1,0,31,0,21,18,0,0,26,0,10,15,7,18,2,8,7,19,10,0,6,26,1,11,4,7,1,1,0,4,0,4,2,6,27,0,2,9,0,16,2,45,5,4,13,11,0,14,0,21,19,21,2,32,0,7,15,3,12,20,0,12,60,4,22,8,11,1,0,2,16,30,25,0,0,0,8,2,4,0,1,14,5,3,0,10,0,9,31,13,17,1,18,17,4,27,7,13,1,1,0,19,3,8,1,9,17,1,0,0,1,86,21,6,2,1,7,56,5,16,0,0,23,0,28,1,9,20,15
4,0,3,0,0,0,0,1,0,12,0,9,2,8,0,0,3,0,0,0,6,19,0,15,2,1,10,3,11,3,1,3,13,2,3,4,0,0,4,0,1,0,10,0,0,4,0,2,19,0,4,3,8,1,19,1,4,0,0,7,1,26,0,0,1,2,5,9,8,6,0,0,0,2,15,21,3,10,4,11,37,4,0,0,0,5,0,3,16,0,0,16,2,6,0,0,3,1,0,2,18,1,2,3,0,6,4,0,0,2,3,1,0,7,2,0,7,0,6,0,0,0,1,0,6,3,0,4,0,3,0
13,28,0,2,11,0,34,9,1,1,30,1,4,7,17,28,3,8,14,16,5,4,15,7,0,1,3,18,1,0,1,6,3,3,1,12,85,0,1,5,1,1,1,20,0,3,10,12,0,11,1,5,16,19,0,63,0,6,6,0,10,2,1,15,18,12,50,6,12,0,0,1,42,6,22,1,0,0,27,0,8,0,0,5,0,4,0,1,0,7,15,16,21,0,14,30,4,39,17,32,7,18,0,34,3,15,2,28,18,0,2,86,7,0,12,35,2,5,7,87,10,18,0,2,18,0,18,2,20,34,11
18,12,1,0,0,0,0,2,0,0,33,2,1,2,6,3,2,0,4,12,2,0,4,2,0,15,1,4,1,0,3,2,0,6,0,12,8,0,2,6,1,3,2,13,0,1,13,3,0,16,0,10,9,10,3,25,1,0,13,0,14,6,0,12,12,1,17,1,9,0,1,5,27,14,3,0,0,0,2,0,1,0,1,3,0,3,0,3,0,11,19,9,11,1,2,4,2,22,0,10,2,3,1,12,1,0,0,5,1,5,0,21,2,12,0,6,0,2,3,9,1,8,1,0,2,0,9,1,4,19,2
11,3,0,1,8,0,4,6,14,4,4,4,6,5,16,3,0,1,11,2,9,2,0,2,0,2,2,8,0,0,0,6,17,7,2,3,25,0,0,0,2,3,6,10,0,4,10,11,0,4,0,2,2,3,1,7,9,6,2,3,7,0,0,12,33,0,11,10,0,1,0,2,1,0,28,0,0,1,7,3,1,0,2,4,2,6,0,3,0,2,8,6,11,0,5,15,3,10,4,15,0,8,2,7,5,23,0,28,5,5,1,6,0,35,6,0,0,0,9,8,12,9,10,0,4,0,3,1,27,19,2
2,0,0,1,0,0,1,5,3,21,0,8,0,1,3,3,29,5,3,1,1,21,0,11,0,0,2,0,0,21,3,5,12,6,25,0,4,1,14,2,2,15,28,4,0,24,0,1,24,0,8,3,0,0,14,0,15,5,0,31,0,7,0,0,21,5,0,7,1,13,0,35,0,2,7,3,2,6,0,17,3,3,9,1,5,5,0,24,1,1,2,2,0,2,2,1,5,0,4,2,0,0,14,2,0,12,9,0,0,8,23,2,7,2,0,0,0,1,4,0,7,1,16,0,37,8,0,26,1,2,0
3,4,0,14,1,0,4,1,0,6,9,5,4,7,4,0,0,3,1,0,2,11,0,10,0,0,1,0,0,1,3,15,5,2,0,0,2,2,0,0,2,7,4,4,0,4,1,1,0,7,4,0,0,5,4,6,6,8,5,2,0,0,0,4,0,2,0,6,10,0,0,3,1,3,5,0,0,0,2,1,1,0,1,2,3,0,7,2,0,5,18,0,0,1,8,2,1,0,3,3,0,4,1,1,21,0,3,0,0,4,0,1,0,5,2,0,1,0,16,0,1,1,5,0,0,0,1,3,12,11,0
2,0,0,8,1,0,5,3,3,0,9,4,1,4,5,1,5,14,1,1,0,12,1,3,3,3,6,2,6,6,3,29,7,1,0,3,7,0,2,1,0,5,2,10,0,4,1,0,4,4,4,0,2,0,13,1,11,14,0,11,1,2,0,0,9,5,1,12,13,7,0,10,0,4,1,1,4,3,1,4,5,1,9,3,0,12,5,7,0,0,7,1,1,8,9,4,2,4,4,0,18,5,3,1,3,2,7,1,1,2,2,7,6,7,3,9,4,16,0,1,7,9,3,0,2,0,1,6,0,11,1
19,25,3,0,4,0,1,4,0,0,12,0,9,4,10,39,2,7,0,1,13,1,23,16,0,13,0,0,0,0,1,5,2,2,1,3,102,0,0,10,0,2,0,15,0,0,11,8,0,11,0,0,1,18,0,38,0,2,3,0,5,0,0,19,13,3,48,1,5,0,0,0,8,3,5,0,0,0,4,0,0,0,0,3,0,3,0,2,0,0,3,0,26,0,1,3,0,13,1,33,0,2,1,28,6,4,0,20,39,0,0,56,0,87,9,8,0,0,1,0,0,9,0,0,18,0,5,0,5,46,12
21,8,5,0,3,0,12,13,17,10,6,1,7,0,7,3,3,13,1,22,7,5,2,35,1,0,5,0,0,0,1,13,15,25,6,9,33,2,4,3,3,17,5,1,0,13,0,3,1,8,2,13,3,3,3,11,8,15,1,5,6,0,0,2,32,17,3,0,10,5,0,1,7,0,3,0,2,0,0,4,1,0,3,1,7,10,2,5,0,5,4,0,11,4,11,2,22,4,24,4,0,13,2,9,9,8,5,12,2,5,0,5,0,10,1,12,7,1,7,0,0,13,3,0,11,0,3,6,5,8,0
8,3,0,6,13,0,20,3,10,2,3,0,6,0,25,3,1,4,8,3,4,0,1,9,0,8,12,0,5,0,0,8,9,1,2,3,5,1,2,3,1,17,4,3,0,4,3,2,8,4,0,0,0,8,6,9,0,7,8,9,1,6,0,2,21,4,24,17,8,0,0,1,0,6,5,0,0,0,1,5,5,2,3,9,0,5,0,7,1,9,3,3,0,1,12,7,0,1,7,1,0,0,4,18,5,7,6,18,4,1,12,16,0,18,8,9,1,1,9,9,13,0,13,0,4,0,9,0,4,14,0
1,0,0,2,3,0,2,0,1,25,0,3,0,0,0,0,23,6,0,0,1,10,1,2,13,0,9,1,2,10,1,6,29,2,9,0,2,0,20,1,1,9,13,1,0,5,0,0,10,0,0,2,1,0,10,0,5,12,0,12,0,8,0,0,1,2,0,3,6,22,0,15,0,1,5,5,2,8,0,9,13,6,7,0,0,3,0,4,8,1,0,7,0,4,0,1,6,2,1,0,5,0,18,1,6,2,16,0,0,11,4,0,1,0,1,10,16,5,3,0,3,13,0,0,2,14,0,8,0,0,0
7,0,28,0,0,0,0,0,0,0,11,0,0,0,0,0,0,3,0,4,0,0,0,0,0,3,1,0,0,0,0,0,0,0,0,28,0,0,0,11,0,0,0,0,26,0,3,5,0,0,0,0,0,26,0,0,0,0,27,0,0,0,37,0,0,0,0,0,0,0,0,0,16,0,0,0,0,0,0,0,37,0,0,0,0,0,0,0,0,0,0,1,1,23,0,4,0,0,0,0,0,0,0,0,0,0,0,23,0,0,0,0,0,2,0,0,0,0,0,0,0,0,0,0,0,0,0,0,0,0,0
8,2,1,0,4,0,3,28,0,19,5,0,13,7,31,12,12,8,0,3,9,5,8,26,0,2,8,11,2,4,1,5,14,0,17,2,49,0,24,2,13,29,6,9,0,13,0,4,40,0,0,5,8,12,13,0,10,10,4,8,9,21,2,6,8,22,24,10,16,23,0,11,4,7,35,3,0,4,13,14,17,0,6,11,0,4,0,18,1,3,8,3,22,3,12,6,3,1,19,4,11,4,4,15,10,2,5,3,17,8,3,23,6,18,2,4,37,0,2,18,11,4,2,0,0,13,9,5,2,7,8
0,0,0,2,0,35,0,0,0,6,0,1,0,0,0,0,13,0,0,0,0,4,0,4,8,0,5,0,0,15,0,0,7,3,27,0,0,35,19,0,6,0,14,0,0,5,0,0,4,0,0,1,0,0,15,0,4,0,0,4,0,18,0,0,0,0,0,1,0,6,43,18,0,0,0,4,14,14,0,8,9,11,9,0,0,1,0,5,12,0,2,0,0,3,1,0,0,0,0,0,0,0,6,0,1,2,2,0,0,2,13,0,3,0,0,0,8,0,0,0,0,0,14,0,13,0,0,7,0,0,0
13,16,2,0,10,0,13,8,0,3,5,6,20,2,21,21,3,0,3,18,0,3,4,20,0,7,4,0,0,0,9,2,1,3,0,2,7,0,0,3,1,1,3,28,0,1,25,8,1,22,0,3,7,0,2,9,1,8,8,2,19,4,0,4,10,11,17,0,16,0,0,0,23,14,9,0,0,2,0,1,13,0,0,12,0,2,4,0,0,8,19,6,19,0,8,22,1,4,7,9,3,11,2,23,7,1,3,10,5,3,0,28,0,18,9,3,0,1,1,5,3,9,0,0,9,0,0,7,11,19,1
10,0,0,11,1,0,1,0,13,14,0,0,1,1,2,0,4,3,0,7,4,7,0,17,0,0,2,0,0,9,12,7,15,8,5,0,3,1,1,0,2,5,8,1,1,14,0,0,6,1,4,3,1,4,4,0,3,3,1,14,1,1,0,0,0,1,1,0,0,2,0,10,1,2,5,0,0,1,3,21,0,0,5,0,3,5,11,9,0,0,0,0,6,2,1,0,6,0,11,3,0,0,11,0,1,1,3,0,2,7,1,1,4,2,1,1,26,3,6,0,6,0,8,0,5,7,7,0,0,0,0
1,0,1,0,6,0,8,1,0,1,5,4,5,2,6,4,0,0,2,17,3,8,2,1,0,2,3,42,9,0,1,2,3,1,0,2,6,0,0,0,0,2,1,0,2,1,8,2,0,9,0,2,11,5,2,13,0,8,0,0,1,19,0,1,2,0,8,0,40,0,0,0,3,0,2,1,0,0,2,1,0,0,2,0,0,11,0,0,0,9,0,4,6,0,0,15,3,5,4,6,36,4,0,12,22,2,0,7,4,4,0,9,0,20,4,27,1,12,0,5,5,4,0,0,2,0,11,0,0,1,0
34,18,0,3,39,0,15,13,3,8,30,0,8,16,43,40,0,2,6,2,18,3,18,14,0,12,1,30,1,1,1,6,6,4,0,3,10,0,5,23,3,4,4,66,0,8,12,13,0,23,3,0,6,23,10,36,1,8,14,5,12,0,0,48,19,11,23,10,2,20,0,10,26,3,39,0,0,0,7,2,0,0,9,6,1,9,7,8,0,2,39,28,4,0,12,31,14,14,13,31,2,22,2,8,15,23,3,37,46,1,1,20,3,34,19,19,2,11,11,46,8,14,0,0,7,0,19,0,1,0,16
6,6,4,0,0,0,3,11,0,1,10,0,15,2,4,2,0,3,10,0,6,3,10,5,0,10,0,0,0,0,0,6,4,5,0,4,12,3,0,5,2,2,2,5,5,1,4,13,3,2,0,1,4,3,1,0,0,9,2,0,6,2,2,8,1,2,1,1,1,0,0,2,21,4,4,0,0,0,11,1,2,0,1,5,0,1,0,3,0,5,3,7,49,2,12,3,4,0,0,5,1,2,1,1,8,8,0,11,4,0,1,15,0,11,2,2,0,0,1,12,0,0,0,0,8,0,1,0,0,16,0
